1478825028.0 100 0.00	1001.18	27.62	63.13	0.00	216.20	6.70	0.00	309.21	0.00	-0.00	-0.00
1478825029.0 100 0.00	1001.18	27.62	63.92	0.00	219.96	7.21	0.00	309.27	0.00	-0.00	-0.00
1478825031.0 100 0.00	1000.32	27.80	63.92	0.00	217.45	8.08	391.65	309.21	0.00	-0.00	-0.00
1478825032.0 100 0.00	1001.18	27.62	62.82	0.00	218.70	11.09	0.00	309.21	473.68	-0.00	-0.00
1478825034.0 100 0.00	999.92	27.62	63.77	0.00	221.22	8.81	0.00	309.32	0.00	-0.00	-0.00
1478825036.0 100 0.00	1000.7.43	40	0	2177.67.65.32	0.000	-0
1478825039.0 100 0.00	1001.18	27.62	64.24	0.00	218.70	8.08	0.00	309.27	0.00	-0.00	-0.00
1478825041.0 100 0.00	1000.32	27.80	60.60	0.00	217.45	7.67	0.00	309.21	0.00	-0.00	-0.00
1478825042.0 100 0.00	1001.18	27.62	62.82	0.00	217.45	8.46	0.00	309.43	344.01	-0.00	-0.00
1478825044.0 100 0.00	1001.18	27.62	64.87	0.00	216.20	7.21	0.00	309.32	0.00	-0.00	-0.00
1478825046.0 100 0.00	1000.78	27.43	64.24	0.00	219.96	8.08	0.00	309.38	0.00	-0.00	-0.00
1478825048.0 100 0.00	100	27.7.91	0221..460	32	344.0100	-
1478825050.0 100 0.00	1000.78	27.43	64.24	0.00	217.45	6.12	0.00	309.27	0.00	-0.00	-0.00
1478825051.0 100 0.00	1000.78	27.43	63.77	0.00	216.20	7.21	0.00	309.55	0.00	-0.00	-0.00
1478825054.0 100 0.00	1000.78	27.43	64.08	0.00	222.49	5.45	0.00	309.38	0.00	-0.00	-0.00
1478825055.0 100 0.00	1001.18	27.62	64.08	0.00	218.70	6.12	0.00	309.27	0.00	-0.00	-0.00
1478825057.0 100 0.00	999.52	27.43	64.24	0.00	217.45	9.43	0.00	309.21	473.68	-0.00	-0.00
1478825059.0 100 0.00	999.52.43	.00	219.5	0.309..00.00	0
1478825061.0 100 0.00	1001.58	27.80	62.82	0.00	216.20	8.81	0.00	309.43	0.00	-0.00	-0.00
1478825063.0 100 0.00	1001.18	27.62	59.65	0.00	218.70	6.12	0.00	309.60	344.01	-0.00	-0.00
1478825066.0 100 0.00	1001.18	27.62	64.08	0.00	217.45	5.45	0.00	309.21	0.00	-0.00	-0.00
1478825067.0 100 0.00	1000.78	27.43	62.50	0.00	217.45	9.43	0.00	309.21	0.00	-0.00	-0.00
1478825070.0 100 0.00	999.52	27.4.40	0214.0.600	21	301	-	-0.0.001.1862	6	0.04.913		309.210.0000
1478825072.0 100 0.00	1000.78	27.43	63.61	0.00	222.49	8.08	0.00	309.27	0.00	-0.00	-0.00
1478825074.0 100 0.00	999.92	27.62	63.92	0.00	221.22	10.68	0.00	309.27	0.00	-0.00	-0.00
1478825077.0 100 0.00	1000.32	27.80	59.81	0.00	216.20	6.70	0.00	309.43	473.68	-0.00	-0.00
1478825078.0 100 0.00	1001.18	27.62	64.40	0.00	219.96	6.70	0.00	309.15	473.68	-0.00	-0.00
1478825078.0 100 0.00	999.52	27.43	64.40	0.00	216.20	4.66	0.00	309.55	0.00	-0.00	-0.00
1478825080.0 100 0.00	999.52	27.43	64.56	0.00	219.96	3.69	0.00	309.32	0.00	-0.00	-0.00
1478825081.0 100 0.00	999.52	27.43	64.08	0.00	216.20	6.70	0.00	309.21	0.00	-0.00	-0.00
1478825082.0 100 0.00	999.92	27.62	63.92	0.00	218.70	6.70	0.00	309.55	0.00	-0.00	-0.00
1478825083.0 100 0.00	1002.04	27.43	64.24	0.00	225.04	8.46	0.00	309.43	0.00	-0.00	-0.00
1478825084.0 100 0.00	999.52	27.43	64.56	0.00	222.49	4.66	0.00	309.66	0.00	-0.00	-0.00
1478825085.0 100 0.00	999.92	27.62	64.24	0.00	218.70	11.09	0.00	309.15	0.00	-0.00	-0.00
1478825086.0 100 0.00	1001.18	27.62	65.19	0.00	222.49	9.43	0.00	309.38	473.68	-0.00	-0.00
1478825087.0 100 0.00	998.66	27.62	64.08	0.00	218.70	7.67	0.00	309.10	0.00	-0.00	-0.00
1478825088.0 100 0.00	1000.78	27.43	64.24	0.00	216.20	7.21	0.00	309.21	0.00	-0.00	-0.00
1478825089.0 100 0.00	1001.58	27.80	64.08	0.00	216.20	7.67	0.00	309.32	0.00	-0.00	-0.00
1478825090.0 100 0.00	999.92	27.62	64.24	0.00	219.96	11.28	0.00	309.21	0.00	-0.00	-0.00
1478825091.0 100 0.00	1001.18	27.62	64.24	0.00	217.45	7.67	0.00	309.38	0.00	-0.00	-0.00
1478825092.0 100 8	2764.500	272		0	35	0.0.0000
1478825093.0 100 0.00	1001.1.62	6	0.13.4.660.009.100	-	-0.0.00	1001.18	27.62	64.40	0.00	221.22	7.21	0.00	309.32	473.68	-0.00	-0.00
1478825094.0 100 0.00	1000.32	27.80	64.40	0.00	221.22	3.69	0.00	309.49	0.00	-0.00	-0.00
1478825095.0 100 0.00	999.92	27.62	63.92	0.00	217.45	4.66	0.00	309.27	473.68	-0.00	-0.00
1478825096.0 100 0.00	999.52	27.43	64.08	0.00	217.45	4.66	0.00	309.43	0.00	-0.00	-0.00
1478825097.0 100 0.00	1000.78	27.43	64.24	0.00	216.20	5.45	0.00	309.32	0.00	-0.00	-0.00
1478825099.0 100 0.00	1001.18	27.62	64.40	0.00	217.45	10.45	0.00	309.27	473.68	-0.00	-0.00
1478825100.0 100 0.00	1001.58	27.80	63.77	0.00	214.96	4.66	0.00	309.21	0.00	-0.00	-0.00
1478825101.0 100 0.00	999.92	27.62	64.24	0.00	221.22	7.21	0.00	309.55	0.00	-0.00	-0.00
1478825102.0 100 0.00	999.52	27.43	64.08	0.00	219.96	6.70	0.00	309.38	473.68	-0.00	-0.00
1478825103.0 100 2	27.80	64.72	0.00	214.96	8.46	0.00	309.21	473.68	-0.00	-0.00
1478825104.0 100 0.00	1001.18	27.62	64.40	0.00	219.96	8.46	0.00	309.15	344.01	-0.00	-0.00
1478825106.0 100 0.00	1000.78	27.43	64.08	0.00	219.96	8.46	0.00	309.32	0.00	-0.00	-0.00
1478825107.0 100 0.00	1001.58	27.80	64.08	0.00	219.96	8.81	0.00	309.32	0.00	-0.00	-0.00
1478825109.0 100 0.00	999.52	27.43	64.24	0.00	217.45	11.47	0.00	309.27	473.68	-0.00	-0.00
1478825110.0 100 0.00	1000.32	27.80	64.40	0.00	218.70	6.12	0.00	309.21	473.68	-0.00	-0.00
1478825111.0 100 0.00	999.92	27.62	63.77	0.00	221.22	9.13	0.00	309.15	473.68	-0.00	-0.00
1478825113.0 100 0.00	999.92	27.62	64.40	0.00	216.20	9.97	0.00	309.15	0.00	-0.00	-0.00
1478825114.0 100 0.00	1001.18	27.62	63.92	0.00	221.22	11.09	368.61	309.32	0.00	-0.00	-0.00
1478825115.0 100 0.00	1002.44	27.62	62.18	0.00	218.70	8.81	391.65	309.27	473.68	-0.00	-0.00
1478825116.0 100 0.00	1001.18	27.62	64.24	0.00	218.70	9.43	0.00	309.21	0.00	-0.00	-0.00
1478825117.0 100 0.00	1001.18	27.62	64.40	0.00	222.49	7.67	46.08	309.32	473.68	-0.00	-0.00
1478825118.0 100 0.00	1001.18	27.62	63.92	0.00	216.20	9.43	0.00	309.27	0.00	-0.00	-0.00
1478825119.0 100 0.00	999.92	27.62	63.61	0.00	216.20	10.45	391.65	309.38	473.68	-0.00	-0.00
1478825121.0 100 -0.12	1001.18	27.62	64.56	0.00	217.45	9.43	69.11	309.10	473.68	-0.00	-0.00
1478825122.0 100 -526909408.00	1000.32	27.80	64.24	0.00	217.45	7.67	391.65	309.38	0.00	0.74	0.00
1478825123.0 100 -526909408.00	999.92	27.62	64.40	0.00	216.20	7.21	0.00	309.21	0.00	0.74	0.00
1478825124.0 100 -526909408.00	999.92	27.62	63.61	0.00	213.72	8.08	0.00	309.15	473.68	0.74	0.00
1478825126.0 100 -526909408.00	1001.18	27.62	62.82	0.00	214.96	9.13	184.31	309.21	344.01	0.74	0.00
1478825127.0 100 -526909408.00	1000.78	27.43	63.77	0.00	214.96	10.68	0.00	309.32	344.01	0.74	0.00
1478825130.0 100 0.00	1000.78	27.43	63.92	0.00	218.70	8.81	0.00	309.15	473.68	-0.00	0.00
1478825131.0 100 0.00	999.92	27.62	64.40	0.00	216.20	2.44	0.00	309.55	0.00	-0.00	0.00
1478825132.0 100 0.00	999.52	27.43	64.40	0.00	223.76	9.13	0.00	309.21	473.68	-0.00	0.00
1478825133.0 100 0.00	1001.18	27.62	63.92	0.00	216.20	8.08	2.88	309.43	473.68	-0.00	0.00
1478825135.0 100 -0.00	1001.58	27.80	63.61	0.00	214.96	5.45	391.65	309.43	344.01	0.00	0.00
1478825136.0 100 -0.00	999.92	27.62	64.08	0.00	219.96	3.69	391.65	309.43	0.00	-0.96	1.97
