# Name = UIS1
# Version = 1.0
# Location = Universidad Industrial de Santander
# Sensors = Presion, Temperatura, Humedad, Irradiancia, Iluminancia, Ruido, LLuvia, CO2, NO2, Latitud, Longitud, Nubosidad
# Power = Red
# GPS = si
# Time Zone = UTC-5
# Data = UTCtime GPStime Presion Temperatura Humedad Irradiancia Iluminancia  Ruido Lluvia CO2 NO2 Latitud Longitud Nubosidad 
1468731600.0 100 170042.23	997.33	18.27	90.35	0.00	230.18	10.22	-666.00	309.60	473.68	708.35	7307.28
1468731601.0 100 170042.23	997.33	18.27	90.51	0.00	230.18	12.44	-666.00	309.77	0.00	708.35	7307.28
1468731602.0 100 170042.23	997.74	18.46	88.61	0.00	230.18	11.98	-666.00	309.94	344.01	708.35	7307.28
1468731603.0 100 170042.23	997.33	18.27	90.19	0.00	228.89	11.09	-666.00	309.77	285.25	708.35	7307.28
1468731603.0 100 170042.23	997.74	18.46	90.03	0.00	227.60	9.13	-666.00	309.83	0.00	708.35	7307.28
1468731604.0 100 170042.23	997.33	18.27	90.35	0.00	226.32	12.58	-666.00	309.77	0.00	708.35	7307.28
1468731605.0 100 170042.23	997.74	18.46	90.03	0.00	227.60	9.97	-666.00	309.83	0.00	708.35	7307.28
1468731605.0 100 170042.23	997.33	18.27	90.66	0.00	230.18	12.44	-666.00	309.66	0.00	708.35	7307.28
1468731606.0 100 170042.23	997.33	18.27	90.19	0.00	230.18	13.69	-666.00	309.77	473.68	708.35	7307.28
1468731607.0 100 170042.23	996.93	18.08	84.34	0.00	234.09	9.71	-666.00	309.94	473.68	708.35	7307.28
1468731608.0 100 170042.23	996.50	18.46	85.92	0.00	232.78	12.85	-666.00	310.05	0.00	708.35	7307.28
