# Name = UIS1
# Version = 1.0
# Location = Universidad Industrial de Santander
# Sensors = Presion, Temperatura, Humedad, Irradiancia, Iluminancia, Ruido, LLuvia, CO2, NO2, Latitud, Longitud, Nubosidad
# Power = Red
# GPS = si
# Time Zone = UTC-5
# Data = UTCtime GPStime Presion Temperatura Humedad Irradiancia Iluminancia  Ruido Lluvia CO2 NO2 Latitud Longitud Nubosidad 
1468767331.0 45 145452.64	1001.58	27.80	-24.68	821.63	212.48	31.87	-666.00	308.76	127.44	708.31	7307.28
1468767332.0 45 145452.64	1001.98	27.99	-24.68	802.42	203.95	31.70	-666.00	308.70	131.11	708.31	7307.28
1468767333.0 45 145452.64	1001.58	27.80	-24.84	800.67	203.95	31.80	-666.00	308.82	131.11	708.31	7307.28
1468767333.0 45 145452.64	1001.98	27.99	-24.68	805.91	205.15	31.97	-666.00	308.65	131.11	708.31	7307.28
1468767334.0 45 145452.64	1001.58	27.80	-24.84	805.91	205.15	31.86	-666.00	308.93	135.13	708.31	7307.28
1468767335.0 45 145452.64	1001.58	27.80	-24.68	814.64	211.25	31.86	-666.00	308.65	127.44	708.31	7307.28
1468767335.0 45 145452.64	1000.32	27.80	-24.84	804.16	202.74	31.80	-666.00	308.59	135.13	708.31	7307.28
1468767336.0 45 145452.64	1001.58	27.80	-24.68	793.69	201.55	31.81	-666.00	308.54	131.11	708.31	7307.28
1468767337.0 45 145452.64	1001.98	27.99	-24.68	816.39	210.02	31.02	-666.00	308.93	135.13	708.31	7307.28
1468767338.0 45 145452.64	1001.98	27.99	-24.84	812.90	207.58	31.13	-666.00	308.76	135.13	708.31	7307.28
1468767338.0 45 145452.64	1001.58	27.80	-24.84	814.64	210.02	31.36	-666.00	308.70	131.11	708.31	7307.28
1468767339.0 45 145452.64	1000.32	27.80	-24.68	805.91	206.36	31.42	-666.00	308.59	139.56	708.31	7307.28
1468767340.0 44 145452.64	1001.58	27.80	-24.68	812.90	208.80	31.64	-666.00	308.65	135.13	708.31	7307.28
1468767341.0 44 145452.64	1001.98	27.99	-24.84	804.16	205.15	30.97	-666.00	308.70	139.56	708.31	7307.28
1468767341.0 44 145452.64	1001.58	27.80	-24.84	805.91	208.80	30.90	-666.00	308.93	139.56	708.31	7307.28
1468767342.0 44 145452.64	1001.98	27.99	-24.68	800.67	203.95	31.31	-666.00	308.76	135.13	708.31	7307.28
1468767343.0 44 145452.64	1001.58	27.80	-24.68	797.18	201.55	30.84	-666.00	308.82	135.13	708.31	7307.28
1468767344.0 44 145452.64	1001.98	27.99	-24.68	812.90	207.58	30.96	-666.00	308.70	139.56	708.31	7307.28
1468767344.0 44 145452.64	1001.98	27.99	-24.84	798.93	201.55	30.84	-666.00	308.65	139.56	708.31	7307.28
1468767345.0 44 145452.64	1001.58	27.80	-24.68	797.18	202.74	30.90	-666.00	308.65	135.13	708.31	7307.28
1468767346.0 44 145452.64	1001.58	27.80	-24.84	793.69	200.35	31.07	-666.00	308.48	135.13	708.31	7307.28
1468767347.0 44 145452.64	1001.98	27.99	-24.84	791.94	200.35	30.90	-666.00	308.82	139.56	708.31	7307.28
1468767347.0 44 145452.64	1001.58	27.80	-24.68	811.15	207.58	31.19	-666.00	308.48	139.56	708.31	7307.28
1468767348.0 44 145452.64	1001.98	27.99	-24.84	795.43	200.35	30.84	-666.00	308.59	139.56	708.31	7307.28
1468767349.0 44 145452.64	1001.98	27.99	-24.68	791.94	201.55	30.66	-666.00	308.65	144.47	708.31	7307.28
1468767350.0 44 145452.64	1000.32	27.80	-24.84	811.15	208.80	30.22	-666.00	308.65	135.13	708.31	7307.28
1468767350.0 44 145452.64	1001.58	27.80	-24.68	797.18	202.74	30.35	-666.00	308.65	144.47	708.31	7307.28
1468767366.0 46 145452.64	1001.11	28.18	-24.68	798.93	202.74	29.81	-666.00	308.48	149.97	708.31	7307.28
1468767366.0 46 145452.64	1002.37	28.18	-24.68	777.97	194.44	30.78	-666.00	308.25	139.56	708.31	7307.28
1468767367.0 46 145452.64	1002.77	28.36	-24.68	797.18	202.74	29.88	-666.00	308.48	149.97	708.31	7307.28
1468767368.0 46 145452.64	1000.25	28.36	-24.84	793.69	200.35	29.54	-666.00	308.76	156.18	708.31	7307.28
1468767369.0 46 145452.64	1001.91	28.55	-24.68	777.97	195.62	30.47	-666.00	308.20	144.47	708.31	7307.28
1468767369.0 46 145452.64	1001.51	28.36	-25.16	800.67	205.15	28.82	-666.00	308.98	163.26	708.31	7307.28
1468767370.0 46 145452.64	1002.37	28.18	-24.68	814.64	212.48	29.20	-666.00	308.70	156.18	708.31	7307.28
1468767371.0 46 145452.64	1001.91	28.55	-24.68	788.45	199.16	29.48	-666.00	308.42	149.97	708.31	7307.28
1468767372.0 46 145452.64	1003.17	28.55	-24.84	793.69	200.35	29.12	-666.00	308.82	149.97	708.31	7307.28
1468767372.0 46 145452.64	1001.91	28.55	-24.53	793.69	200.35	29.26	-666.00	308.48	149.97	708.31	7307.28
1468767373.0 46 145452.64	1001.51	28.36	-24.68	802.42	202.74	29.55	-666.00	308.48	156.18	708.31	7307.28
1468767374.0 46 145452.64	1001.51	28.36	-25.16	795.43	200.35	28.66	-666.00	308.82	163.26	708.31	7307.28
1468767375.0 46 145452.64	1003.17	28.55	-25.00	816.39	210.02	28.90	-666.00	308.82	156.18	708.31	7307.28
1468767375.0 46 145452.64	1003.17	28.55	-24.68	804.16	205.15	28.36	-666.00	308.42	149.97	708.31	7307.28
1468767376.0 46 145452.64	1002.77	28.36	-24.84	788.45	199.16	28.58	-666.00	308.54	149.97	708.31	7307.28
1468767377.0 46 145452.64	1002.77	28.36	-24.68	797.18	201.55	28.59	-666.00	308.59	156.18	708.31	7307.28
1468767378.0 46 145452.64	1001.51	28.36	-24.68	800.67	201.55	28.74	-666.00	308.48	156.18	708.31	7307.28
1468767378.0 46 145452.64	1001.51	28.36	-24.84	812.90	207.58	28.90	-666.00	308.65	149.97	708.31	7307.28
1468767379.0 46 145452.64	1001.51	28.36	-25.00	800.67	202.74	28.43	-666.00	308.48	156.18	708.31	7307.28
1468767380.0 46 145452.64	1001.91	28.55	-24.84	805.91	203.95	28.67	-666.00	308.59	156.18	708.31	7307.28
1468767380.0 46 145452.64	1000.65	28.55	-24.68	790.19	200.35	28.06	-666.00	308.65	156.18	708.31	7307.28
1468767381.0 46 145452.64	1002.31	28.74	-24.68	807.66	206.36	28.59	-666.00	308.42	156.18	708.31	7307.28
1468767382.0 46 145452.64	1002.31	28.74	-24.68	795.43	201.55	28.66	-666.00	308.48	156.18	708.31	7307.28
1468767383.0 46 145452.64	1001.91	28.55	-25.00	818.13	211.25	27.68	-666.00	308.82	163.26	708.31	7307.28
1468767383.0 46 145452.64	1001.51	28.36	-24.84	805.91	206.36	27.68	-666.00	308.65	163.26	708.31	7307.28
1468767384.0 46 145452.64	1001.91	28.55	-24.84	797.18	203.95	27.69	-666.00	308.76	181.11	708.31	7307.28
1468767385.0 46 145452.64	1001.04	28.74	-24.84	811.15	207.58	27.33	-666.00	308.87	163.26	708.31	7307.28
1468767386.0 46 145452.64	1003.57	28.74	-24.68	812.90	207.58	27.33	-666.00	308.70	171.46	708.31	7307.28
1468767386.0 46 145452.64	1000.65	28.55	-24.84	814.64	208.80	27.32	-666.00	308.70	171.46	708.31	7307.28
1468767387.0 46 145452.64	1002.31	28.74	-24.84	804.16	205.15	27.24	-666.00	308.98	181.11	708.31	7307.28
1468767388.0 46 145452.64	1001.04	28.74	-24.84	823.37	212.48	26.27	-666.00	308.98	171.46	708.31	7307.28
1468767389.0 46 145452.64	1003.17	28.55	-24.68	826.86	211.25	26.19	-666.00	308.76	192.69	708.31	7307.28
1468767389.0 46 145452.64	1002.77	28.36	-25.00	816.39	207.58	26.12	-666.00	308.93	171.46	708.31	7307.28
1468767390.0 46 145452.64	1000.65	28.55	-24.68	807.66	205.15	27.06	-666.00	308.76	181.11	708.31	7307.28
1468767391.0 46 145452.64	1002.31	28.74	-24.84	804.16	203.95	26.45	-666.00	308.70	181.11	708.31	7307.28
1468767392.0 46 145452.64	1001.91	28.55	-25.00	802.42	207.58	26.07	-666.00	308.93	171.46	708.31	7307.28
1468767392.0 46 145452.64	1000.65	28.55	-24.84	816.39	206.36	26.67	-666.00	308.65	181.11	708.31	7307.28
1468767393.0 46 145452.64	1000.65	28.55	-24.68	816.39	206.36	26.78	-666.00	308.59	181.11	708.31	7307.28
1468767394.0 46 145452.64	1000.65	28.55	-24.68	800.67	202.74	26.47	-666.00	308.59	171.46	708.31	7307.28
1468767394.0 46 145452.64	1002.31	28.74	-24.84	797.18	206.36	27.09	-666.00	308.76	171.46	708.31	7307.28
1468767395.0 46 145452.64	1001.04	28.74	-24.68	783.21	195.62	27.51	-666.00	308.25	163.26	708.31	7307.28
1468767396.0 46 145452.64	1002.31	28.74	-25.00	809.40	205.15	26.37	-666.00	308.93	181.11	708.31	7307.28
1468767397.0 46 145452.64	1001.04	28.74	-24.84	811.15	207.58	26.96	-666.00	308.70	181.11	708.31	7307.28
1468767397.0 46 145452.64	1001.04	28.74	-24.84	807.66	207.58	25.77	-666.00	308.54	192.69	708.31	7307.28
1468767398.0 46 145452.64	1001.04	28.74	-24.68	797.18	202.74	25.64	-666.00	308.70	171.46	708.31	7307.28
1468767399.0 46 145452.64	1001.91	28.55	-24.84	802.42	202.74	25.77	-666.00	308.70	181.11	708.31	7307.28
1468767400.0 46 145452.64	1002.31	28.74	-24.68	805.91	206.36	26.07	-666.00	308.70	181.11	708.31	7307.28
1468767400.0 46 145452.64	1002.31	28.74	-24.84	825.12	212.48	26.20	-666.00	308.87	181.11	708.31	7307.28
1468767401.0 46 145452.64	1001.44	28.93	-24.84	807.66	205.15	25.10	-666.00	308.98	192.69	708.31	7307.28
1468767402.0 46 145452.64	1002.31	28.74	-24.68	809.40	206.36	25.78	-666.00	308.65	181.11	708.31	7307.28
1468767403.0 46 145452.64	1001.04	28.74	-24.68	800.67	205.15	26.07	-666.00	308.54	171.46	708.31	7307.28
1468767403.0 46 145452.64	1001.04	28.74	-24.68	790.19	199.16	25.64	-666.00	308.54	171.46	708.31	7307.28
1468767404.0 46 145452.64	1001.04	28.74	-24.68	798.93	202.74	25.95	-666.00	308.48	171.46	708.31	7307.28
1468767405.0 46 145452.64	1001.04	28.74	-24.84	809.40	205.15	24.98	-666.00	308.98	206.97	708.31	7307.28
1468767406.0 46 145452.64	1001.44	28.93	-24.68	798.93	202.74	25.98	-666.00	308.59	181.11	708.31	7307.28
1468767406.0 46 145452.64	1001.04	28.74	-24.68	825.12	211.25	25.71	-666.00	308.65	206.97	708.31	7307.28
1468767407.0 46 145452.64	1001.44	28.93	-24.68	805.91	203.95	25.20	-666.00	308.65	181.11	708.31	7307.28
1468767408.0 46 145452.64	1001.04	28.74	-24.68	811.15	208.80	24.88	-666.00	309.10	192.69	708.31	7307.28
1468767409.0 46 145452.64	1001.04	28.74	-24.68	833.85	211.25	24.77	-666.00	308.87	181.11	708.31	7307.28
1468767409.0 46 145452.64	1001.04	28.74	-24.68	825.12	211.25	23.97	-666.00	308.87	181.11	708.31	7307.28
1468767410.0 46 145452.64	1002.70	28.93	-24.84	814.64	206.36	24.66	-666.00	308.65	206.97	708.31	7307.28
1468767411.0 46 145452.64	1001.04	28.74	-24.68	804.16	202.74	24.73	-666.00	308.76	192.69	708.31	7307.28
1468767411.0 46 145452.64	1002.31	28.74	-24.68	809.40	206.36	24.42	-666.00	308.76	206.97	708.31	7307.28
1468767412.0 46 145452.64	1002.31	28.74	-24.68	823.37	212.48	24.66	-666.00	308.87	192.69	708.31	7307.28
1468767413.0 46 145452.64	1002.70	28.93	-24.68	816.39	208.80	24.49	-666.00	308.70	192.69	708.31	7307.28
1468767414.0 46 145452.64	1001.44	28.93	-25.00	811.15	206.36	23.70	-666.00	309.21	206.97	708.31	7307.28
1468767414.0 46 145452.64	1001.04	28.74	-24.68	821.63	211.25	23.78	-666.00	308.87	181.11	708.31	7307.28
1468767415.0 46 145452.64	1001.04	28.74	-24.84	809.40	205.15	23.58	-666.00	308.70	206.97	708.31	7307.28
1468767416.0 46 145452.64	1002.31	28.74	-25.00	811.15	205.15	23.82	-666.00	308.76	206.97	708.31	7307.28
1468767417.0 46 145452.64	1002.70	28.93	-24.68	807.66	203.95	23.86	-666.00	308.70	206.97	708.31	7307.28
1468767417.0 46 145452.64	1002.31	28.74	-24.84	809.40	206.36	23.01	-666.00	309.15	192.69	708.31	7307.28
1468767418.0 46 145452.64	1002.31	28.74	-24.84	830.35	212.48	23.43	-666.00	308.70	206.97	708.31	7307.28
1468767419.0 45 145452.64	1002.70	28.93	-24.84	826.86	212.48	24.21	-666.00	308.65	206.97	708.31	7307.28
1468767420.0 45 145452.64	1001.84	29.11	-24.68	809.40	207.58	23.99	-666.00	308.70	206.97	708.31	7307.28
1468767420.0 45 145452.64	1003.10	29.11	-24.84	821.63	211.25	23.45	-666.00	308.82	192.69	708.31	7307.28
1468767421.0 45 145452.64	1002.31	28.74	-24.68	814.64	207.58	23.86	-666.00	308.70	192.69	708.31	7307.28
1468767422.0 45 145452.64	1002.70	28.93	-24.84	828.61	212.48	22.69	-666.00	308.87	206.97	708.31	7307.28
1468767423.0 45 145452.64	1001.04	28.74	-24.68	814.64	208.80	23.41	-666.00	308.70	206.97	708.31	7307.28
1468767423.0 45 145452.64	1003.10	29.11	-25.00	811.15	207.58	22.68	-666.00	308.82	225.21	708.31	7307.28
1468767424.0 45 145452.64	1002.31	28.74	-24.68	812.90	205.15	22.94	-666.00	308.76	225.21	708.31	7307.28
1468767425.0 45 145452.64	1001.04	28.74	-24.68	823.37	212.48	22.72	-666.00	309.10	285.25	708.31	7307.28
1468767425.0 45 145452.64	1002.31	28.74	-24.84	828.61	213.72	22.54	-666.00	308.87	206.97	708.31	7307.28
1468767426.0 45 145452.64	1001.44	28.93	-24.84	812.90	206.36	21.96	-666.00	308.98	249.72	708.31	7307.28
1468767427.0 45 145452.64	1001.04	28.74	-24.68	825.12	211.25	22.34	-666.00	308.82	225.21	708.31	7307.28
1468767428.0 45 145452.64	1001.04	28.74	-24.84	816.39	207.58	22.66	-666.00	308.70	249.72	708.31	7307.28
1468767428.0 45 145452.64	1002.31	28.74	-24.84	812.90	207.58	22.54	-666.00	308.76	249.72	708.31	7307.28
1468767429.0 45 145452.64	1001.04	28.74	-24.68	814.64	206.36	22.84	-666.00	308.82	225.21	708.31	7307.28
1468767430.0 45 145452.64	1002.31	28.74	-24.84	811.15	206.36	22.65	-666.00	308.82	206.97	708.31	7307.28
1468767431.0 45 145452.64	1002.31	28.74	-24.84	811.15	210.02	22.08	-666.00	308.93	206.97	708.31	7307.28
1468767431.0 45 145452.64	1001.04	28.74	-25.00	826.86	211.25	22.97	-666.00	308.93	206.97	708.31	7307.28
1468767432.0 45 145452.64	999.78	28.74	-24.84	816.39	206.36	21.56	-666.00	308.59	206.97	708.31	7307.28
1468767433.0 45 145452.64	1001.04	28.74	-24.68	807.66	203.95	21.82	-666.00	308.76	225.21	708.31	7307.28
1468767434.0 45 145452.64	1000.18	28.93	-24.84	809.40	203.95	22.01	-666.00	308.76	206.97	708.31	7307.28
1468767434.0 45 145452.64	1002.31	28.74	-25.00	809.40	205.15	20.87	-666.00	308.93	249.72	708.31	7307.28
1468767435.0 45 145452.64	1001.91	28.55	-24.84	811.15	206.36	20.78	-666.00	308.82	225.21	708.31	7307.28
1468767436.0 45 145452.64	1002.31	28.74	-24.84	819.88	207.58	23.01	-666.00	308.70	225.21	708.31	7307.28
1468767437.0 45 145452.64	1001.04	28.74	-25.16	812.90	205.15	21.52	-666.00	308.98	285.25	708.31	7307.28
1468767437.0 45 145452.64	1002.31	28.74	-24.84	833.85	213.72	21.90	-666.00	308.76	225.21	708.31	7307.28
1468767438.0 45 145452.64	1001.04	28.74	-24.84	814.64	206.36	21.19	-666.00	308.76	225.21	708.31	7307.28
1468767439.0 45 145452.64	1001.04	28.74	-24.84	811.15	205.15	20.76	-666.00	308.98	249.72	708.31	7307.28
1468767440.0 45 145452.64	1000.25	28.36	-24.84	830.35	212.48	21.52	-666.00	308.87	249.72	708.31	7307.28
1468767440.0 45 145452.64	1001.04	28.74	-24.84	814.64	207.58	21.01	-666.00	308.82	249.72	708.31	7307.28
1468767441.0 45 145452.64	1000.65	28.55	-24.68	818.13	208.80	21.19	-666.00	308.87	285.25	708.31	7307.28
1468767442.0 45 145452.64	1001.04	28.74	-25.16	816.39	207.58	20.68	-666.00	309.10	249.72	708.31	7307.28
1468767442.0 45 145452.64	1001.91	28.55	-24.84	828.61	212.48	20.10	-666.00	308.98	225.21	708.31	7307.28
1468767443.0 45 145452.64	1000.25	28.36	-25.00	812.90	205.15	20.05	-666.00	308.76	249.72	708.31	7307.28
1468767444.0 45 145452.64	1002.77	28.36	-25.00	809.40	205.15	19.73	-666.00	308.98	206.97	708.31	7307.28
1468767445.0 45 145452.64	1000.25	28.36	-24.68	819.88	211.25	19.97	-666.00	308.70	225.21	708.31	7307.28
1468767445.0 46 145452.64	1001.91	28.55	-24.53	823.37	210.02	18.00	-666.00	308.76	285.25	708.31	7307.28
1468767446.0 46 145452.64	1001.91	28.55	-24.84	814.64	207.58	21.59	-666.00	308.70	249.72	708.31	7307.28
1468767447.0 46 145452.64	1000.65	28.55	-24.84	811.15	207.58	19.07	-666.00	308.76	249.72	708.31	7307.28
1468767448.0 46 145452.64	1000.25	28.36	-24.84	802.42	202.74	20.19	-666.00	308.59	225.21	708.31	7307.28
1468767448.0 46 145452.64	1000.65	28.55	-24.68	811.15	203.95	20.22	-666.00	308.70	225.21	708.31	7307.28
1468767449.0 46 145452.64	1000.25	28.36	-24.84	805.91	203.95	17.49	-666.00	308.98	225.21	708.31	7307.28
1468767450.0 46 145452.64	1002.77	28.36	-25.00	830.35	212.48	21.43	-666.00	308.65	249.72	708.31	7307.28
1468767451.0 46 145452.64	1001.91	28.55	-24.84	807.66	202.74	19.95	-666.00	308.65	285.25	708.31	7307.28
1468767451.0 46 145452.64	1000.25	28.36	-24.84	805.91	203.95	18.20	-666.00	308.93	249.72	708.31	7307.28
1468767452.0 46 145452.64	1001.91	28.55	-24.68	818.13	210.02	20.87	-666.00	308.54	285.25	708.31	7307.28
1468767453.0 46 145452.64	1002.31	28.74	-24.68	807.66	202.74	19.31	-666.00	308.65	225.21	708.31	7307.28
1468767454.0 46 145452.64	1001.51	28.36	-24.68	805.91	203.95	19.71	-666.00	308.59	249.72	708.31	7307.28
1468767454.0 46 145452.64	1002.77	28.36	-24.68	802.42	201.55	20.05	-666.00	308.48	206.97	708.31	7307.28
1468767455.0 46 145452.64	1001.51	28.36	-24.68	800.67	201.55	17.92	-666.00	308.76	473.68	708.31	7307.28
1468767456.0 46 145452.64	1001.91	28.55	-24.84	812.90	207.58	19.19	-666.00	308.65	225.21	708.31	7307.28
1468767456.0 46 145452.64	1001.51	28.36	-24.84	809.40	205.15	18.84	-666.00	308.54	249.72	708.31	7307.28
1468767457.0 46 145452.64	1003.17	28.55	-24.84	805.91	202.74	18.67	-666.00	308.76	344.01	708.31	7307.28
1468767458.0 46 145452.64	1002.77	28.36	-24.68	816.39	210.02	18.46	-666.00	308.48	249.72	708.31	7307.28
1468767459.0 46 145452.64	1001.51	28.36	-24.84	798.93	205.15	19.54	-666.00	308.87	225.21	708.31	7307.28
1468767459.0 46 145452.64	1001.51	28.36	-24.84	797.18	200.35	18.84	-666.00	308.48	225.21	708.31	7307.28
1468767460.0 46 145452.64	1003.17	28.55	-24.68	795.43	199.16	19.76	-666.00	308.48	249.72	708.31	7307.28
1468767461.0 46 145452.64	1001.91	28.55	-24.84	797.18	200.35	18.53	-666.00	308.54	249.72	708.31	7307.28
1468767462.0 46 145452.64	1001.51	28.36	-24.84	798.93	201.55	19.10	-666.00	308.48	285.25	708.31	7307.28
1468767462.0 46 145452.64	1003.17	28.55	-24.84	805.91	203.95	17.53	-666.00	309.04	285.25	708.31	7307.28
1468767463.0 46 145452.64	1001.51	28.36	-25.00	821.63	210.02	19.63	-666.00	308.82	285.25	708.31	7307.28
1468767464.0 46 145452.64	1002.77	28.36	-24.68	802.42	202.74	18.00	-666.00	308.54	249.72	708.31	7307.28
1468767465.0 46 145452.64	1002.37	28.18	-24.68	798.93	201.55	16.91	-666.00	308.76	285.25	708.31	7307.28
1468767465.0 46 145452.64	1001.11	28.18	-24.68	807.66	203.95	18.70	-666.00	308.59	249.72	708.31	7307.28
1468767466.0 46 145452.64	1002.77	28.36	-24.68	793.69	199.16	18.08	-666.00	308.48	344.01	708.31	7307.28
1468767467.0 46 145452.64	1002.37	28.18	-24.68	800.67	201.55	18.87	-666.00	308.54	285.25	708.31	7307.28
1468767468.0 46 145452.64	1002.37	28.18	-24.84	805.91	202.74	17.62	-666.00	308.59	249.72	708.31	7307.28
1468767468.0 46 145452.64	1001.98	27.99	-24.84	804.16	207.58	17.16	-666.00	308.93	344.01	708.31	7307.28
1468767469.0 46 145452.64	1000.25	28.36	-24.84	811.15	205.15	18.24	-666.00	308.48	249.72	708.31	7307.28
1468767470.0 46 145452.64	1002.37	28.18	-24.84	807.66	203.95	16.91	-666.00	308.82	249.72	708.31	7307.28
1468767470.0 46 145452.64	1002.37	28.18	-24.84	821.63	211.25	17.30	-666.00	309.04	344.01	708.31	7307.28
1468767471.0 46 145452.64	1001.98	27.99	-24.84	798.93	199.16	18.20	-666.00	308.42	249.72	708.31	7307.28
1468767472.0 46 145452.64	1001.98	27.99	-24.68	811.15	205.15	16.75	-666.00	308.54	344.01	708.31	7307.28
1468767473.0 46 145452.64	1003.24	27.99	-24.84	812.90	205.15	17.62	-666.00	308.48	249.72	708.31	7307.28
1468767473.0 46 145452.64	1002.84	27.80	-24.84	807.66	203.95	16.47	-666.00	308.65	344.01	708.31	7307.28
1468767474.0 46 145452.64	1001.58	27.80	-24.68	812.90	203.95	16.36	-666.00	308.48	285.25	708.31	7307.28
1468767475.0 46 145452.64	1001.58	27.80	-24.84	804.16	203.95	17.67	-666.00	308.70	285.25	708.31	7307.28
1468767476.0 46 145452.64	1001.18	27.62	-24.84	800.67	203.95	17.30	-666.00	308.54	344.01	708.31	7307.28
1468767476.0 46 145452.64	1000.78	27.43	-24.84	800.67	202.74	15.45	-666.00	308.54	249.72	708.31	7307.28
1468767477.0 46 145452.64	1001.18	27.62	-24.68	812.90	207.58	16.53	-666.00	308.65	249.72	708.31	7307.28
1468767478.0 46 145452.64	1000.78	27.43	-24.68	811.15	207.58	16.75	-666.00	308.59	344.01	708.31	7307.28
1468767479.0 46 145452.64	1000.78	27.43	-25.00	797.18	201.55	16.96	-666.00	308.82	344.01	708.31	7307.28
1468767479.0 46 145452.64	1001.25	27.06	-24.53	812.90	206.36	15.80	-666.00	308.65	249.72	708.31	7307.28
1468767480.0 46 145452.64	1002.90	27.24	-24.68	800.67	202.74	17.06	-666.00	308.42	249.72	708.31	7307.28
1468767481.0 46 145452.64	1002.04	27.43	-24.84	790.19	200.35	15.59	-666.00	308.54	344.01	708.31	7307.28
1468767482.0 46 145452.64	1002.90	27.24	-24.84	793.69	200.35	14.10	-666.00	308.59	285.25	708.31	7307.28
1468767482.0 46 145452.64	1001.25	27.06	-24.84	798.93	202.74	14.10	-666.00	308.54	344.01	708.31	7307.28
1468767483.0 46 145452.64	1001.25	27.06	-24.84	804.16	202.74	11.98	-666.00	308.98	344.01	708.31	7307.28
1468767484.0 46 145452.64	1002.10	26.87	-24.84	811.15	205.15	16.53	-666.00	308.48	285.25	708.31	7307.28
1468767484.0 45 145452.64	1002.50	27.06	-24.68	786.70	197.98	15.37	-666.00	308.25	344.01	708.31	7307.28
1468767485.0 45 145452.64	1002.50	27.06	-25.00	793.69	200.35	15.15	-666.00	308.76	344.01	708.31	7307.28
1468767486.0 45 145452.64	1001.71	26.68	-24.68	809.40	203.95	12.58	-666.00	308.59	285.25	708.31	7307.28
1468767487.0 45 145452.64	1002.10	26.87	-24.68	793.69	200.35	15.73	-666.00	308.31	344.01	708.31	7307.28
1468767487.0 45 145452.64	1001.71	26.68	-24.84	818.13	208.80	11.65	-666.00	308.82	473.68	708.31	7307.28
1468767488.0 45 145452.64	1001.71	26.68	-25.00	800.67	203.95	15.59	-666.00	308.70	344.01	708.31	7307.28
1468767489.0 45 145452.64	1001.31	26.50	-24.68	798.93	202.74	12.44	-666.00	308.59	344.01	708.31	7307.28
1468767490.0 45 145452.64	1001.31	26.50	-25.16	793.69	200.35	13.58	-666.00	308.82	0.00	708.31	7307.28
1468767490.0 45 145452.64	1001.31	26.50	-24.68	804.16	203.95	16.12	-666.00	308.48	344.01	708.31	7307.28
1468767491.0 45 145452.64	1001.71	26.68	-24.84	797.18	201.55	12.72	-666.00	308.87	344.01	708.31	7307.28
1468767492.0 45 145452.64	1001.31	26.50	-24.68	809.40	206.36	13.46	-666.00	308.59	249.72	708.31	7307.28
1468767493.0 45 145452.64	1001.31	26.50	-24.68	809.40	206.36	13.23	-666.00	308.54	473.68	708.31	7307.28
1468767493.0 45 145452.64	1001.71	26.68	-25.00	800.67	203.95	12.44	-666.00	308.70	344.01	708.31	7307.28
1468767494.0 45 145452.64	1000.91	26.31	-24.68	800.67	201.55	13.46	-666.00	308.48	473.68	708.31	7307.28
1468767495.0 45 145452.64	1001.31	26.50	-24.84	798.93	199.16	13.79	-666.00	308.82	473.68	708.31	7307.28
1468767496.0 45 145452.64	1001.31	26.50	-24.84	814.64	206.36	13.11	-666.00	308.65	344.01	708.31	7307.28
1468767496.0 45 145452.64	1000.91	26.31	-24.84	805.91	201.55	15.15	-666.00	308.48	285.25	708.31	7307.28
1468767497.0 45 145452.64	1000.91	26.31	-24.84	798.93	200.35	9.71	-666.00	308.93	344.01	708.31	7307.28
1468767498.0 45 145452.64	1000.91	26.31	-24.68	804.16	202.74	13.58	-666.00	308.82	473.68	708.31	7307.28
1468767499.0 45 145452.64	1000.51	26.12	-24.84	812.90	206.36	14.29	-666.00	308.70	473.68	708.31	7307.28
1468767499.0 45 145452.64	1000.91	26.31	-24.68	811.15	202.74	14.39	-666.00	308.48	249.72	708.31	7307.28
1468767500.0 45 145452.64	1000.51	26.12	-25.00	812.90	202.74	16.18	-666.00	308.59	344.01	708.31	7307.28
1468767501.0 45 145452.64	1000.91	26.31	-24.68	816.39	205.15	10.68	-666.00	308.65	473.68	708.31	7307.28
1468767501.0 45 145452.64	1000.91	26.31	-24.84	811.15	202.74	13.23	-666.00	308.48	473.68	708.31	7307.28
1468767502.0 45 145452.64	1000.11	25.93	-24.68	802.42	201.55	12.85	-666.00	308.54	473.68	708.31	7307.28
1468767503.0 45 145452.64	1000.51	26.12	-24.84	816.39	205.15	10.68	-666.00	308.76	0.00	708.31	7307.28
1468767504.0 45 145452.64	1000.11	25.93	-24.84	811.15	205.15	9.13	-666.00	308.65	473.68	708.31	7307.28
1468767504.0 45 145452.64	1001.36	25.93	-24.84	814.64	206.36	10.89	-666.00	308.65	344.01	708.31	7307.28
1468767505.0 45 145452.64	1000.51	26.12	-25.00	809.40	202.74	9.71	-666.00	308.98	344.01	708.31	7307.28
1468767506.0 45 145452.64	1001.36	25.93	-24.84	816.39	207.58	10.89	-666.00	308.76	473.68	708.31	7307.28
1468767507.0 45 145452.64	1001.76	26.12	-24.84	814.64	203.95	13.11	-666.00	308.42	344.01	708.31	7307.28
1468767507.0 45 145452.64	1001.36	25.93	-24.84	805.91	203.95	12.85	-666.00	308.76	473.68	708.31	7307.28
1468767508.0 45 145452.64	1000.11	25.93	-24.84	809.40	202.74	10.89	-666.00	308.70	0.00	708.31	7307.28
1468767509.0 45 145452.64	1001.76	26.12	-24.84	807.66	202.74	14.20	-666.00	308.54	344.01	708.31	7307.28
1468767510.0 45 145452.64	1002.62	25.93	-24.68	805.91	201.55	9.13	-666.00	308.54	344.01	708.31	7307.28
1468767510.0 45 145452.64	1001.36	25.93	-24.84	821.63	207.58	12.85	-666.00	308.65	0.00	708.31	7307.28
1468767511.0 45 145452.64	1001.76	26.12	-24.68	807.66	200.35	12.98	-666.00	308.48	0.00	708.31	7307.28
1468767512.0 45 145452.64	1000.97	25.75	-24.68	804.16	199.16	8.81	-666.00	308.48	344.01	708.31	7307.28
1468767513.0 45 145452.64	1002.62	25.93	-24.84	807.66	202.74	10.22	-666.00	308.93	344.01	708.31	7307.28
1468767513.0 45 145452.64	1000.97	25.75	-25.00	819.88	207.58	10.45	-666.00	309.10	344.01	708.31	7307.28
1468767514.0 45 145452.64	1001.36	25.93	-24.84	823.37	207.58	13.23	-666.00	308.65	344.01	708.31	7307.28
1468767515.0 45 145452.64	1001.36	25.93	-24.68	814.64	203.95	12.14	-666.00	308.54	473.68	708.31	7307.28
1468767515.0 45 145452.64	1002.62	25.93	-24.84	804.16	201.55	12.14	-666.00	308.76	473.68	708.31	7307.28
1468767516.0 45 145452.64	1002.22	25.75	-24.68	812.90	203.95	11.47	-666.00	308.42	473.68	708.31	7307.28
1468767517.0 45 145452.64	1000.97	25.75	-24.84	802.42	201.55	9.71	-666.00	308.65	344.01	708.31	7307.28
1468767518.0 45 145452.64	1002.22	25.75	-24.84	809.40	202.74	9.43	-666.00	308.70	473.68	708.31	7307.28
1468767518.0 45 145452.64	1000.97	25.75	-24.84	807.66	202.74	10.89	-666.00	308.59	344.01	708.31	7307.28
1468767519.0 45 145452.64	1002.62	25.93	-24.84	805.91	201.55	8.46	-666.00	308.82	473.68	708.31	7307.28
1468767520.0 45 145452.64	1001.82	25.56	-24.68	818.13	207.58	10.89	-666.00	308.70	344.01	708.31	7307.28
1468767521.0 45 145452.64	1002.22	25.75	-24.68	812.90	205.15	12.14	-666.00	308.48	473.68	708.31	7307.28
1468767521.0 45 145452.64	1000.57	25.56	-25.16	800.67	201.55	9.97	-666.00	308.70	0.00	708.31	7307.28
1468767522.0 45 145452.64	1000.57	25.56	-24.84	802.42	200.35	7.67	-666.00	308.70	285.25	708.31	7307.28
1468767523.0 45 145452.64	1002.22	25.75	-25.00	828.61	208.80	9.71	-666.00	308.93	0.00	708.31	7307.28
1468767524.0 45 145452.64	1002.22	25.75	-24.68	828.61	210.02	12.14	-666.00	308.70	285.25	708.31	7307.28
1468767524.0 45 145452.64	1001.82	25.56	-24.68	811.15	205.15	10.22	-666.00	308.70	0.00	708.31	7307.28
1468767525.0 45 145452.64	1000.17	25.37	-24.68	818.13	205.15	8.08	-666.00	308.59	473.68	708.31	7307.28
1468767526.0 45 145452.64	1000.17	25.37	-24.68	816.39	202.74	12.29	-666.00	308.31	473.68	708.31	7307.28
1468767527.0 45 145452.64	1000.17	25.37	-25.00	809.40	203.95	10.89	-666.00	308.87	473.68	708.31	7307.28
1468767527.0 45 145452.64	1001.42	25.37	-24.68	818.13	207.58	8.81	-666.00	308.42	473.68	708.31	7307.28
1468767528.0 45 145452.64	1001.82	25.56	-24.84	804.16	201.55	7.21	-666.00	308.59	0.00	708.31	7307.28
1468767529.0 45 145452.64	1000.57	25.56	-24.84	798.93	200.35	11.09	-666.00	308.54	0.00	708.31	7307.28
1468767529.0 45 145452.64	1001.82	25.56	-24.84	807.66	202.74	7.67	-666.00	308.54	0.00	708.31	7307.28
1468767530.0 45 145452.64	1001.42	25.37	-24.68	804.16	201.55	7.67	-666.00	308.48	344.01	708.31	7307.28
1468767531.0 45 145452.64	1001.82	25.56	-25.00	807.66	201.55	0.68	-666.00	308.87	0.00	708.31	7307.28
1468767532.0 45 145452.64	1002.67	25.37	-25.00	800.67	201.55	10.22	-666.00	308.87	473.68	708.31	7307.28
1468767532.0 45 145452.64	1001.42	25.37	-24.84	818.13	206.36	6.70	-666.00	308.59	473.68	708.31	7307.28
1468767533.0 45 145452.64	1001.42	25.37	-24.84	812.90	202.74	9.71	-666.00	308.59	473.68	708.31	7307.28
1468767534.0 45 145452.64	1001.42	25.37	-24.84	805.91	200.35	7.21	-666.00	308.76	473.68	708.31	7307.28
1468767535.0 45 145452.64	1001.42	25.37	-24.84	823.37	206.36	4.66	-666.00	308.65	285.25	708.31	7307.28
1468767535.0 45 145452.64	1001.02	25.19	-24.84	811.15	203.95	3.69	-666.00	308.76	0.00	708.31	7307.28
1468767536.0 45 145452.64	1001.82	25.56	-24.84	805.91	200.35	7.67	-666.00	308.59	0.00	708.31	7307.28
1468767537.0 45 145452.64	1001.42	25.37	-24.84	793.69	195.62	7.21	-666.00	308.20	344.01	708.31	7307.28
1468767538.0 45 145452.64	1000.17	25.37	-24.68	809.40	203.95	8.81	-666.00	308.65	344.01	708.31	7307.28
1468767538.0 45 145452.64	1001.42	25.37	-24.84	811.15	202.74	8.08	-666.00	308.59	473.68	708.31	7307.28
1468767539.0 45 145452.64	1001.02	25.19	-24.68	805.91	200.35	6.70	-666.00	308.48	0.00	708.31	7307.28
1468767540.0 45 145452.64	1001.02	25.19	-24.68	805.91	200.35	6.12	-666.00	308.65	0.00	708.31	7307.28
1468767540.0 45 145452.64	1000.17	25.37	-24.84	802.42	199.16	4.66	-666.00	308.59	473.68	708.31	7307.28
1468767541.0 45 145452.64	1001.42	25.37	-24.84	814.64	205.15	8.08	-666.00	308.54	473.68	708.31	7307.28
1468767542.0 45 145452.64	1002.27	25.19	-24.68	809.40	202.74	3.69	-666.00	308.54	344.01	708.31	7307.28
1468767543.0 45 145452.64	1001.42	25.37	-24.68	814.64	202.74	8.46	-666.00	308.70	473.68	708.31	7307.28
1468767543.0 45 145452.64	1001.82	25.56	-24.84	818.13	208.80	7.67	-666.00	308.76	344.01	708.31	7307.28
1468767544.0 45 145452.64	1000.17	25.37	-24.68	830.35	207.58	8.08	-666.00	308.65	473.68	708.31	7307.28
1468767545.0 45 145452.64	1002.22	25.75	-24.84	812.90	203.95	7.67	-666.00	308.54	344.01	708.31	7307.28
1468767546.0 45 145452.64	1002.22	25.75	-24.84	809.40	201.55	6.12	-666.00	308.70	0.00	708.31	7307.28
1468767546.0 45 145452.64	1000.57	25.56	-24.84	809.40	202.74	4.66	-666.00	308.82	0.00	708.31	7307.28
1468767547.0 45 145452.64	1002.22	25.75	-24.84	814.64	203.95	5.45	-666.00	308.76	344.01	708.31	7307.28
1468767548.0 45 145452.64	1000.97	25.75	-24.84	826.86	207.58	7.67	-666.00	308.76	0.00	708.31	7307.28
1468767549.0 45 145452.64	1000.97	25.75	-24.84	823.37	206.36	10.45	-666.00	308.65	473.68	708.31	7307.28
1468767549.0 45 145452.64	1001.82	25.56	-24.68	804.16	199.16	7.21	-666.00	308.54	473.68	708.31	7307.28
1468767550.0 45 145452.64	1002.22	25.75	-24.68	795.43	196.79	9.43	-666.00	308.31	0.00	708.31	7307.28
1468767551.0 45 145452.64	1002.22	25.75	-24.68	797.18	199.16	5.45	-666.00	308.48	473.68	708.31	7307.28
1468767552.0 45 145452.64	1001.82	25.56	-24.84	795.43	197.98	8.08	-666.00	308.59	473.68	708.31	7307.28
1468767552.0 45 145452.64	1002.22	25.75	-24.84	816.39	205.15	10.22	-666.00	308.65	344.01	708.31	7307.28
1468767553.0 45 145452.64	1002.62	25.93	-24.84	814.64	203.95	9.13	-666.00	308.70	0.00	708.31	7307.28
1468767554.0 45 145452.64	1000.97	25.75	-24.84	805.91	200.35	6.12	-666.00	308.65	0.00	708.31	7307.28
1468767554.0 45 145452.64	1001.36	25.93	-24.84	802.42	200.35	8.81	-666.00	308.48	0.00	708.31	7307.28
1468767555.0 45 145452.64	1002.62	25.93	-24.68	807.66	202.74	12.44	-666.00	308.59	344.01	708.31	7307.28
1468767556.0 45 145452.64	1001.36	25.93	-24.84	807.66	201.55	10.45	-666.00	308.54	0.00	708.31	7307.28
1468767557.0 45 145452.64	1000.97	25.75	-24.68	809.40	201.55	3.69	-666.00	308.54	0.00	708.31	7307.28
1468767557.0 45 145452.64	1000.11	25.93	-24.84	812.90	203.95	6.70	-666.00	308.59	0.00	708.31	7307.28
1468767558.0 45 145452.64	1000.11	25.93	-24.84	812.90	203.95	9.13	-666.00	308.93	285.25	708.31	7307.28
1468767559.0 45 145452.64	1000.11	25.93	-24.68	821.63	207.58	7.21	-666.00	308.76	0.00	708.31	7307.28
1468767560.0 45 145452.64	1001.36	25.93	-24.84	821.63	207.58	13.23	-666.00	308.65	473.68	708.31	7307.28
1468767560.0 45 145452.64	1001.76	26.12	-24.84	805.91	202.74	5.45	-666.00	308.54	0.00	708.31	7307.28
1468767561.0 45 145452.64	1000.11	25.93	-24.68	805.91	200.35	7.21	-666.00	308.82	473.68	708.31	7307.28
1468767562.0 45 145452.64	1000.51	26.12	-24.84	804.16	200.35	9.43	-666.00	308.70	0.00	708.31	7307.28
1468767563.0 45 145452.64	1001.36	25.93	-24.84	809.40	210.02	8.46	-666.00	308.87	285.25	708.31	7307.28
1468767563.0 45 145452.64	1000.51	26.12	-24.84	821.63	211.25	6.12	-666.00	308.82	0.00	708.31	7307.28
1468767564.0 45 145452.64	1000.51	26.12	-24.84	814.64	206.36	9.43	-666.00	308.76	0.00	708.31	7307.28
1468767565.0 45 145452.64	1002.16	26.31	-25.00	818.13	207.58	7.67	-666.00	308.87	473.68	708.31	7307.28
1468767565.0 45 145452.64	1000.51	26.12	-24.68	802.42	200.35	9.71	-666.00	308.42	473.68	708.31	7307.28
1468767566.0 45 145452.64	1002.56	26.50	-24.84	812.90	205.15	11.65	-666.00	308.87	344.01	708.31	7307.28
1468767567.0 45 145452.64	1000.91	26.31	-24.84	818.13	206.36	6.70	-666.00	308.65	0.00	708.31	7307.28
1468767568.0 45 145452.64	1000.91	26.31	-24.68	825.12	208.80	10.89	-666.00	308.59	285.25	708.31	7307.28
1468767568.0 45 145452.64	1000.91	26.31	-24.68	807.66	201.55	7.67	-666.00	308.54	344.01	708.31	7307.28
1468767569.0 45 145452.64	1001.31	26.50	-24.84	811.15	203.95	5.45	-666.00	308.59	473.68	708.31	7307.28
1468767570.0 45 145452.64	1001.31	26.50	-24.84	807.66	201.55	5.45	-666.00	308.48	473.68	708.31	7307.28
1468767571.0 45 145452.64	1001.31	26.50	-24.84	814.64	203.95	5.45	-666.00	309.04	344.01	708.31	7307.28
1468767571.0 45 145452.64	1001.31	26.50	-24.68	821.63	207.58	6.12	-666.00	308.70	344.01	708.31	7307.28
1468767572.0 45 145452.64	1001.76	26.12	-24.84	807.66	200.35	6.12	-666.00	308.65	0.00	708.31	7307.28
1468767573.0 45 145452.64	1001.31	26.50	-25.16	818.13	203.95	5.45	-666.00	308.82	0.00	708.31	7307.28
1468767574.0 45 145452.64	1001.31	26.50	-25.16	819.88	206.36	8.08	-666.00	308.93	0.00	708.31	7307.28
1468767574.0 45 145452.64	1001.31	26.50	-24.68	832.10	212.48	6.70	-666.00	308.70	473.68	708.31	7307.28
1468767575.0 45 145452.64	1001.31	26.50	-25.00	814.64	203.95	9.71	-666.00	308.87	473.68	708.31	7307.28
1468767576.0 45 145452.64	1001.71	26.68	-24.84	818.13	205.15	0.68	-666.00	308.82	0.00	708.31	7307.28
1468767577.0 45 145452.64	1001.71	26.68	-24.68	812.90	202.74	6.12	-666.00	308.65	0.00	708.31	7307.28
1468767577.0 45 145452.64	1000.45	26.68	-24.84	811.15	205.15	0.68	-666.00	308.87	473.68	708.31	7307.28
1468767578.0 45 145452.64	1001.71	26.68	-24.84	814.64	203.95	4.66	-666.00	308.87	473.68	708.31	7307.28
1468767579.0 45 145452.64	1001.71	26.68	-25.00	823.37	208.80	4.66	-666.00	308.70	344.01	708.31	7307.28
1468767579.0 45 145452.64	1001.71	26.68	-24.84	823.37	207.58	8.08	-666.00	308.65	0.00	708.31	7307.28
1468767580.0 45 145452.64	1002.50	27.06	-24.84	812.90	205.15	3.69	-666.00	308.76	0.00	708.31	7307.28
1468767581.0 45 145452.64	1002.10	26.87	-25.00	823.37	210.02	3.69	-666.00	308.93	473.68	708.31	7307.28
1468767582.0 45 145452.64	1000.45	26.68	-24.68	818.13	207.58	9.71	-666.00	308.76	0.00	708.31	7307.28
1468767582.0 45 145452.64	1001.71	26.68	-24.68	814.64	206.36	10.68	-666.00	308.59	473.68	708.31	7307.28
1468767583.0 45 145452.64	1002.50	27.06	-24.84	805.91	200.35	5.45	-666.00	308.93	344.01	708.31	7307.28
1468767584.0 45 145452.64	1002.10	26.87	-24.84	823.37	208.80	7.67	-666.00	308.65	344.01	708.31	7307.28
1468767585.0 45 145452.64	1000.85	26.87	-24.84	816.39	205.15	11.09	-666.00	308.54	0.00	708.31	7307.28
1468767585.0 45 145452.64	1000.85	26.87	-24.68	807.66	201.55	3.69	-666.00	308.54	473.68	708.31	7307.28
1468767586.0 45 145452.64	1002.10	26.87	-24.68	816.39	205.15	9.97	-666.00	308.65	473.68	708.31	7307.28
1468767587.0 45 145452.64	1002.10	26.87	-25.00	825.12	208.80	8.81	-666.00	308.65	473.68	708.31	7307.28
1468767588.0 45 145452.64	1000.45	26.68	-24.84	800.67	199.16	8.08	-666.00	308.54	473.68	708.31	7307.28
1468767588.0 45 145452.64	1002.10	26.87	-24.68	804.16	201.55	8.81	-666.00	308.54	0.00	708.31	7307.28
1468767589.0 45 145452.64	1001.71	26.68	-24.84	807.66	201.55	3.69	-666.00	308.54	473.68	708.31	7307.28
1468767590.0 46 145452.64	1002.10	26.87	-24.68	805.91	201.55	6.70	-666.00	308.48	285.25	708.31	7307.28
1468767591.0 46 145452.64	1002.50	27.06	-25.00	823.37	208.80	7.21	-666.00	308.70	285.25	708.31	7307.28
1468767591.0 46 145452.64	1002.10	26.87	-24.68	830.35	208.80	9.43	-666.00	308.65	0.00	708.31	7307.28
1468767592.0 46 145452.64	1001.71	26.68	-24.84	821.63	208.80	9.71	-666.00	308.87	0.00	708.31	7307.28
1468767593.0 46 145452.64	1000.85	26.87	-24.84	825.12	207.58	6.12	-666.00	308.76	473.68	708.31	7307.28
1468767593.0 46 145452.64	1002.10	26.87	-24.84	818.13	205.15	9.13	-666.00	308.76	473.68	708.31	7307.28
1468767594.0 46 145452.64	1001.71	26.68	-24.84	818.13	206.36	4.66	-666.00	309.10	0.00	708.31	7307.28
1468767595.0 46 145452.64	1002.10	26.87	-24.84	816.39	205.15	3.69	-666.00	309.04	0.00	708.31	7307.28
1468767596.0 46 145452.64	1002.50	27.06	-25.00	816.39	206.36	5.45	-666.00	309.10	0.00	708.31	7307.28
1468767596.0 46 145452.64	1002.50	27.06	-24.68	823.37	208.80	6.12	-666.00	308.70	473.68	708.31	7307.28
1468767597.0 46 145452.64	1002.10	26.87	-24.84	816.39	206.36	5.45	-666.00	309.04	344.01	708.31	7307.28
1468767598.0 46 145452.64	1002.50	27.06	-25.00	833.85	212.48	3.69	-666.00	309.10	0.00	708.31	7307.28
1468767599.0 46 145452.64	1001.64	27.24	-25.00	835.59	214.96	2.44	-666.00	309.21	0.00	708.31	7307.28
1468767599.0 46 145452.64	1002.90	27.24	-24.84	835.59	212.48	3.69	-666.00	309.10	0.00	708.31	7307.28
1468767600.0 46 145452.64	1002.50	27.06	-24.84	828.61	211.25	7.67	-666.00	308.87	473.68	708.31	7307.28
