# Name = UIS1
# Version = 1.0
# Location = Universidad Industrial de Santander
# Sensors = Presion, Temperatura, Humedad, Irradiancia, Iluminancia, Ruido, LLuvia, CO2, NO2, Latitud, Longitud, Nubosidad
# Power = Red
# GPS = si
# Time Zone = UTC-5
# Data = UTCtime GPStime Presion Temperatura Humedad Irradiancia Iluminancia  Ruido Lluvia CO2 NO2 Latitud Longitud Nubosidad 
1467262801.0 100 1306.60	993.14	19.77	90.19	0.00	223.76	-2.33	-666.00	309.83	0.00	708.34	7307.28
1467262802.0 100 1306.60	994.38	19.77	90.51	0.00	226.32	-0.00	-666.00	309.72	0.00	708.34	7307.28
1467262802.0 100 1306.60	994.78	19.95	90.98	0.00	222.49	3.69	-666.00	309.55	0.00	708.34	7307.28
1467262803.0 100 1306.60	994.38	19.77	87.34	0.00	230.18	11.98	-666.00	309.83	0.00	708.34	7307.28
1467262804.0 100 1306.60	994.78	19.95	86.23	0.00	227.60	7.21	-666.00	309.66	0.00	708.34	7307.28
1467262804.0 100 1306.60	994.78	19.95	90.51	0.00	226.32	2.44	-666.00	309.72	473.68	708.34	7307.28
1467262805.0 100 1306.60	993.14	19.77	90.35	0.00	230.18	3.69	-666.00	309.77	0.00	708.34	7307.28
1467262806.0 100 1306.60	993.97	19.58	90.66	0.00	223.76	0.68	-666.00	309.60	0.00	708.34	7307.28
1467262807.0 100 1306.60	993.14	19.77	90.82	0.00	225.04	3.69	-666.00	309.60	0.00	708.34	7307.28
1467262807.0 100 1306.60	994.38	19.77	90.82	0.00	223.76	0.68	-666.00	309.55	0.00	708.34	7307.28
1467262808.0 100 1306.60	995.61	19.77	90.35	0.00	230.18	10.68	-666.00	309.89	0.00	708.34	7307.28
1467262809.0 100 1306.60	994.38	19.77	90.66	0.00	226.32	-2.33	-666.00	309.55	0.00	708.34	7307.28
