# Name = UIS1
# Version = 1.0
# Location = Universidad Industrial de Santander
# Sensors = Presion, Temperatura, Humedad, Irradiancia, Iluminancia, Ruido, LLuvia, CO2, NO2, Latitud, Longitud, Nubosidad
# Power = Red
# GPS = si
# Time Zone = UTC-5
# Data = UTCtime GPStime Presion Temperatura Humedad Irradiancia Iluminancia  Ruido Lluvia CO2 NO2 Latitud Longitud Nubosidad 
1484236800.0 49 -0.00	1001.76	29.67	51.74	968.14	213.72	8.08	0.00	308.98	344.01	0.00	0.00
1484236801.0 49 -0.00	1000.50	29.67	62.97	971.62	212.48	9.13	0.00	308.93	0.00	0.00	0.00
1484236803.0 49 -0.00	1001.76	29.67	58.23	980.33	218.70	10.22	0.00	308.98	0.00	0.00	0.00
1484236804.0 49 -0.00	1001.76	29.67	58.23	957.68	210.02	11.65	0.00	308.93	344.01	0.00	0.00
1484236805.0 49 -0.00	1001.76	29.67	69.15	959.43	208.80	7.21	0.00	308.93	0.00	0.00	0.00
1484236806.0 49 -0.00	1001.76	29.67	75.95	952.46	208.80	2.44	0.00	308.93	0.00	0.00	0.00
1484236807.0 49 -0.00	1001.76	29.67	70.89	994.27	221.22	11.28	0.00	309.32	0.00	0.00	0.00
1484236808.0 49 -0.00	1001.76	29.67	68.99	990.79	217.45	13.90	0.00	309.38	0.00	0.00	0.00
1484236809.0 49 -0.00	1000.50	29.67	68.99	959.43	211.25	2.44	0.00	309.04	0.00	0.00	0.00
1484236810.0 49 -0.00	1001.76	29.67	71.99	957.68	210.02	7.67	0.00	308.98	0.00	0.00	0.00
1484236811.0 49 -0.00	1001.76	29.67	76.74	968.14	212.48	8.08	0.00	308.93	344.01	0.00	0.00
1484236812.0 49 -0.00	1001.76	29.67	66.46	955.94	210.02	12.44	0.00	308.98	0.00	0.00	0.00
1484236813.0 49 -0.00	1001.76	29.67	73.10	954.20	210.02	3.69	0.00	308.87	0.00	0.00	0.00
1484236815.0 49 -0.00	1002.16	29.86	75.79	976.85	217.45	3.69	0.00	309.15	0.00	0.00	0.00
1484236816.0 49 -0.00	1000.89	29.86	71.84	976.85	217.45	0.68	0.00	309.27	0.00	0.00	0.00
1484236817.0 49 -0.00	1002.55	30.05	80.06	971.62	217.45	7.21	0.00	309.27	0.00	0.00	0.00
1484236818.0 49 -0.00	1002.55	30.05	80.54	975.11	213.72	5.45	0.00	308.93	0.00	0.00	0.00
1484236819.0 49 -0.00	1002.55	30.05	69.30	952.46	207.58	6.12	0.00	308.82	0.00	0.00	0.00
1484236820.0 49 -0.00	1002.95	30.23	59.65	957.68	210.02	9.13	0.00	308.93	0.00	0.00	0.00
1484236821.0 49 -0.00	1002.55	30.05	64.87	959.43	210.02	5.45	0.00	308.98	0.00	0.00	0.00
1484236822.0 49 -0.00	1000.81	30.42	67.25	964.65	211.25	8.46	0.00	308.82	0.00	0.00	0.00
1484236824.0 49 -0.00	1001.68	30.23	61.87	957.68	210.02	9.71	0.00	308.93	473.68	0.00	0.00
1484236825.0 49 -0.00	1000.02	30.05	67.25	952.46	208.80	2.44	0.00	309.21	0.00	0.00	0.00
1484236826.0 49 -0.00	1001.29	30.05	71.20	968.14	212.48	14.00	0.00	308.98	0.00	0.00	0.00
1484236827.0 49 -0.00	1002.55	30.05	73.89	966.40	213.72	6.12	0.00	308.98	344.01	0.00	0.00
1484236828.0 49 -0.00	1002.08	30.42	72.94	954.20	210.02	8.46	0.00	308.93	0.00	0.00	0.00
1484236829.0 49 -0.00	1000.42	30.23	68.04	959.43	211.25	10.45	0.00	309.21	0.00	0.00	0.00
1484236830.0 49 -0.00	1002.95	30.23	75.95	950.71	208.80	5.45	0.00	308.87	0.00	0.00	0.00
1484236831.0 49 -0.00	1002.08	30.42	80.54	966.40	214.96	3.69	0.00	309.38	0.00	0.00	0.00
1484236832.0 49 -0.00	1003.35	30.42	70.09	955.94	212.48	5.45	0.00	309.21	0.00	0.00	0.00
1484236833.0 49 -0.00	1000.42	30.23	67.25	948.97	207.58	8.81	0.00	308.98	0.00	0.00	0.00
1484236835.0 49 -0.00	1002.08	30.42	72.94	964.65	212.48	-0.00	0.00	309.43	0.00	0.00	0.00
1484236836.0 49 -0.00	1001.68	30.23	65.82	954.20	208.80	10.68	0.00	309.27	0.00	0.00	0.00
1484236837.0 49 -0.00	1000.02	30.05	60.76	950.71	208.80	11.98	0.00	308.93	0.00	0.00	0.00
1484236838.0 49 -0.00	1002.95	30.23	70.89	954.20	208.80	9.43	0.00	308.93	0.00	0.00	0.00
1484236839.0 49 -0.00	1002.08	30.42	67.41	948.97	207.58	4.66	0.00	308.87	0.00	0.00	0.00
1484236840.0 49 -0.00	1002.08	30.42	59.18	964.65	212.48	12.58	0.00	308.98	0.00	0.00	0.00
1484236841.0 49 -0.00	1001.68	30.23	66.93	961.17	210.02	3.69	0.00	308.93	0.00	0.00	0.00
1484236842.0 49 -0.00	999.54	30.42	80.38	961.17	212.48	6.12	0.00	309.10	0.00	0.00	0.00
1484236843.0 49 -0.00	1001.68	30.23	76.74	952.46	208.80	2.44	0.00	309.27	0.00	0.00	0.00
1484236845.0 49 -0.00	1000.81	30.42	69.94	948.97	207.58	10.68	0.00	308.93	473.68	0.00	0.00
1484236846.0 49 -0.00	1000.81	30.42	79.75	952.46	210.02	6.12	0.00	308.87	0.00	0.00	0.00
1484236847.0 49 -0.00	1001.68	30.23	68.35	962.91	211.25	3.69	0.00	308.93	0.00	0.00	0.00
1484236848.0 49 -0.00	1000.42	30.23	70.25	948.97	207.58	2.44	0.00	308.82	0.00	0.00	0.00
1484236849.0 49 -0.00	1000.02	30.05	78.01	952.46	210.02	-2.33	0.00	309.27	0.00	0.00	0.00
1484236850.0 50 -0.00	1001.29	30.05	74.05	966.40	212.48	2.44	0.00	309.04	0.00	0.00	0.00
1484236851.0 50 -0.00	1001.68	30.23	65.82	968.14	214.96	8.46	0.00	308.93	0.00	0.00	0.00
1484236853.0 50 -0.00	1001.29	30.05	69.94	957.68	210.02	8.08	0.00	309.04	0.00	0.00	0.00
1484236854.0 50 -0.00	999.63	29.86	73.73	952.46	210.02	9.43	0.00	309.15	285.25	0.00	0.00
1484236855.0 50 -0.00	1001.29	30.05	65.19	954.20	210.02	12.58	0.00	308.87	473.68	0.00	0.00
1484236856.0 50 -0.00	1000.42	30.23	60.28	947.23	206.36	5.45	0.00	308.93	0.00	0.00	0.00
1484236857.0 50 -0.00	1003.82	30.05	64.24	975.11	216.20	2.44	0.00	308.98	0.00	0.00	0.00
1484236858.0 50 -0.00	1002.16	29.86	67.88	969.88	214.96	9.71	0.00	308.98	0.00	0.00	0.00
1484236859.0 50 -0.00	1000.89	29.86	65.98	952.46	210.02	7.67	0.00	308.93	0.00	0.00	0.00
1484236860.0 50 -0.00	1002.16	29.86	54.11	966.40	212.48	8.08	0.00	308.98	0.00	0.00	0.00
1484236861.0 50 -0.00	1001.76	29.67	64.72	971.62	213.72	3.69	0.00	308.93	0.00	0.00	0.00
1484236862.0 50 -0.00	1001.36	29.49	64.56	964.65	214.96	3.69	0.00	309.04	0.00	0.00	0.00
1484236863.0 50 -0.00	1002.63	29.49	64.72	975.11	216.20	7.67	0.00	308.98	0.00	0.00	0.00
1484236865.0 50 -0.00	1001.76	29.67	67.88	962.91	212.48	4.66	0.00	308.98	473.68	0.00	0.00
1484236866.0 50 -0.00	1001.76	29.67	71.04	980.33	218.70	-2.33	0.00	309.38	0.00	0.00	0.00
1484236867.0 50 -0.00	1001.36	29.49	69.30	966.40	211.25	2.44	0.00	308.93	0.00	0.00	0.00
1484236868.0 50 -0.00	1002.63	29.49	65.35	964.65	211.25	7.67	0.00	309.04	0.00	0.00	0.00
1484236869.0 50 -0.00	1001.36	29.49	68.20	952.46	207.58	0.68	0.00	308.82	0.00	0.00	0.00
1484236870.0 50 -0.00	1000.97	29.30	72.63	957.68	208.80	-2.33	0.00	309.27	0.00	0.00	0.00
1484236871.0 50 -0.00	1002.63	29.49	71.20	969.88	213.72	7.67	0.00	309.04	0.00	0.00	0.00
1484236872.0 50 -0.00	1001.36	29.49	67.25	971.62	212.48	6.12	0.00	309.04	344.01	0.00	0.00
1484236873.0 50 -0.00	1001.36	29.49	64.24	959.43	212.48	-2.33	0.00	309.38	0.00	0.00	0.00
1484236874.0 50 -0.00	1001.36	29.49	57.75	961.17	210.02	-2.33	0.00	309.10	0.00	0.00	0.00
1484236875.0 50 -0.00	1001.36	29.49	59.97	978.59	216.20	0.68	0.00	309.15	0.00	0.00	0.00
1484236876.0 50 -0.00	1001.76	29.67	60.92	955.94	206.36	11.09	0.00	309.21	0.00	0.00	0.00
1484236877.0 50 -0.00	1002.63	29.49	50.47	961.17	207.58	0.68	0.00	308.87	0.00	0.00	0.00
1484236878.0 50 -0.00	1001.76	29.67	65.03	955.94	207.58	5.45	0.00	308.87	0.00	0.00	0.00
1484236879.0 50 -0.00	1001.76	29.67	71.20	973.37	217.45	4.66	0.00	309.27	0.00	0.00	0.00
1484236880.0 50 -0.00	1001.76	29.67	74.05	975.11	214.96	9.13	0.00	308.98	0.00	0.00	0.00
1484236881.0 50 -0.00	1001.76	29.67	70.25	973.37	214.96	2.44	0.00	308.93	0.00	0.00	0.00
1484236883.0 50 -0.00	1000.50	29.67	65.19	952.46	208.80	7.67	0.00	308.87	473.68	0.00	0.00
1484236884.0 50 -0.00	1000.50	29.67	73.58	969.88	211.25	0.68	0.00	308.76	0.00	0.00	0.00
1484236885.0 50 -0.00	1001.76	29.67	71.99	957.68	208.80	5.45	0.00	308.98	0.00	0.00	0.00
1484236886.0 50 -0.00	1001.76	29.67	62.66	959.43	207.58	2.44	0.00	308.87	0.00	0.00	0.00
1484236887.0 50 -0.00	1001.36	29.49	63.45	954.20	208.80	7.67	0.00	308.98	0.00	0.00	0.00
1484236888.0 50 -0.00	1000.50	29.67	66.93	954.20	207.58	0.68	0.00	309.21	0.00	0.00	0.00
1484236889.0 49 -0.00	1002.63	29.49	69.62	935.03	201.55	2.44	0.00	308.65	0.00	0.00	0.00
1484236890.0 49 -0.00	1001.36	29.49	71.52	959.43	208.80	3.69	0.00	308.93	0.00	0.00	0.00
1484236891.0 49 -0.00	1001.76	29.67	72.31	980.33	214.96	3.69	0.00	308.82	344.01	0.00	0.00
1484236892.0 49 -0.00	1001.76	29.67	64.40	971.62	212.48	5.45	0.00	308.93	0.00	0.00	0.00
1484236893.0 49 -0.00	1000.50	29.67	60.44	957.68	206.36	10.22	0.00	308.82	0.00	0.00	0.00
1484236894.0 49 -0.00	1003.03	29.67	67.88	961.17	207.58	0.68	0.00	309.21	0.00	0.00	0.00
1484236895.0 49 -0.00	1001.76	29.67	72.78	962.91	208.80	4.66	0.00	309.21	0.00	0.00	0.00
1484236896.0 49 -0.00	1001.76	29.67	68.51	954.20	207.58	-2.33	0.00	308.93	0.00	0.00	0.00
1484236897.0 49 -0.00	1000.89	29.86	61.71	985.56	216.20	4.66	0.00	309.10	0.00	0.00	0.00
1484236898.0 49 -0.00	1000.50	29.67	58.70	973.37	212.48	3.69	0.00	308.87	0.00	0.00	0.00
1484236899.0 49 -0.00	1001.76	29.67	64.56	962.91	210.02	3.69	0.00	308.98	0.00	0.00	0.00
1484236901.0 49 -0.00	1002.16	29.86	57.75	961.17	210.02	-0.00	0.00	308.87	0.00	0.00	0.00
1484236902.0 49 -0.00	1002.16	29.86	50.63	955.94	206.36	0.68	0.00	308.87	0.00	0.00	0.00
1484236903.0 52 -0.00	1000.50	29.67	45.89	968.14	211.25	7.21	0.00	309.15	0.00	0.00	0.00
1484236904.0 52 -0.00	1001.76	29.67	50.95	955.94	211.25	3.69	0.00	308.87	0.00	0.00	0.00
1484236905.0 52 -0.00	1000.50	29.67	55.38	964.65	208.80	5.45	0.00	309.15	0.00	0.00	0.00
1484236906.0 52 -0.00	1000.50	29.67	55.06	954.20	206.36	0.68	0.00	308.93	0.00	0.00	0.00
1484236907.0 52 -0.00	1000.50	29.67	55.38	983.82	217.45	0.68	0.00	308.93	473.68	0.00	0.00
1484236908.0 52 -0.00	1001.76	29.67	64.87	987.30	218.70	9.71	0.00	309.15	0.00	0.00	0.00
1484236909.0 52 -0.00	1001.36	29.49	67.72	964.65	210.02	6.70	0.00	308.93	0.00	0.00	0.00
1484236910.0 52 -0.00	1000.50	29.67	58.07	961.17	211.25	7.21	0.00	308.93	0.00	0.00	0.00
1484236911.0 52 -0.00	1002.63	29.49	64.24	982.08	213.72	6.12	0.00	308.87	0.00	0.00	0.00
1484236912.0 52 -0.00	1001.76	29.67	62.18	964.65	210.02	2.44	0.00	308.93	0.00	0.00	0.00
1484236913.0 52 -0.00	1001.76	29.67	60.44	959.43	207.58	0.68	0.00	308.87	0.00	0.00	0.00
1484236915.0 52 -0.00	1003.89	29.49	65.19	968.14	211.25	3.69	0.00	308.82	0.00	0.00	0.00
1484236916.0 53 -0.00	1000.97	29.30	72.47	959.43	210.02	7.21	0.00	308.87	0.00	0.00	0.00
1484236917.0 53 -0.00	1003.03	29.67	76.27	954.20	207.58	2.44	0.00	308.87	0.00	0.00	0.00
1484236918.0 53 -0.00	1001.36	29.49	69.94	969.88	211.25	14.00	0.00	308.98	0.00	0.00	0.00
1484236919.0 53 -0.00	1002.63	29.49	77.22	966.40	211.25	4.66	0.00	308.82	0.00	0.00	0.00
1484236920.0 53 -0.00	1001.36	29.49	73.42	961.17	208.80	-2.33	0.00	308.87	473.68	0.00	0.00
1484236921.0 53 -0.00	1002.23	29.30	75.00	959.43	208.80	4.66	0.00	308.93	0.00	0.00	0.00
1484236922.0 53 -0.00	1003.89	29.49	69.30	957.68	208.80	11.28	0.00	308.98	0.00	0.00	0.00
1484236923.0 53 -0.00	1000.97	29.30	77.06	957.68	207.58	-2.33	0.00	309.43	0.00	0.00	0.00
1484236924.0 53 -0.00	1003.50	29.30	77.69	987.30	218.70	0.68	0.00	309.15	0.00	0.00	0.00
1484236925.0 53 -0.00	1002.23	29.30	68.83	962.91	210.02	2.44	0.00	308.93	0.00	0.00	0.00
1484236926.0 53 -0.00	1003.89	29.49	58.86	957.68	207.58	2.44	0.00	309.21	0.00	0.00	0.00
1484236927.0 53 -0.00	1002.23	29.30	56.33	961.17	207.58	2.44	0.00	308.87	0.00	0.00	0.00
1484236929.0 53 -0.00	1003.89	29.49	53.96	955.94	208.80	4.66	0.00	308.82	0.00	0.00	0.00
1484236930.0 53 -0.00	1003.03	29.67	51.90	978.59	216.20	8.46	0.00	309.04	0.00	0.00	0.00
1484236931.0 53 -0.00	1001.36	29.49	57.28	982.08	213.72	-2.33	0.00	309.10	0.00	0.00	0.00
1484236932.0 53 -0.00	1000.10	29.49	60.60	952.46	207.58	3.69	0.00	308.82	0.00	0.00	0.00
1484236933.0 53 -0.00	1001.36	29.49	54.75	961.17	208.80	2.44	0.00	308.93	0.00	0.00	0.00
1484236934.0 53 -0.00	1000.10	29.49	50.63	957.68	207.58	12.85	0.00	309.15	0.00	0.00	0.00
1484236935.0 53 -0.00	1000.50	29.67	51.90	959.43	210.02	0.68	0.00	308.93	0.00	0.00	0.00
1484236936.0 53 -0.00	1001.76	29.67	63.92	980.33	216.20	8.08	0.00	309.04	0.00	0.00	0.00
1484236937.0 53 -0.00	1003.03	29.67	56.96	976.85	214.96	-2.33	0.00	308.98	0.00	0.00	0.00
1484236938.0 53 -0.00	1001.76	29.67	54.11	962.91	208.80	3.69	0.00	308.87	0.00	0.00	0.00
1484236939.0 53 -0.00	1000.89	29.86	60.92	982.08	214.96	3.69	0.00	309.04	0.00	0.00	0.00
1484236940.0 53 -0.00	1000.50	29.67	63.77	968.14	210.02	9.13	0.00	308.93	0.00	0.00	0.00
1484236941.0 52 -0.00	1001.76	29.67	53.32	969.88	211.25	6.12	0.00	308.98	0.00	0.00	0.00
1484236943.0 52 -0.00	1000.89	29.86	58.70	989.04	218.70	5.45	0.00	309.21	0.00	0.00	0.00
1484236944.0 52 -0.00	1000.50	29.67	58.39	976.85	212.48	5.45	0.00	308.98	0.00	0.00	0.00
1484236945.0 52 -0.00	1001.76	29.67	53.32	983.82	214.96	4.66	0.00	308.87	0.00	0.00	0.00
1484236946.0 52 -0.00	1001.36	29.49	53.32	961.17	208.80	0.68	0.00	308.87	0.00	0.00	0.00
1484236947.0 52 -0.00	1000.50	29.67	56.49	962.91	208.80	0.68	0.00	309.21	473.68	0.00	0.00
1484236948.0 52 -0.00	1001.76	29.67	58.86	962.91	211.25	4.66	0.00	308.93	0.00	0.00	0.00
1484236949.0 52 -0.00	1001.36	29.49	62.03	985.56	217.45	4.66	0.00	309.04	0.00	0.00	0.00
1484236950.0 52 -0.00	1004.29	29.67	54.91	980.33	214.96	7.67	0.00	309.04	473.68	0.00	0.00
1484236951.0 52 -0.00	1003.03	29.67	63.13	961.17	208.80	4.66	0.00	308.98	473.68	0.00	0.00
1484236952.0 52 -0.00	1002.23	29.30	60.60	971.62	214.96	0.68	0.00	309.21	0.00	0.00	0.00
1484236953.0 52 -0.00	1000.97	29.30	58.23	980.33	217.45	2.44	0.00	308.87	0.00	0.00	0.00
1484236955.0 52 -0.00	1000.10	29.49	59.81	962.91	210.02	-0.00	0.00	308.98	0.00	0.00	0.00
1484236956.0 52 -0.00	1000.10	29.49	65.35	978.59	213.72	3.69	0.00	309.04	0.00	0.00	0.00
1484236957.0 52 -0.00	1000.50	29.67	75.32	989.04	217.45	10.68	0.00	309.15	473.68	0.00	0.00
1484236958.0 52 -0.00	1000.10	29.49	69.94	975.11	214.96	5.45	0.00	309.15	0.00	0.00	0.00
1484236959.0 52 -0.00	1000.50	29.67	68.83	971.62	211.25	5.45	0.00	308.93	0.00	0.00	0.00
1484236960.0 52 -0.00	1001.76	29.67	75.16	987.30	216.20	10.89	0.00	309.10	0.00	0.00	0.00
1484236961.0 52 -0.00	1000.50	29.67	72.31	976.85	213.72	0.68	0.00	309.04	0.00	0.00	0.00
1484236962.0 52 -0.00	1001.76	29.67	73.26	964.65	210.02	4.66	0.00	308.87	0.00	0.00	0.00
1484236963.0 52 -0.00	1001.76	29.67	78.80	982.08	214.96	-0.00	0.00	309.04	0.00	0.00	0.00
1484236964.0 52 -0.00	1001.76	29.67	80.54	962.91	208.80	3.69	0.00	308.82	0.00	0.00	0.00
1484236966.0 52 -0.00	1002.16	29.86	82.59	964.65	212.48	10.22	0.00	309.27	0.00	0.00	0.00
1484236967.0 52 -0.00	1001.76	29.67	71.36	978.59	214.96	3.69	0.00	308.87	473.68	0.00	0.00
1484236968.0 52 -0.00	1002.55	30.05	60.76	952.46	206.36	9.43	0.00	308.82	0.00	0.00	0.00
1484236969.0 52 -0.00	1000.89	29.86	73.26	959.43	207.58	0.68	0.00	308.82	0.00	0.00	0.00
1484236970.0 52 -0.00	1003.42	29.86	62.97	971.62	212.48	-2.33	0.00	309.10	0.00	0.00	0.00
1484236971.0 52 -0.00	1000.50	29.67	59.49	962.91	208.80	3.69	0.00	308.87	0.00	0.00	0.00
1484236972.0 52 -0.00	1002.16	29.86	66.93	962.91	208.80	-0.00	0.00	309.10	0.00	0.00	0.00
1484236973.0 52 -0.00	1002.16	29.86	74.21	966.40	208.80	2.44	0.00	309.27	0.00	0.00	0.00
1484236974.0 52 -0.00	1000.42	30.23	66.61	982.08	214.96	0.68	0.00	309.27	0.00	0.00	0.00
1484236975.0 52 -0.00	1001.29	30.05	61.71	962.91	208.80	-2.33	0.00	309.04	0.00	0.00	0.00
1484236976.0 52 -0.00	1001.29	30.05	64.08	985.56	212.48	6.12	0.00	308.87	0.00	0.00	0.00
1484236978.0 52 -0.00	1000.50	29.67	59.49	980.33	213.72	4.66	0.00	309.04	0.00	0.00	0.00
1484236979.0 52 -0.00	1001.76	29.67	57.75	962.91	208.80	-0.00	0.00	308.98	0.00	0.00	0.00
1484236980.0 52 -0.00	1001.76	29.67	57.59	961.17	207.58	10.45	0.00	309.21	0.00	0.00	0.00
1484236981.0 52 -0.00	1001.76	29.67	52.85	971.62	210.02	8.81	0.00	308.82	0.00	0.00	0.00
1484236982.0 52 -0.00	1001.76	29.67	63.61	962.91	208.80	-2.33	0.00	308.82	0.00	0.00	0.00
1484236983.0 52 -0.00	1001.36	29.49	61.39	968.14	211.25	-0.00	0.00	309.04	0.00	0.00	0.00
1484236984.0 52 -0.00	1003.03	29.67	59.18	961.17	208.80	6.12	0.00	308.87	473.68	0.00	0.00
1484236985.0 52 -0.00	1001.76	29.67	65.82	969.88	208.80	9.71	0.00	308.82	0.00	0.00	0.00
1484236986.0 52 -0.00	1001.36	29.49	57.59	962.91	208.80	5.45	0.00	308.82	0.00	0.00	0.00
1484236987.0 52 -0.00	1003.03	29.67	57.75	962.91	207.58	11.28	0.00	308.87	0.00	0.00	0.00
1484236988.0 52 -0.00	1001.36	29.49	62.97	961.17	207.58	5.45	0.00	308.98	0.00	0.00	0.00
1484236989.0 52 -0.00	1001.76	29.67	67.72	962.91	207.58	3.69	0.00	309.21	0.00	0.00	0.00
1484236990.0 52 -0.00	1001.36	29.49	60.13	980.33	213.72	3.69	0.00	309.04	0.00	0.00	0.00
1484236991.0 52 -0.00	1003.03	29.67	57.75	975.11	212.48	2.44	0.00	308.93	0.00	0.00	0.00
1484236993.0 52 -0.00	1001.36	29.49	70.09	954.20	203.95	6.12	0.00	308.70	0.00	0.00	0.00
1484236994.0 52 -0.00	1001.76	29.67	70.73	959.43	206.36	-2.33	0.00	309.10	473.68	0.00	0.00
1484236995.0 52 -0.00	1003.42	29.86	67.25	968.14	211.25	2.44	0.00	308.98	0.00	0.00	0.00
1484236996.0 52 -0.00	1001.76	29.67	64.56	968.14	212.48	7.67	0.00	309.10	0.00	0.00	0.00
1484236997.0 52 -0.00	1001.76	29.67	68.99	975.11	212.48	2.44	0.00	308.93	0.00	0.00	0.00
1484236998.0 52 -0.00	1001.76	29.67	72.15	969.88	208.80	4.66	0.00	308.82	0.00	0.00	0.00
1484236999.0 52 -0.00	1001.76	29.67	68.35	969.88	210.02	-0.00	0.00	308.93	0.00	0.00	0.00
1484237000.0 52 -0.00	1003.03	29.67	65.19	955.94	208.80	4.66	0.00	309.15	225.21	0.00	0.00
1484237001.0 52 -0.00	1002.16	29.86	71.04	959.43	207.58	4.66	0.00	308.93	0.00	0.00	0.00
1484237002.0 52 -0.00	1001.76	29.67	73.26	985.56	214.96	4.66	0.00	309.04	344.01	0.00	0.00
1484237003.0 52 -0.00	1001.76	29.67	63.77	982.08	213.72	3.69	0.00	308.93	0.00	0.00	0.00
1484237004.0 52 -0.00	1001.76	29.67	68.67	969.88	210.02	0.68	0.00	308.87	0.00	0.00	0.00
1484237005.0 52 -0.00	1002.63	29.49	75.00	992.53	217.45	6.12	0.00	309.04	0.00	0.00	0.00
1484237007.0 50 -0.00	1003.03	29.67	65.66	959.43	207.58	7.67	0.00	308.82	0.00	0.00	0.00
1484237008.0 50 -0.00	1001.36	29.49	71.99	966.40	207.58	-2.33	0.00	308.93	0.00	0.00	0.00
1484237009.0 50 -0.00	1001.36	29.49	70.09	975.11	212.48	-0.00	0.00	309.21	344.01	0.00	0.00
1484237010.0 50 -0.00	1002.63	29.49	67.72	973.37	212.48	0.68	0.00	309.43	0.00	0.00	0.00
1484237011.0 50 -0.00	1001.36	29.49	76.58	961.17	207.58	5.45	0.00	309.27	0.00	0.00	0.00
1484237012.0 50 -0.00	1001.36	29.49	72.15	957.68	206.36	6.12	0.00	308.82	0.00	0.00	0.00
1484237013.0 50 -0.00	1001.76	29.67	71.36	962.91	208.80	6.70	0.00	308.87	0.00	0.00	0.00
1484237015.0 50 -0.00	1003.03	29.67	64.87	966.40	208.80	-2.33	0.00	308.93	0.00	0.00	0.00
1484237016.0 50 -0.00	1002.63	29.49	61.55	957.68	206.36	5.45	0.00	308.93	0.00	0.00	0.00
1484237017.0 50 -0.00	1001.36	29.49	70.57	964.65	208.80	-2.33	0.00	309.27	0.00	0.00	0.00
1484237018.0 50 -0.00	1002.23	29.30	67.72	982.08	214.96	-2.33	0.00	309.04	344.01	0.00	0.00
1484237019.0 50 -0.00	1001.36	29.49	65.19	976.85	211.25	8.08	0.00	308.93	0.00	0.00	0.00
1484237020.0 49 -0.00	1001.76	29.67	72.47	971.62	210.02	-2.33	0.00	309.21	473.68	0.00	0.00
1484237021.0 49 -0.00	1000.97	29.30	72.15	978.59	212.48	-0.00	0.00	308.98	0.00	0.00	0.00
1484237022.0 49 -0.00	1002.23	29.30	62.66	999.49	218.70	-2.33	0.00	309.27	344.01	0.00	0.00
1484237023.0 49 -0.00	1002.23	29.30	69.78	962.91	208.80	5.45	0.00	308.93	0.00	0.00	0.00
1484237024.0 49 -0.00	1001.84	29.11	63.61	969.88	213.72	10.68	0.00	309.21	0.00	0.00	0.00
1484237026.0 49 -0.00	1002.23	29.30	74.37	962.91	207.58	2.44	0.00	309.15	0.00	0.00	0.00
1484237027.0 49 -0.00	1000.18	28.93	68.83	973.37	213.72	5.45	0.00	309.15	0.00	0.00	0.00
1484237028.0 49 -0.00	1003.50	29.30	70.25	985.56	216.20	7.67	0.00	309.04	0.00	0.00	0.00
1484237029.0 49 -0.00	1001.84	29.11	75.95	980.33	213.72	-2.33	0.00	309.10	0.00	0.00	0.00
1484237030.0 49 -0.00	1002.23	29.30	70.09	964.65	207.58	7.67	0.00	308.98	0.00	0.00	0.00
1484237031.0 49 -0.00	1002.23	29.30	68.35	975.11	212.48	2.44	0.00	308.93	0.00	0.00	0.00
1484237032.0 50 -0.00	1002.23	29.30	72.15	957.68	206.36	-0.00	0.00	308.87	0.00	0.00	0.00
1484237033.0 50 -0.00	1000.97	29.30	71.99	957.68	207.58	0.68	0.00	308.93	0.00	0.00	0.00
1484237034.0 50 -0.00	1001.36	29.49	70.09	957.68	206.36	0.68	0.00	308.82	0.00	0.00	0.00
1484237036.0 50 -0.00	1003.50	29.30	78.96	969.88	211.25	-2.33	0.00	309.43	0.00	0.00	0.00
1484237037.0 50 -0.00	1001.36	29.49	71.52	961.17	207.58	10.22	0.00	309.21	0.00	0.00	0.00
1484237038.0 50 -0.00	1002.63	29.49	82.75	954.20	205.15	-2.33	0.00	308.87	0.00	0.00	0.00
1484237039.0 50 -0.00	1001.44	28.93	79.59	976.85	216.20	9.13	0.00	309.10	0.00	0.00	0.00
1484237040.0 50 -0.00	1000.57	29.11	78.80	982.08	216.20	-0.00	0.00	308.87	0.00	0.00	0.00
1484237041.0 50 -0.00	1000.57	29.11	79.59	966.40	212.48	8.08	0.00	308.87	0.00	0.00	0.00
1484237042.0 50 -0.00	1002.23	29.30	82.75	964.65	208.80	-2.33	0.00	308.87	0.00	0.00	0.00
1484237043.0 50 -0.00	1001.76	29.67	87.18	962.91	212.48	-2.33	0.00	308.93	0.00	0.00	0.00
1484237044.0 50 -0.00	1001.76	29.67	85.60	962.91	211.25	-0.00	0.00	308.93	0.00	0.00	0.00
1484237046.0 50 -0.00	1002.63	29.49	89.24	954.20	206.36	3.69	0.00	309.15	473.68	0.00	0.00
1484237047.0 50 -0.00	1003.03	29.67	89.40	968.14	212.48	2.44	0.00	308.98	0.00	0.00	0.00
1484237048.0 50 -0.00	1002.63	29.49	87.34	955.94	206.36	-2.33	0.00	308.87	0.00	0.00	0.00
1484237049.0 50 -0.00	1001.76	29.67	94.30	961.17	207.58	7.67	0.00	308.87	0.00	0.00	0.00
1484237050.0 50 -0.00	1002.63	29.49	87.97	957.68	207.58	-2.33	0.00	309.15	0.00	0.00	0.00
1484237051.0 50 -0.00	1001.76	29.67	90.51	952.46	205.15	0.68	0.00	308.82	0.00	0.00	0.00
1484237052.0 50 -0.00	1001.76	29.67	86.71	959.43	210.02	7.67	0.00	309.21	0.00	0.00	0.00
1484237053.0 50 -0.00	1003.03	29.67	81.17	971.62	213.72	2.44	0.00	308.98	0.00	0.00	0.00
1484237054.0 50 -0.00	1001.76	29.67	81.33	971.62	212.48	0.68	0.00	308.87	0.00	0.00	0.00
1484237055.0 50 -0.00	1002.16	29.86	83.07	976.85	213.72	5.45	0.00	308.98	0.00	0.00	0.00
1484237056.0 50 -0.00	1002.16	29.86	83.39	966.40	211.25	4.66	0.00	308.76	0.00	0.00	0.00
1484237057.0 50 -0.00	1003.42	29.86	85.44	962.91	208.80	-2.33	0.00	308.93	0.00	0.00	0.00
1484237058.0 50 -0.00	1002.16	29.86	85.60	948.97	205.15	0.68	0.00	308.59	0.00	0.00	0.00
1484237060.0 50 -0.00	1001.76	29.67	82.28	971.62	212.48	5.45	0.00	308.93	0.00	0.00	0.00
1484237061.0 50 -0.00	1000.89	29.86	81.01	957.68	207.58	0.68	0.00	309.04	0.00	0.00	0.00
1484237062.0 50 -0.00	1002.55	30.05	82.75	961.17	208.80	0.68	0.00	308.98	0.00	0.00	0.00
1484237063.0 50 -0.00	1002.16	29.86	76.11	976.85	212.48	11.28	0.00	308.87	0.00	0.00	0.00
1484237064.0 50 -0.00	1001.29	30.05	81.65	971.62	213.72	10.45	0.00	308.98	0.00	0.00	0.00
1484237065.0 50 -0.00	1000.89	29.86	77.53	959.43	208.80	2.44	0.00	308.87	0.00	0.00	0.00
1484237066.0 50 -0.00	1001.29	30.05	78.48	982.08	214.96	3.69	0.00	309.10	0.00	0.00	0.00
1484237067.0 50 -0.00	999.63	29.86	82.28	969.88	211.25	6.12	0.00	308.87	0.00	0.00	0.00
1484237068.0 50 -0.00	1002.55	30.05	77.85	957.68	207.58	-0.00	0.00	308.98	0.00	0.00	0.00
1484237069.0 50 -0.00	1002.95	30.23	76.42	961.17	211.25	9.71	0.00	309.10	0.00	0.00	0.00
1484237071.0 50 -0.00	1000.42	30.23	77.85	959.43	208.80	0.68	0.00	308.98	473.68	0.00	0.00
1484237072.0 50 -0.00	1000.42	30.23	83.23	969.88	212.48	2.44	0.00	308.93	0.00	0.00	0.00
1484237073.0 50 -0.00	1000.02	30.05	84.34	976.85	211.25	7.67	0.00	308.82	0.00	0.00	0.00
1484237074.0 50 -0.00	1000.42	30.23	84.02	957.68	208.80	4.66	0.00	308.93	0.00	0.00	0.00
1484237075.0 50 -0.00	1001.29	30.05	85.44	964.65	208.80	0.68	0.00	308.76	0.00	0.00	0.00
1484237076.0 50 -0.00	1000.42	30.23	85.13	962.91	208.80	-2.33	0.00	308.87	0.00	0.00	0.00
1484237077.0 50 -0.00	1000.02	30.05	87.66	982.08	214.96	9.97	0.00	309.49	0.00	0.00	0.00
1484237078.0 50 -0.00	1001.68	30.23	83.39	990.79	217.45	-0.00	0.00	309.32	0.00	0.00	0.00
1484237079.0 50 -0.00	1002.95	30.23	83.39	969.88	214.96	0.68	0.00	309.21	0.00	0.00	0.00
1484237080.0 50 -0.00	1001.68	30.23	83.07	973.37	214.96	3.69	0.00	308.82	0.00	0.00	0.00
1484237081.0 50 -0.00	1001.68	30.23	86.87	959.43	208.80	8.81	0.00	308.93	249.72	0.00	0.00
1484237082.0 50 -0.00	1000.02	30.05	85.92	969.88	212.48	-2.33	0.00	309.21	0.00	0.00	0.00
1484237083.0 50 -0.00	1002.55	30.05	86.55	954.20	205.15	-0.00	0.00	308.82	0.00	0.00	0.00
1484237084.0 50 -0.00	1002.55	30.05	90.98	985.56	217.45	5.45	0.00	309.10	0.00	0.00	0.00
1484237085.0 50 -0.00	1002.55	30.05	86.87	966.40	210.02	2.44	0.00	308.87	0.00	0.00	0.00
1484237087.0 50 -0.00	1002.16	29.86	87.18	971.62	213.72	9.43	0.00	308.87	0.00	0.00	0.00
1484237088.0 50 -0.00	1002.55	30.05	87.97	969.88	210.02	-0.00	0.00	308.87	0.00	0.00	0.00
1484237089.0 50 -0.00	1000.02	30.05	86.08	957.68	208.80	-2.33	0.00	308.87	0.00	0.00	0.00
1484237090.0 50 -0.00	1000.02	30.05	82.44	969.88	211.25	-0.00	0.00	308.87	0.00	0.00	0.00
1484237091.0 50 -0.00	1001.68	30.23	84.34	961.17	210.02	5.45	0.00	308.98	0.00	0.00	0.00
1484237092.0 50 -0.00	1001.29	30.05	83.39	957.68	212.48	0.68	0.00	309.27	0.00	0.00	0.00
1484237093.0 50 -0.00	1000.50	29.67	86.87	950.71	207.58	2.44	0.00	309.10	473.68	0.00	0.00
1484237094.0 50 -0.00	1000.89	29.86	87.82	964.65	213.72	0.68	0.00	308.82	0.00	0.00	0.00
1484237095.0 50 -0.00	1003.82	30.05	77.37	966.40	208.80	3.69	0.00	308.87	0.00	0.00	0.00
1484237096.0 50 -0.00	1002.55	30.05	91.61	962.91	211.25	10.22	0.00	308.76	0.00	0.00	0.00
1484237097.0 50 -0.00	1001.29	30.05	89.56	954.20	207.58	-0.00	0.00	308.82	0.00	0.00	0.00
1484237098.0 50 -0.00	1000.89	29.86	94.15	962.91	213.72	0.68	0.00	308.98	473.68	0.00	0.00
1484237100.0 50 -0.00	1002.16	29.86	87.50	950.71	206.36	3.69	0.00	309.04	0.00	0.00	0.00
1484237101.0 50 -0.00	1000.89	29.86	89.08	980.33	214.96	6.12	0.00	309.10	0.00	0.00	0.00
1484237102.0 50 -0.00	1001.29	30.05	86.55	954.20	207.58	6.70	0.00	308.87	0.00	0.00	0.00
1484237103.0 50 -0.00	1001.29	30.05	91.93	980.33	214.96	9.13	0.00	309.15	0.00	0.00	0.00
1484237104.0 50 -0.00	1001.29	30.05	90.82	968.14	214.96	0.68	0.00	309.04	0.00	0.00	0.00
1484237105.0 50 -0.00	1001.29	30.05	88.61	955.94	207.58	2.44	0.00	308.82	0.00	0.00	0.00
1484237106.0 50 -0.00	1002.55	30.05	90.66	990.79	218.70	8.08	0.00	308.98	0.00	0.00	0.00
1484237107.0 50 -0.00	1002.16	29.86	87.66	971.62	212.48	-2.33	0.00	308.93	0.00	0.00	0.00
1484237108.0 50 -0.00	1002.16	29.86	91.30	955.94	208.80	6.12	0.00	309.15	344.01	0.00	0.00
1484237109.0 50 -0.00	1003.82	30.05	89.87	975.11	214.96	-0.00	0.00	309.15	0.00	0.00	0.00
1484237110.0 50 -0.00	1001.29	30.05	89.72	957.68	208.80	7.67	0.00	308.98	0.00	0.00	0.00
1484237111.0 51 -0.00	1001.29	30.05	88.92	973.37	212.48	0.68	0.00	308.82	0.00	0.00	0.00
1484237112.0 51 -0.00	1002.95	30.23	88.77	968.14	212.48	-2.33	0.00	308.98	0.00	0.00	0.00
1484237113.0 51 -0.00	1001.29	30.05	87.82	954.20	206.36	-2.33	0.00	308.98	0.00	0.00	0.00
1484237115.0 51 -0.00	1002.55	30.05	95.73	955.94	208.80	4.66	0.00	308.87	0.00	0.00	0.00
1484237116.0 51 -0.00	1001.29	30.05	85.76	968.14	211.25	4.66	0.00	308.87	0.00	0.00	0.00
1484237117.0 51 -0.00	1001.29	30.05	87.34	975.11	214.96	6.12	0.00	308.93	0.00	0.00	0.00
1484237118.0 51 -0.00	1002.16	29.86	90.51	962.91	210.02	0.68	0.00	308.87	0.00	0.00	0.00
1484237119.0 51 -0.00	1003.42	29.86	83.54	955.94	207.58	-0.00	0.00	309.10	473.68	0.00	0.00
1484237120.0 51 -0.00	1000.89	29.86	84.65	948.97	205.15	-0.00	0.00	308.82	0.00	0.00	0.00
1484237121.0 51 -0.00	1002.55	30.05	83.23	975.11	214.96	-2.33	0.00	309.04	0.00	0.00	0.00
1484237122.0 51 -0.00	1000.89	29.86	82.28	978.59	211.25	0.68	0.00	308.76	0.00	0.00	0.00
1484237123.0 51 -0.00	1002.55	30.05	86.39	959.43	210.02	5.45	0.00	308.82	0.00	0.00	0.00
1484237124.0 50 -0.00	1000.50	29.67	84.02	971.62	212.48	8.08	0.00	308.87	0.00	0.00	0.00
1484237125.0 50 -0.00	1002.16	29.86	90.66	955.94	208.80	-0.00	0.00	308.76	0.00	0.00	0.00
1484237126.0 50 -0.00	1000.50	29.67	94.78	948.97	205.15	0.68	0.00	308.82	0.00	0.00	0.00
1484237127.0 50 -0.00	1001.76	29.67	90.19	954.20	207.58	-0.00	0.00	308.93	0.00	0.00	0.00
1484237128.0 50 -0.00	1000.89	29.86	77.53	954.20	207.58	-0.00	0.00	308.82	0.00	0.00	0.00
1484237129.0 50 -0.00	1001.76	29.67	79.59	947.23	206.36	7.67	0.00	308.87	473.68	0.00	0.00
1484237130.0 50 -0.00	1001.76	29.67	82.75	959.43	207.58	-0.00	0.00	309.15	0.00	0.00	0.00
1484237132.0 50 -0.00	1001.76	29.67	82.75	973.37	212.48	-2.33	0.00	309.15	0.00	0.00	0.00
1484237133.0 50 -0.00	1001.76	29.67	72.94	976.85	212.48	3.69	0.00	308.98	0.00	0.00	0.00
1484237134.0 50 -0.00	1001.76	29.67	83.54	955.94	212.48	2.44	0.00	309.15	0.00	0.00	0.00
1484237135.0 50 -0.00	1001.76	29.67	79.11	975.11	213.72	2.44	0.00	308.93	0.00	0.00	0.00
1484237136.0 50 -0.00	1000.50	29.67	79.11	955.94	208.80	0.68	0.00	308.87	0.00	0.00	0.00
1484237137.0 50 -0.00	1001.76	29.67	78.01	936.77	201.55	0.68	0.00	308.54	0.00	0.00	0.00
1484237138.0 50 -0.00	1001.76	29.67	78.48	954.20	205.15	-2.33	0.00	308.70	0.00	0.00	0.00
1484237139.0 50 -0.00	1001.76	29.67	78.01	961.17	211.25	-2.33	0.00	308.98	0.00	0.00	0.00
1484237140.0 50 -0.00	1001.76	29.67	76.74	955.94	207.58	-2.33	0.00	309.27	0.00	0.00	0.00
1484237141.0 50 -0.00	1001.36	29.49	72.78	976.85	213.72	-2.33	0.00	309.27	0.00	0.00	0.00
1484237142.0 50 -0.00	1001.76	29.67	81.17	954.20	207.58	-2.33	0.00	308.93	0.00	0.00	0.00
1484237143.0 50 -0.00	1001.36	29.49	73.10	955.94	210.02	-0.00	0.00	309.15	0.00	0.00	0.00
1484237144.0 50 -0.00	1001.36	29.49	79.43	978.59	216.20	5.45	0.00	308.98	0.00	0.00	0.00
1484237145.0 50 -0.00	1001.36	29.49	76.58	955.94	207.58	-2.33	0.00	308.87	0.00	0.00	0.00
1484237146.0 50 -0.00	1001.36	29.49	81.01	954.20	207.58	-0.00	0.00	309.10	0.00	0.00	0.00
1484237147.0 50 -0.00	1001.76	29.67	77.69	948.97	207.58	-0.00	0.00	308.87	0.00	0.00	0.00
1484237148.0 50 -0.00	1001.76	29.67	74.68	962.91	213.72	-2.33	0.00	309.15	0.00	0.00	0.00
1484237150.0 50 -0.00	1001.76	29.67	71.52	950.71	210.02	-2.33	0.00	309.10	0.00	0.00	0.00
1484237151.0 50 -0.00	1001.76	29.67	68.83	947.23	205.15	-2.33	0.00	308.76	0.00	0.00	0.00
1484237152.0 50 -0.00	1001.36	29.49	72.94	950.71	206.36	4.66	0.00	308.76	0.00	0.00	0.00
1484237153.0 50 -0.00	1001.76	29.67	75.47	959.43	208.80	7.67	0.00	309.32	0.00	0.00	0.00
1484237154.0 50 -0.00	1001.36	29.49	70.09	980.33	214.96	3.69	0.00	308.98	0.00	0.00	0.00
1484237155.0 50 -0.00	1001.36	29.49	66.14	955.94	208.80	9.13	0.00	308.87	0.00	0.00	0.00
1484237156.0 50 -0.00	1001.36	29.49	69.30	962.91	210.02	-2.33	0.00	309.27	0.00	0.00	0.00
1484237157.0 50 -0.00	1001.36	29.49	71.36	959.43	207.58	-2.33	0.00	308.93	0.00	0.00	0.00
1484237158.0 50 -0.00	1001.76	29.67	68.67	969.88	212.48	8.08	0.00	308.87	0.00	0.00	0.00
1484237159.0 50 -0.00	1001.36	29.49	72.78	952.46	207.58	-2.33	0.00	309.10	0.00	0.00	0.00
1484237160.0 50 -0.00	1001.76	29.67	77.53	955.94	206.36	3.69	0.00	308.93	0.00	0.00	0.00
1484237161.0 50 -0.00	1001.76	29.67	70.41	980.33	216.20	3.69	0.00	308.98	0.00	0.00	0.00
1484237162.0 50 -0.00	1002.55	30.05	77.69	973.37	214.96	2.44	0.00	309.15	0.00	0.00	0.00
1484237163.0 51 -0.00	1001.76	29.67	80.06	942.00	201.55	8.08	0.00	308.54	0.00	0.00	0.00
1484237164.0 51 -0.00	1002.16	29.86	75.79	962.91	208.80	-2.33	0.00	309.27	0.00	0.00	0.00
1484237166.0 51 -0.00	1001.76	29.67	81.49	975.11	213.72	7.67	0.00	309.10	0.00	0.00	0.00
1484237167.0 51 -0.00	1001.76	29.67	78.32	957.68	207.58	-0.00	0.00	308.98	0.00	0.00	0.00
1484237168.0 51 -0.00	1001.76	29.67	80.54	950.71	205.15	-2.33	0.00	308.76	0.00	0.00	0.00
1484237169.0 51 -0.00	1001.76	29.67	83.86	962.91	213.72	0.68	0.00	309.27	0.00	0.00	0.00
1484237170.0 51 -0.00	1001.76	29.67	87.82	973.37	212.48	11.28	0.00	308.93	0.00	0.00	0.00
1484237171.0 51 -0.00	1001.76	29.67	82.75	961.17	207.58	5.45	0.00	308.87	0.00	0.00	0.00
1484237172.0 51 -0.00	1001.76	29.67	80.06	968.14	208.80	0.68	0.00	308.82	0.00	0.00	0.00
1484237173.0 51 -0.00	1002.16	29.86	86.23	983.82	213.72	10.45	0.00	309.04	0.00	0.00	0.00
1484237174.0 51 -0.00	1002.16	29.86	84.65	971.62	210.02	-2.33	0.00	309.04	0.00	0.00	0.00
1484237175.0 51 -0.00	1001.29	30.05	83.07	957.68	210.02	6.12	0.00	309.10	0.00	0.00	0.00
1484237176.0 51 -0.00	1003.42	29.86	87.82	969.88	210.02	0.68	0.00	308.93	0.00	0.00	0.00
1484237178.0 51 -0.00	1002.16	29.86	86.39	961.17	207.58	4.66	0.00	308.82	0.00	0.00	0.00
1484237179.0 51 -0.00	1002.55	30.05	86.23	957.68	206.36	-2.33	0.00	308.87	0.00	0.00	0.00
1484237180.0 51 -0.00	1002.55	30.05	82.12	961.17	210.02	5.45	0.00	309.04	0.00	0.00	0.00
1484237181.0 51 -0.00	1002.55	30.05	84.18	961.17	207.58	2.44	0.00	308.87	0.00	0.00	0.00
1484237182.0 51 -0.00	1002.16	29.86	85.44	964.65	207.58	-2.33	0.00	308.87	0.00	0.00	0.00
1484237183.0 51 -0.00	1001.29	30.05	78.80	969.88	208.80	-2.33	0.00	308.82	0.00	0.00	0.00
1484237184.0 51 -0.00	1002.55	30.05	79.11	964.65	207.58	-2.33	0.00	308.98	0.00	0.00	0.00
1484237185.0 51 -0.00	1000.02	30.05	81.49	961.17	207.58	-0.00	0.00	308.82	0.00	0.00	0.00
1484237186.0 51 -0.00	1002.55	30.05	78.01	954.20	205.15	0.68	0.00	308.76	0.00	0.00	0.00
1484237187.0 51 -0.00	1001.29	30.05	78.01	969.88	208.80	2.44	0.00	308.87	0.00	0.00	0.00
1484237188.0 51 -0.00	1000.89	29.86	83.54	961.17	206.36	2.44	0.00	309.15	0.00	0.00	0.00
1484237189.0 51 -0.00	1002.55	30.05	80.06	943.74	201.55	-0.00	0.00	308.59	0.00	0.00	0.00
1484237190.0 51 -0.00	1000.89	29.86	81.80	959.43	207.58	-0.00	0.00	308.76	0.00	0.00	0.00
1484237192.0 51 -0.00	1002.16	29.86	83.39	959.43	206.36	0.68	0.00	308.82	0.00	0.00	0.00
1484237193.0 51 -0.00	1001.76	29.67	80.22	969.88	208.80	-0.00	0.00	308.82	0.00	0.00	0.00
1484237194.0 51 -0.00	1003.82	30.05	80.06	955.94	205.15	3.69	0.00	308.82	0.00	0.00	0.00
1484237195.0 51 -0.00	1003.03	29.67	88.77	973.37	211.25	8.08	0.00	308.98	0.00	0.00	0.00
1484237196.0 51 -0.00	1002.55	30.05	86.87	962.91	211.25	-0.00	0.00	309.04	344.01	0.00	0.00
1484237197.0 51 -0.00	1001.76	29.67	84.02	957.68	205.15	-2.33	0.00	308.82	0.00	0.00	0.00
1484237198.0 51 -0.00	1001.76	29.67	85.76	985.56	214.96	8.08	0.00	309.04	0.00	0.00	0.00
1484237199.0 51 -0.00	1001.76	29.67	94.78	973.37	208.80	-2.33	0.00	308.76	473.68	0.00	0.00
1484237200.0 51 -0.00	1001.76	29.67	87.18	964.65	207.58	-0.00	0.00	308.82	0.00	0.00	0.00
1484237201.0 51 -0.00	1001.76	29.67	84.65	975.11	212.48	-2.33	0.00	309.04	0.00	0.00	0.00
1484237202.0 51 -0.00	1001.76	29.67	90.82	964.65	207.58	0.68	0.00	308.87	0.00	0.00	0.00
1484237203.0 50 -0.00	1003.03	29.67	94.15	961.17	206.36	9.13	0.00	308.76	0.00	0.00	0.00
1484237204.0 50 -0.00	1001.76	29.67	98.10	961.17	206.36	0.68	0.00	308.82	0.00	0.00	0.00
1484237205.0 50 -0.00	1002.16	29.86	85.28	976.85	210.02	3.69	0.00	308.93	0.00	0.00	0.00
1484237206.0 50 -0.00	1001.76	29.67	90.98	955.94	203.95	0.68	0.00	308.87	0.00	0.00	0.00
1484237208.0 50 -0.00	1001.76	29.67	88.13	962.91	206.36	0.68	0.00	309.21	0.00	0.00	0.00
1484237209.0 50 -0.00	1001.36	29.49	90.51	964.65	206.36	-2.33	0.00	308.87	0.00	0.00	0.00
1484237210.0 50 -0.00	1001.76	29.67	91.77	961.17	207.58	-2.33	0.00	308.87	0.00	0.00	0.00
1484237211.0 50 -0.00	1002.63	29.49	87.66	976.85	211.25	0.68	0.00	309.32	0.00	0.00	0.00
1484237212.0 50 -0.00	1000.97	29.30	87.82	973.37	212.48	5.45	0.00	308.93	0.00	0.00	0.00
1484237213.0 50 -0.00	1002.63	29.49	92.72	966.40	207.58	-2.33	0.00	308.87	0.00	0.00	0.00
1484237214.0 50 -0.00	1002.23	29.30	90.98	976.85	208.80	-2.33	0.00	308.87	0.00	0.00	0.00
1484237215.0 50 -0.00	1001.36	29.49	89.87	959.43	206.36	3.69	0.00	308.70	0.00	0.00	0.00
1484237216.0 50 -0.00	1002.23	29.30	90.82	969.88	207.58	2.44	0.00	308.82	0.00	0.00	0.00
1484237217.0 50 -0.00	1002.23	29.30	95.09	962.91	206.36	-2.33	0.00	309.04	0.00	0.00	0.00
1484237218.0 50 -0.00	1001.84	29.11	94.94	961.17	205.15	-0.00	0.00	308.76	0.00	0.00	0.00
1484237219.0 50 -0.00	1003.50	29.30	92.25	976.85	210.02	4.66	0.00	308.98	0.00	0.00	0.00
1484237220.0 50 -0.00	1002.23	29.30	99.05	980.33	213.72	0.68	0.00	308.98	0.00	0.00	0.00
1484237221.0 50 -0.00	1001.44	28.93	97.47	962.91	205.15	8.46	0.00	308.76	0.00	0.00	0.00
1484237222.0 50 -0.00	1001.44	28.93	96.36	968.14	208.80	-2.33	0.00	309.27	0.00	0.00	0.00
1484237223.0 50 -0.00	1001.44	28.93	94.78	985.56	212.48	4.66	0.00	308.98	0.00	0.00	0.00
1484237224.0 50 -0.00	1001.04	28.74	95.89	968.14	207.58	-2.33	0.00	308.93	0.00	0.00	0.00
1484237225.0 50 -0.00	1001.91	28.55	100.32	976.85	210.02	7.21	0.00	308.87	0.00	0.00	0.00
1484237226.0 50 -0.00	1001.04	28.74	91.46	962.91	205.15	-2.33	0.00	308.76	0.00	0.00	0.00
1484237227.0 50 -0.00	1002.31	28.74	94.15	976.85	210.02	0.68	0.00	309.32	0.00	0.00	0.00
1484237228.0 50 -0.00	1001.91	28.55	95.09	966.40	207.58	-0.00	0.00	309.15	0.00	0.00	0.00
1484237230.0 51 -0.00	1001.04	28.74	98.26	964.65	205.15	-2.33	0.00	308.87	0.00	0.00	0.00
1484237231.0 51 -0.00	1002.31	28.74	93.35	962.91	206.36	-2.33	0.00	309.15	0.00	0.00	0.00
1484237232.0 51 -0.00	1000.65	28.55	91.93	957.68	203.95	7.67	0.00	308.54	0.00	0.00	0.00
1484237233.0 51 -0.00	1001.04	28.74	92.56	968.14	206.36	-0.00	0.00	308.82	0.00	0.00	0.00
1484237234.0 51 -0.00	1002.31	28.74	95.57	964.65	206.36	8.08	0.00	308.93	0.00	0.00	0.00
1484237235.0 51 -0.00	1001.04	28.74	96.52	990.79	213.72	2.44	0.00	308.87	0.00	0.00	0.00
1484237236.0 51 -0.00	1001.44	28.93	95.89	966.40	206.36	-0.00	0.00	308.70	0.00	0.00	0.00
1484237237.0 51 -0.00	1001.04	28.74	93.67	969.88	207.58	-2.33	0.00	309.21	0.00	0.00	0.00
1484237238.0 51 -0.00	999.78	28.74	98.10	966.40	207.58	-0.00	0.00	308.93	0.00	0.00	0.00
1484237239.0 51 -0.00	1001.44	28.93	99.05	961.17	205.15	-2.33	0.00	308.76	473.68	0.00	0.00
1484237240.0 51 -0.00	1001.44	28.93	98.10	975.11	210.02	4.66	0.00	308.93	0.00	0.00	0.00
1484237241.0 51 -0.00	1001.84	29.11	104.11	966.40	206.36	-2.33	0.00	309.10	0.00	0.00	0.00
1484237242.0 51 -0.00	1001.44	28.93	104.27	983.82	208.80	5.45	0.00	308.65	0.00	0.00	0.00
1484237243.0 51 -0.00	1003.10	29.11	103.48	962.91	206.36	5.45	0.00	308.82	0.00	0.00	0.00
1484237244.0 51 -0.00	1000.57	29.11	105.70	966.40	207.58	0.68	0.00	308.82	0.00	0.00	0.00
1484237245.0 51 -0.00	1002.23	29.30	103.64	980.33	212.48	6.70	0.00	308.87	0.00	0.00	0.00
1484237246.0 51 -0.00	1000.57	29.11	103.01	964.65	208.80	-0.00	0.00	308.87	473.68	0.00	0.00
1484237247.0 51 -0.00	1002.23	29.30	101.74	964.65	207.58	-0.00	0.00	308.98	0.00	0.00	0.00
1484237248.0 51 -0.00	1001.84	29.11	100.63	957.68	206.36	-0.00	0.00	308.70	0.00	0.00	0.00
1484237249.0 51 -0.00	1003.10	29.11	105.70	968.14	208.80	0.68	0.00	308.82	473.68	0.00	0.00
1484237251.0 51 -0.00	1000.18	28.93	105.22	966.40	207.58	0.68	0.00	308.82	0.00	0.00	0.00
1484237252.0 51 -0.00	1001.44	28.93	103.16	968.14	208.80	-0.00	0.00	308.82	473.68	0.00	0.00
1484237253.0 51 -0.00	1001.84	29.11	109.81	985.56	214.96	-2.33	0.00	308.98	0.00	0.00	0.00
1484237254.0 51 -0.00	1001.84	29.11	108.07	980.33	213.72	0.68	0.00	309.10	473.68	0.00	0.00
1484237255.0 51 -0.00	1001.44	28.93	108.70	957.68	202.74	0.68	0.00	308.87	0.00	0.00	0.00
1484237256.0 51 -0.00	1001.44	28.93	101.27	980.33	212.48	-0.00	0.00	309.15	0.00	0.00	0.00
1484237257.0 51 -0.00	1000.57	29.11	102.53	990.79	217.45	3.69	0.00	308.65	473.68	0.00	0.00
1484237258.0 51 -0.00	1000.18	28.93	103.16	980.33	211.25	5.45	0.00	308.87	0.00	0.00	0.00
1484237259.0 51 -0.00	1000.18	28.93	100.47	980.33	212.48	3.69	0.00	308.87	0.00	0.00	0.00
1484237260.0 51 -0.00	1001.44	28.93	100.63	964.65	206.36	-0.00	0.00	309.10	0.00	0.00	0.00
1484237261.0 51 -0.00	1001.04	28.74	100.63	966.40	206.36	-0.00	0.00	308.76	0.00	0.00	0.00
1484237262.0 51 -0.00	1001.44	28.93	100.79	975.11	212.48	-0.00	0.00	309.21	344.01	0.00	0.00
1484237263.0 51 -0.00	1001.44	28.93	101.90	982.08	213.72	4.66	0.00	308.70	473.68	0.00	0.00
1484237264.0 51 -0.00	1003.10	29.11	103.80	971.62	208.80	-0.00	0.00	308.87	0.00	0.00	0.00
1484237265.0 51 -0.00	1001.84	29.11	107.75	962.91	205.15	0.68	0.00	309.15	0.00	0.00	0.00
1484237266.0 51 -0.00	1001.84	29.11	104.43	969.88	208.80	-2.33	0.00	308.93	0.00	0.00	0.00
1484237267.0 51 -0.00	1001.84	29.11	105.38	971.62	208.80	-0.00	0.00	308.82	0.00	0.00	0.00
1484237268.0 50 -0.00	1002.23	29.30	104.59	962.91	206.36	-0.00	0.00	308.93	0.00	0.00	0.00
1484237269.0 50 -0.00	1001.84	29.11	103.01	973.37	212.48	-2.33	0.00	309.10	0.00	0.00	0.00
1484237270.0 50 -0.00	1000.97	29.30	105.22	962.91	205.15	-0.00	0.00	308.70	0.00	0.00	0.00
1484237271.0 50 -0.00	1000.97	29.30	105.06	975.11	210.02	11.09	0.00	308.82	0.00	0.00	0.00
1484237273.0 50 -0.00	1000.97	29.30	105.54	959.43	205.15	-0.00	0.00	308.70	0.00	0.00	0.00
1484237274.0 50 -0.00	1002.23	29.30	103.48	966.40	206.36	-0.00	0.00	309.10	0.00	0.00	0.00
1484237275.0 50 -0.00	1000.97	29.30	104.75	962.91	206.36	3.69	0.00	309.10	0.00	0.00	0.00
1484237276.0 50 -0.00	1002.63	29.49	103.16	975.11	211.25	-2.33	0.00	308.93	0.00	0.00	0.00
1484237277.0 50 -0.00	1002.23	29.30	106.01	975.11	210.02	-2.33	0.00	308.82	0.00	0.00	0.00
1484237278.0 50 -0.00	1002.23	29.30	102.06	983.82	213.72	-0.00	0.00	308.87	0.00	0.00	0.00
1484237279.0 50 -0.00	1001.36	29.49	103.01	969.88	208.80	-2.33	0.00	308.82	473.68	0.00	0.00
1484237280.0 50 -0.00	1001.36	29.49	101.74	994.27	217.45	-2.33	0.00	309.15	0.00	0.00	0.00
1484237281.0 51 -0.00	1002.63	29.49	104.75	983.82	216.20	0.68	0.00	309.21	0.00	0.00	0.00
1484237282.0 51 -0.00	1001.36	29.49	103.96	964.65	210.02	-0.00	0.00	309.04	0.00	0.00	0.00
1484237283.0 51 -0.00	1002.63	29.49	106.01	964.65	206.36	0.68	0.00	308.76	0.00	0.00	0.00
1484237284.0 51 -0.00	1002.63	29.49	101.27	959.43	206.36	-0.00	0.00	309.32	0.00	0.00	0.00
1484237285.0 51 -0.00	1001.36	29.49	105.22	976.85	212.48	0.68	0.00	308.93	0.00	0.00	0.00
1484237287.0 51 -0.00	1001.76	29.67	102.37	962.91	210.02	0.68	0.00	308.98	0.00	0.00	0.00
1484237288.0 51 -0.00	1001.36	29.49	102.37	973.37	211.25	-2.33	0.00	308.82	0.00	0.00	0.00
1484237289.0 51 -0.00	1001.36	29.49	100.63	955.94	205.15	-0.00	0.00	308.70	0.00	0.00	0.00
1484237290.0 51 -0.00	1002.63	29.49	104.75	962.91	206.36	0.68	0.00	309.21	0.00	0.00	0.00
1484237291.0 51 -0.00	1002.63	29.49	100.79	976.85	212.48	-0.00	0.00	309.04	0.00	0.00	0.00
1484237292.0 51 -0.00	1001.36	29.49	101.11	962.91	208.80	-2.33	0.00	308.93	0.00	0.00	0.00
1484237293.0 51 -0.00	1001.36	29.49	101.58	957.68	206.36	4.66	0.00	308.82	0.00	0.00	0.00
1484237294.0 51 -0.00	1003.03	29.67	100.63	957.68	205.15	8.46	0.00	308.93	0.00	0.00	0.00
1484237295.0 51 -0.00	1001.36	29.49	102.69	948.97	205.15	0.68	0.00	308.70	0.00	0.00	0.00
1484237296.0 51 -0.00	1000.50	29.67	102.53	933.28	201.55	-2.33	0.00	308.65	0.00	0.00	0.00
1484237297.0 51 -0.00	1001.76	29.67	104.43	961.17	206.36	-2.33	0.00	309.04	0.00	0.00	0.00
1484237298.0 51 -0.00	1000.10	29.49	100.63	987.30	217.45	2.44	0.00	309.21	0.00	0.00	0.00
1484237299.0 51 -0.00	1000.10	29.49	100.79	964.65	211.25	0.68	0.00	309.04	0.00	0.00	0.00
1484237300.0 51 -0.00	1003.03	29.67	101.27	961.17	206.36	-0.00	0.00	309.32	0.00	0.00	0.00
1484237302.0 51 -0.00	1001.76	29.67	104.27	975.11	212.48	0.68	0.00	308.93	0.00	0.00	0.00
1484237303.0 51 -0.00	1001.76	29.67	100.63	961.17	207.58	-0.00	0.00	308.76	0.00	0.00	0.00
1484237304.0 51 -0.00	1001.76	29.67	99.53	969.88	210.02	-0.00	0.00	308.82	0.00	0.00	0.00
1484237305.0 51 -0.00	1002.16	29.86	108.39	954.20	205.15	-2.33	0.00	308.70	0.00	0.00	0.00
1484237306.0 51 -0.00	1001.76	29.67	100.63	961.17	208.80	-0.00	0.00	309.15	0.00	0.00	0.00
1484237307.0 54 -0.00	1001.76	29.67	97.63	976.85	213.72	-2.33	0.00	308.87	0.00	0.00	0.00
1484237308.0 54 -0.00	1000.50	29.67	100.47	973.37	211.25	-2.33	0.00	308.87	344.01	0.00	0.00
1484237309.0 54 -0.00	1002.16	29.86	102.69	964.65	208.80	-2.33	0.00	308.87	0.00	0.00	0.00
1484237310.0 54 -0.00	1000.89	29.86	106.01	964.65	208.80	2.44	0.00	309.04	0.00	0.00	0.00
1484237311.0 54 -0.00	1003.42	29.86	100.95	968.14	210.02	3.69	0.00	309.27	0.00	0.00	0.00
1484237313.0 54 -0.00	1002.16	29.86	102.06	968.14	210.02	-0.00	0.00	309.27	0.00	0.00	0.00
1484237314.0 54 -0.00	1002.16	29.86	104.91	966.40	210.02	-0.00	0.00	308.98	0.00	0.00	0.00
1484237315.0 54 -0.00	1001.76	29.67	105.54	978.59	214.96	4.66	0.00	309.04	0.00	0.00	0.00
1484237316.0 54 -0.00	1000.89	29.86	99.84	990.79	217.45	-0.00	0.00	308.93	0.00	0.00	0.00
1484237317.0 54 -0.00	1001.76	29.67	105.06	957.68	207.58	8.46	0.00	308.87	0.00	0.00	0.00
1484237318.0 54 -0.00	1000.89	29.86	104.75	957.68	206.36	-0.00	0.00	309.10	0.00	0.00	0.00
1484237319.0 54 -0.00	1001.76	29.67	103.96	950.71	203.95	-2.33	0.00	308.82	0.00	0.00	0.00
1484237320.0 53 -0.00	1000.89	29.86	102.37	954.20	208.80	-0.00	0.00	308.76	0.00	0.00	0.00
1484237321.0 53 -0.00	1000.50	29.67	107.12	954.20	206.36	0.68	0.00	308.98	0.00	0.00	0.00
1484237322.0 53 -0.00	1000.89	29.86	104.11	957.68	206.36	8.81	0.00	308.82	0.00	0.00	0.00
1484237323.0 53 -0.00	1000.89	29.86	107.28	952.46	205.15	5.45	0.00	308.65	0.00	0.00	0.00
1484237324.0 53 -0.00	1000.50	29.67	106.01	961.17	207.58	5.45	0.00	308.82	0.00	0.00	0.00
1484237326.0 53 -0.00	1001.29	30.05	100.32	971.62	207.58	-0.00	0.00	308.82	0.00	0.00	0.00
1484237327.0 53 -0.00	1001.29	30.05	103.32	968.14	210.02	-0.00	0.00	308.70	0.00	0.00	0.00
1484237328.0 53 -0.00	1001.68	30.23	99.68	968.14	210.02	-0.00	0.00	308.87	0.00	0.00	0.00
1484237329.0 53 -0.00	1002.55	30.05	104.59	955.94	206.36	4.66	0.00	308.82	0.00	0.00	0.00
1484237330.0 53 -0.00	1001.29	30.05	103.16	962.91	210.02	-2.33	0.00	308.98	0.00	0.00	0.00
1484237331.0 53 -0.00	1001.29	30.05	101.58	957.68	206.36	3.69	0.00	309.15	0.00	0.00	0.00
1484237332.0 53 -0.00	1001.68	30.23	102.22	980.33	213.72	2.44	0.00	309.15	0.00	0.00	0.00
1484237333.0 54 -0.00	1000.89	29.86	102.69	948.97	203.95	3.69	0.00	308.70	0.00	0.00	0.00
1484237334.0 54 -0.00	1002.55	30.05	102.22	961.17	207.58	7.21	0.00	308.76	0.00	0.00	0.00
1484237335.0 54 -0.00	1001.29	30.05	100.32	962.91	208.80	-0.00	0.00	309.32	344.01	0.00	0.00
1484237337.0 54 -0.00	1001.68	30.23	105.38	955.94	206.36	0.68	0.00	309.04	0.00	0.00	0.00
1484237338.0 54 -0.00	1001.29	30.05	99.53	952.46	203.95	4.66	0.00	308.65	0.00	0.00	0.00
1484237339.0 54 -0.00	1002.16	29.86	100.95	948.97	207.58	-2.33	0.00	309.21	0.00	0.00	0.00
1484237340.0 54 -0.00	1001.29	30.05	96.99	957.68	206.36	-0.00	0.00	309.10	0.00	0.00	0.00
1484237341.0 54 -0.00	1001.29	30.05	101.11	950.71	205.15	0.68	0.00	308.82	0.00	0.00	0.00
1484237342.0 54 -0.00	1002.16	29.86	96.68	978.59	213.72	3.69	0.00	309.04	0.00	0.00	0.00
1484237343.0 54 -0.00	1000.50	29.67	100.00	982.08	210.02	-0.00	0.00	308.76	0.00	0.00	0.00
1484237344.0 54 -0.00	1000.50	29.67	100.00	969.88	210.02	-0.00	0.00	308.76	0.00	0.00	0.00
1484237345.0 54 -0.00	1002.55	30.05	102.53	955.94	206.36	-0.00	0.00	308.82	0.00	0.00	0.00
1484237346.0 53 -0.00	1000.50	29.67	102.06	962.91	210.02	-2.33	0.00	308.65	473.68	0.00	0.00
1484237347.0 53 -0.00	1000.50	29.67	104.43	973.37	210.02	8.81	0.00	308.93	0.00	0.00	0.00
1484237348.0 53 -0.00	1001.76	29.67	102.06	955.94	206.36	-2.33	0.00	308.76	0.00	0.00	0.00
1484237349.0 53 -0.00	1001.76	29.67	95.57	968.14	210.02	9.13	0.00	308.98	0.00	0.00	0.00
1484237351.0 53 -0.00	1002.63	29.49	86.23	968.14	208.80	-2.33	0.00	308.70	0.00	0.00	0.00
1484237352.0 53 -0.00	1001.76	29.67	82.12	961.17	206.36	-0.00	0.00	308.82	0.00	0.00	0.00
1484237353.0 53 -0.00	1002.23	29.30	65.66	961.17	207.58	4.66	0.00	308.76	0.00	0.00	0.00
1484237354.0 53 -0.00	1001.36	29.49	68.51	957.68	207.58	-2.33	0.00	308.87	0.00	0.00	0.00
1484237355.0 53 -0.00	1002.23	29.30	65.66	959.43	206.36	-0.00	0.00	309.21	0.00	0.00	0.00
1484237356.0 53 -0.00	1001.84	29.11	60.44	957.68	206.36	0.68	0.00	309.10	0.00	0.00	0.00
1484237357.0 53 -0.00	1002.23	29.30	65.82	961.17	207.58	-0.00	0.00	308.87	0.00	0.00	0.00
1484237358.0 53 -0.00	1000.57	29.11	64.87	962.91	212.48	-0.00	0.00	309.21	0.00	0.00	0.00
1484237359.0 53 -0.00	1001.44	28.93	59.34	954.20	205.15	4.66	0.00	308.82	0.00	0.00	0.00
1484237360.0 53 -0.00	1001.44	28.93	58.70	952.46	206.36	-2.33	0.00	308.87	0.00	0.00	0.00
1484237361.0 53 -0.00	1003.10	29.11	69.15	954.20	205.15	7.67	0.00	308.82	0.00	0.00	0.00
1484237363.0 53 -0.00	1001.44	28.93	58.39	969.88	210.02	8.08	0.00	309.27	0.00	0.00	0.00
1484237364.0 53 -0.00	1002.23	29.30	63.29	975.11	212.48	-2.33	0.00	308.98	0.00	0.00	0.00
1484237365.0 53 -0.00	1001.44	28.93	63.45	957.68	206.36	-0.00	0.00	308.82	0.00	0.00	0.00
1484237366.0 53 -0.00	1001.84	29.11	59.34	957.68	208.80	0.68	0.00	309.15	0.00	0.00	0.00
1484237367.0 53 -0.00	1001.44	28.93	63.61	983.82	214.96	-2.33	0.00	308.98	0.00	0.00	0.00
1484237368.0 53 -0.00	1000.18	28.93	60.60	955.94	206.36	-0.00	0.00	308.87	0.00	0.00	0.00
1484237369.0 53 -0.00	1001.04	28.74	56.80	971.62	211.25	7.67	0.00	308.76	0.00	0.00	0.00
1484237370.0 53 -0.00	1001.84	29.11	61.71	950.71	203.95	-0.00	0.00	308.70	0.00	0.00	0.00
1484237371.0 53 -0.00	1003.10	29.11	71.36	959.43	208.80	-0.00	0.00	308.87	0.00	0.00	0.00
1484237372.0 53 -0.00	1001.44	28.93	61.08	971.62	212.48	7.21	0.00	308.93	0.00	0.00	0.00
1484237374.0 53 -0.00	1001.84	29.11	60.92	961.17	208.80	2.44	0.00	308.65	0.00	0.00	0.00
1484237375.0 53 -0.00	1000.97	29.30	68.51	982.08	211.25	4.66	0.00	308.76	0.00	0.00	0.00
1484237376.0 53 -0.00	1003.10	29.11	58.70	954.20	207.58	-2.33	0.00	308.93	0.00	0.00	0.00
1484237377.0 53 -0.00	1001.44	28.93	58.70	964.65	211.25	-2.33	0.00	309.04	0.00	0.00	0.00
1484237378.0 53 -0.00	1000.57	29.11	62.82	948.97	203.95	-0.00	0.00	308.76	0.00	0.00	0.00
1484237379.0 53 -0.00	1000.18	28.93	66.30	955.94	206.36	0.68	0.00	308.98	0.00	0.00	0.00
1484237380.0 53 -0.00	1001.84	29.11	59.18	955.94	207.58	0.68	0.00	308.82	344.01	0.00	0.00
1484237381.0 53 -0.00	1002.23	29.30	74.21	955.94	206.36	-2.33	0.00	308.87	0.00	0.00	0.00
1484237382.0 53 -0.00	1000.97	29.30	69.30	957.68	207.58	7.67	0.00	309.15	0.00	0.00	0.00
1484237383.0 53 -0.00	1000.97	29.30	63.45	955.94	206.36	-2.33	0.00	309.15	0.00	0.00	0.00
1484237385.0 53 -0.00	1001.76	29.67	67.41	947.23	203.95	7.21	0.00	308.76	0.00	0.00	0.00
1484237386.0 53 -0.00	1001.36	29.49	66.30	952.46	207.58	0.68	0.00	308.76	0.00	0.00	0.00
1484237387.0 53 -0.00	1002.63	29.49	62.66	950.71	206.36	-0.00	0.00	308.70	0.00	0.00	0.00
1484237388.0 53 -0.00	1001.36	29.49	65.03	966.40	210.02	-0.00	0.00	308.98	0.00	0.00	0.00
1484237389.0 53 -0.00	1002.63	29.49	65.82	947.23	205.15	0.68	0.00	308.82	0.00	0.00	0.00
1484237390.0 53 -0.00	1001.36	29.49	63.13	961.17	208.80	-0.00	0.00	309.21	0.00	0.00	0.00
1484237391.0 53 -0.00	1001.36	29.49	63.45	954.20	206.36	-0.00	0.00	309.10	0.00	0.00	0.00
1484237392.0 53 -0.00	1001.36	29.49	65.35	950.71	206.36	-2.33	0.00	308.82	0.00	0.00	0.00
1484237393.0 53 -0.00	1001.76	29.67	63.45	961.17	213.72	-0.00	0.00	309.15	0.00	0.00	0.00
1484237394.0 53 -0.00	1003.03	29.67	61.23	955.94	206.36	2.44	0.00	309.04	0.00	0.00	0.00
1484237396.0 53 -0.00	1001.76	29.67	70.09	955.94	208.80	0.68	0.00	308.93	0.00	0.00	0.00
1484237397.0 53 -0.00	1001.36	29.49	64.56	961.17	208.80	3.69	0.00	309.04	0.00	0.00	0.00
1484237398.0 54 -0.00	1003.03	29.67	70.73	933.28	200.35	-2.33	0.00	308.48	0.00	0.00	0.00
1484237399.0 54 -0.00	1003.03	29.67	66.46	975.11	214.96	-0.00	0.00	309.27	0.00	0.00	0.00
1484237400.0 54 -0.00	1000.10	29.49	65.66	947.23	205.15	-0.00	0.00	308.76	0.00	0.00	0.00
1484237401.0 54 -0.00	1000.50	29.67	70.57	954.20	207.58	-2.33	0.00	308.98	0.00	0.00	0.00
1484237403.0 54 -0.00	1001.76	29.67	64.87	948.97	205.15	0.68	0.00	309.15	0.00	0.00	0.00
1484237404.0 54 -0.00	1001.76	29.67	69.94	976.85	214.96	-0.00	0.00	308.93	0.00	0.00	0.00
1484237405.0 54 -0.00	1000.50	29.67	68.51	950.71	206.36	-0.00	0.00	308.76	0.00	0.00	0.00
1484237406.0 54 -0.00	1000.50	29.67	72.94	959.43	210.02	-2.33	0.00	308.82	0.00	0.00	0.00
1484237407.0 54 -0.00	1000.50	29.67	67.56	959.43	208.80	-2.33	0.00	309.04	0.00	0.00	0.00
1484237408.0 54 -0.00	1001.76	29.67	70.25	962.91	210.02	-0.00	0.00	309.32	0.00	0.00	0.00
1484237409.0 54 -0.00	1003.03	29.67	75.32	950.71	205.15	3.69	0.00	309.15	0.00	0.00	0.00
1484237410.0 54 -0.00	1000.50	29.67	68.35	945.48	203.95	-2.33	0.00	308.76	0.00	0.00	0.00
1484237411.0 54 -0.00	1003.03	29.67	73.42	940.25	201.55	-0.00	0.00	308.65	0.00	0.00	0.00
1484237412.0 54 -0.00	1000.50	29.67	75.47	947.23	203.95	-0.00	0.00	309.04	0.00	0.00	0.00
1484237414.0 54 -0.00	1002.63	29.49	72.78	950.71	206.36	4.66	0.00	308.76	0.00	0.00	0.00
1484237415.0 54 -0.00	1000.50	29.67	77.37	973.37	211.25	-0.00	0.00	309.15	0.00	0.00	0.00
1484237416.0 54 -0.00	1000.89	29.86	79.75	957.68	206.36	-2.33	0.00	308.76	473.68	0.00	0.00
1484237417.0 54 -0.00	1001.76	29.67	70.25	968.14	210.02	9.97	0.00	308.76	0.00	0.00	0.00
1484237418.0 54 -0.00	1000.50	29.67	65.66	957.68	206.36	-2.33	0.00	308.93	0.00	0.00	0.00
1484237419.0 54 -0.00	1000.89	29.86	70.09	959.43	207.58	-0.00	0.00	309.15	0.00	0.00	0.00
1484237420.0 54 -0.00	1000.89	29.86	77.69	987.30	214.96	7.21	0.00	308.98	0.00	0.00	0.00
1484237421.0 54 -0.00	1000.89	29.86	72.15	957.68	206.36	-2.33	0.00	308.87	0.00	0.00	0.00
1484237422.0 54 -0.00	1001.29	30.05	72.94	959.43	206.36	-0.00	0.00	308.82	0.00	0.00	0.00
1484237423.0 54 -0.00	1001.29	30.05	71.36	962.91	207.58	0.68	0.00	308.87	0.00	0.00	0.00
1484237424.0 54 -0.00	1000.89	29.86	75.00	955.94	206.36	0.68	0.00	309.15	0.00	0.00	0.00
1484237425.0 54 -0.00	1002.16	29.86	67.56	964.65	210.02	-0.00	0.00	308.76	0.00	0.00	0.00
1484237426.0 54 -0.00	1001.76	29.67	69.78	966.40	210.02	0.68	0.00	308.87	0.00	0.00	0.00
1484237427.0 54 -0.00	1002.16	29.86	72.47	966.40	208.80	4.66	0.00	308.82	0.00	0.00	0.00
1484237428.0 54 -0.00	1001.76	29.67	69.62	954.20	206.36	-2.33	0.00	308.82	0.00	0.00	0.00
1484237429.0 54 -0.00	1000.50	29.67	71.04	961.17	208.80	-2.33	0.00	308.76	473.68	0.00	0.00
1484237431.0 54 -0.00	1000.89	29.86	74.21	976.85	214.96	0.68	0.00	308.70	0.00	0.00	0.00
1484237432.0 54 -0.00	1000.89	29.86	68.67	964.65	212.48	6.70	0.00	308.98	0.00	0.00	0.00
1484237433.0 54 -0.00	1002.16	29.86	77.85	987.30	218.70	5.45	0.00	309.04	0.00	0.00	0.00
1484237434.0 54 -0.00	1000.89	29.86	66.46	968.14	213.72	-2.33	0.00	309.04	473.68	0.00	0.00
1484237435.0 54 -0.00	1000.89	29.86	74.05	957.68	210.02	-0.00	0.00	308.98	0.00	0.00	0.00
1484237436.0 54 -0.00	1000.50	29.67	75.79	980.33	212.48	6.70	0.00	308.87	0.00	0.00	0.00
1484237437.0 55 -0.00	1002.16	29.86	70.41	935.03	200.35	-0.00	0.00	308.48	0.00	0.00	0.00
1484237438.0 55 -0.00	1000.89	29.86	66.46	945.48	203.95	-2.33	0.00	308.76	0.00	0.00	0.00
1484237440.0 55 -0.00	1000.89	29.86	71.84	954.20	205.15	-0.00	0.00	308.65	0.00	0.00	0.00
1484237441.0 55 -0.00	1000.50	29.67	66.14	957.68	206.36	4.66	0.00	309.10	0.00	0.00	0.00
1484237442.0 55 -0.00	1000.50	29.67	70.09	971.62	213.72	-0.00	0.00	309.04	0.00	0.00	0.00
1484237443.0 55 -0.00	1000.10	29.49	67.09	948.97	206.36	-0.00	0.00	308.82	473.68	0.00	0.00
1484237444.0 55 -0.00	1003.03	29.67	65.35	975.11	214.96	3.69	0.00	308.93	0.00	0.00	0.00
1484237445.0 55 -0.00	1000.50	29.67	64.56	961.17	211.25	4.66	0.00	308.87	0.00	0.00	0.00
1484237446.0 55 -0.00	1000.10	29.49	72.78	962.91	207.58	5.45	0.00	308.76	0.00	0.00	0.00
1484237447.0 55 -0.00	1000.50	29.67	62.82	966.40	210.02	0.68	0.00	308.87	0.00	0.00	0.00
1484237448.0 55 -0.00	1002.63	29.49	68.51	952.46	203.95	-0.00	0.00	308.70	0.00	0.00	0.00
1484237449.0 55 -0.00	1001.76	29.67	69.15	962.91	210.02	-2.33	0.00	308.93	0.00	0.00	0.00
1484237451.0 57 -0.00	1002.63	29.49	68.04	955.94	205.15	-0.00	0.00	309.10	0.00	0.00	0.00
1484237452.0 57 -0.00	1001.76	29.67	68.99	966.40	210.02	-2.33	0.00	308.82	0.00	0.00	0.00
1484237453.0 57 -0.00	1000.50	29.67	70.73	959.43	208.80	-0.00	0.00	309.10	0.00	0.00	0.00
1484237454.0 57 -0.00	1000.50	29.67	59.34	959.43	207.58	10.45	0.00	308.82	473.68	0.00	0.00
1484237455.0 57 -0.00	1002.63	29.49	60.76	954.20	205.15	3.69	0.00	308.70	344.01	0.00	0.00
1484237456.0 57 -0.00	1001.76	29.67	64.56	947.23	205.15	-0.00	0.00	308.82	0.00	0.00	0.00
1484237457.0 57 -0.00	1001.76	29.67	60.92	954.20	206.36	-0.00	0.00	309.15	0.00	0.00	0.00
1484237458.0 57 -0.00	1001.36	29.49	58.39	969.88	212.48	-2.33	0.00	308.93	473.68	0.00	0.00
1484237459.0 57 -0.00	1001.36	29.49	66.61	954.20	206.36	-0.00	0.00	308.76	0.00	0.00	0.00
1484237460.0 57 -0.00	1002.63	29.49	62.97	950.71	211.25	-0.00	0.00	309.15	0.00	0.00	0.00
1484237461.0 57 -0.00	1001.36	29.49	60.60	968.14	212.48	4.66	0.00	308.93	0.00	0.00	0.00
1484237462.0 57 -0.00	1000.97	29.30	60.92	954.20	208.80	-2.33	0.00	308.82	0.00	0.00	0.00
1484237463.0 56 -0.00	1001.36	29.49	69.46	933.28	199.16	7.21	0.00	308.54	0.00	0.00	0.00
1484237464.0 56 -0.00	1001.84	29.11	63.61	968.14	211.25	-0.00	0.00	309.04	0.00	0.00	0.00
1484237465.0 56 -0.00	1001.44	28.93	61.23	959.43	208.80	-0.00	0.00	308.98	0.00	0.00	0.00
1484237467.0 56 -0.00	1003.89	29.49	64.08	952.46	207.58	-0.00	0.00	308.82	0.00	0.00	0.00
1484237468.0 56 -0.00	1001.44	28.93	64.72	975.11	214.96	-0.00	0.00	308.82	0.00	0.00	0.00
1484237469.0 56 -0.00	999.78	28.74	63.92	959.43	207.58	0.68	0.00	308.70	0.00	0.00	0.00
1484237470.0 56 -0.00	1001.04	28.74	64.87	954.20	207.58	-0.00	0.00	308.76	0.00	0.00	0.00
1484237471.0 56 -0.00	1000.65	28.55	68.83	948.97	206.36	-0.00	0.00	308.82	0.00	0.00	0.00
1484237472.0 56 -0.00	1002.31	28.74	64.24	945.48	203.95	-0.00	0.00	308.70	0.00	0.00	0.00
1484237473.0 56 -0.00	1000.65	28.55	66.14	950.71	207.58	-0.00	0.00	308.82	0.00	0.00	0.00
1484237474.0 56 -0.00	1000.65	28.55	70.89	952.46	207.58	0.68	0.00	309.10	0.00	0.00	0.00
1484237475.0 56 -0.00	1000.65	28.55	64.72	947.23	205.15	-2.33	0.00	308.93	0.00	0.00	0.00
1484237476.0 56 -0.00	1000.25	28.36	62.66	933.28	199.16	-2.33	0.00	308.54	0.00	0.00	0.00
1484237478.0 56 -0.00	1000.25	28.36	70.89	962.91	207.58	8.46	0.00	308.70	0.00	0.00	0.00
1484237479.0 56 -0.00	1001.91	28.55	64.72	952.46	206.36	4.66	0.00	309.04	0.00	0.00	0.00
1484237480.0 56 -0.00	1001.91	28.55	71.84	969.88	211.25	3.69	0.00	308.93	0.00	0.00	0.00
1484237481.0 56 -0.00	1001.04	28.74	62.97	954.20	206.36	8.08	0.00	308.76	0.00	0.00	0.00
1484237482.0 56 -0.00	1002.31	28.74	62.97	966.40	210.02	-2.33	0.00	308.87	0.00	0.00	0.00
1484237483.0 56 -0.00	1002.31	28.74	68.35	957.68	207.58	-0.00	0.00	308.70	0.00	0.00	0.00
1484237484.0 56 -0.00	1001.04	28.74	67.56	957.68	207.58	-0.00	0.00	308.87	0.00	0.00	0.00
1484237485.0 56 -0.00	1001.04	28.74	70.73	966.40	210.02	-2.33	0.00	308.93	0.00	0.00	0.00
1484237486.0 56 -0.00	1002.31	28.74	69.30	954.20	205.15	4.66	0.00	308.82	0.00	0.00	0.00
1484237487.0 56 -0.00	1000.65	28.55	60.76	957.68	207.58	-0.00	0.00	308.82	0.00	0.00	0.00
1484237489.0 56 -0.00	1001.51	28.36	67.56	955.94	207.58	-2.33	0.00	308.82	0.00	0.00	0.00
1484237490.0 57 -0.00	1001.04	28.74	61.39	975.11	211.25	-2.33	0.00	308.98	473.68	0.00	0.00
1484237491.0 57 -0.00	1000.65	28.55	59.49	952.46	206.36	7.21	0.00	308.93	0.00	0.00	0.00
1484237492.0 57 -0.00	1001.91	28.55	68.04	955.94	206.36	-0.00	0.00	308.76	0.00	0.00	0.00
1484237493.0 57 -0.00	1001.91	28.55	62.34	968.14	211.25	-0.00	0.00	308.82	0.00	0.00	0.00
1484237494.0 57 -0.00	1000.65	28.55	59.49	950.71	205.15	-0.00	0.00	308.76	0.00	0.00	0.00
1484237495.0 57 -0.00	1002.31	28.74	65.98	959.43	207.58	-0.00	0.00	308.82	0.00	0.00	0.00
1484237496.0 57 -0.00	1000.25	28.36	65.51	957.68	206.36	-0.00	0.00	308.82	473.68	0.00	0.00
1484237497.0 57 -0.00	1001.04	28.74	66.14	962.91	205.15	4.66	0.00	308.70	0.00	0.00	0.00
1484237499.0 57 -0.00	1002.31	28.74	65.03	954.20	206.36	-0.00	0.00	309.10	0.00	0.00	0.00
1484237500.0 57 -0.00	1000.65	28.55	67.09	955.94	206.36	-0.00	0.00	308.76	0.00	0.00	0.00
1484237501.0 57 -0.00	1000.65	28.55	60.28	955.94	205.15	9.71	0.00	308.87	0.00	0.00	0.00
1484237502.0 57 -0.00	1002.31	28.74	63.92	957.68	205.15	0.68	0.00	309.10	473.68	0.00	0.00
1484237503.0 55 -0.00	1002.31	28.74	68.67	955.94	205.15	-0.00	0.00	308.70	0.00	0.00	0.00
1484237504.0 55 -0.00	1001.04	28.74	68.20	950.71	203.95	-0.00	0.00	308.65	0.00	0.00	0.00
1484237505.0 55 -0.00	1002.31	28.74	64.72	954.20	206.36	-2.33	0.00	308.76	0.00	0.00	0.00
1484237506.0 55 -0.00	1001.04	28.74	66.30	955.94	207.58	-0.00	0.00	309.04	0.00	0.00	0.00
1484237507.0 55 -0.00	1002.31	28.74	62.66	966.40	210.02	-2.33	0.00	308.93	0.00	0.00	0.00
1484237508.0 55 -0.00	1002.31	28.74	62.82	957.68	206.36	-2.33	0.00	308.82	0.00	0.00	0.00
1484237509.0 55 -0.00	1001.04	28.74	64.87	959.43	206.36	-0.00	0.00	309.10	0.00	0.00	0.00
1484237511.0 55 -0.00	1002.31	28.74	65.51	955.94	207.58	-2.33	0.00	309.10	0.00	0.00	0.00
1484237512.0 55 -0.00	1001.44	28.93	69.46	957.68	206.36	-2.33	0.00	308.82	0.00	0.00	0.00
1484237513.0 55 -0.00	1002.31	28.74	60.76	968.14	211.25	7.21	0.00	308.82	0.00	0.00	0.00
1484237514.0 55 -0.00	1001.44	28.93	68.67	975.11	213.72	7.67	0.00	308.98	0.00	0.00	0.00
1484237515.0 55 -0.00	1001.44	28.93	65.82	968.14	208.80	-2.33	0.00	308.87	0.00	0.00	0.00
1484237516.0 57 -0.00	1001.44	28.93	60.76	964.65	208.80	-2.33	0.00	309.15	473.68	0.00	0.00
1484237517.0 57 -0.00	1001.84	29.11	65.51	954.20	205.15	-0.00	0.00	309.04	0.00	0.00	0.00
1484237518.0 57 -0.00	1001.44	28.93	59.65	973.37	211.25	-0.00	0.00	309.21	0.00	0.00	0.00
1484237519.0 57 -0.00	1001.44	28.93	58.86	959.43	206.36	-0.00	0.00	308.87	0.00	0.00	0.00
1484237520.0 57 -0.00	1001.84	29.11	63.77	976.85	211.25	0.68	0.00	308.82	0.00	0.00	0.00
1484237521.0 57 -0.00	1001.44	28.93	64.72	959.43	205.15	-2.33	0.00	308.70	0.00	0.00	0.00
1484237522.0 57 -0.00	1001.44	28.93	63.29	957.68	206.36	-2.33	0.00	308.82	0.00	0.00	0.00
1484237523.0 57 -0.00	1002.70	28.93	60.92	959.43	207.58	9.71	0.00	308.98	0.00	0.00	0.00
1484237525.0 57 -0.00	1001.04	28.74	67.41	954.20	205.15	-2.33	0.00	308.70	0.00	0.00	0.00
1484237526.0 57 -0.00	1001.04	28.74	74.53	957.68	206.36	-2.33	0.00	309.15	0.00	0.00	0.00
1484237527.0 57 -0.00	1001.04	28.74	63.13	957.68	206.36	7.21	0.00	309.10	0.00	0.00	0.00
1484237528.0 57 -0.00	1002.31	28.74	69.78	957.68	207.58	-0.00	0.00	308.98	0.00	0.00	0.00
1484237529.0 56 -0.00	1001.04	28.74	68.83	969.88	208.80	-2.33	0.00	308.76	0.00	0.00	0.00
1484237530.0 56 -0.00	1002.31	28.74	66.30	962.91	207.58	2.44	0.00	308.70	0.00	0.00	0.00
1484237531.0 56 -0.00	1001.44	28.93	75.00	983.82	212.48	-0.00	0.00	308.93	0.00	0.00	0.00
1484237532.0 56 -0.00	1001.44	28.93	70.09	975.11	210.02	-2.33	0.00	308.82	0.00	0.00	0.00
1484237533.0 56 -0.00	1002.31	28.74	68.99	959.43	206.36	10.22	0.00	308.82	0.00	0.00	0.00
1484237535.0 56 -0.00	1002.31	28.74	74.53	957.68	206.36	-0.00	0.00	308.82	0.00	0.00	0.00
1484237536.0 56 -0.00	1002.31	28.74	80.06	964.65	210.02	-2.33	0.00	308.93	0.00	0.00	0.00
1484237537.0 56 -0.00	1001.84	29.11	75.32	987.30	213.72	-0.00	0.00	308.93	0.00	0.00	0.00
1484237538.0 56 -0.00	1001.44	28.93	75.47	983.82	211.25	-0.00	0.00	308.76	0.00	0.00	0.00
1484237539.0 56 -0.00	1001.44	28.93	70.89	961.17	206.36	3.69	0.00	308.82	0.00	0.00	0.00
1484237540.0 56 -0.00	1001.04	28.74	77.69	961.17	205.15	-0.00	0.00	309.04	0.00	0.00	0.00
1484237541.0 56 -0.00	1001.04	28.74	81.65	961.17	206.36	-0.00	0.00	308.82	0.00	0.00	0.00
1484237542.0 56 -0.00	999.38	28.55	78.01	957.68	205.15	-0.00	0.00	308.70	0.00	0.00	0.00
1484237543.0 56 -0.00	1000.65	28.55	76.90	959.43	205.15	-2.33	0.00	308.98	0.00	0.00	0.00
1484237544.0 56 -0.00	1001.91	28.55	81.49	945.48	201.55	8.46	0.00	308.54	0.00	0.00	0.00
1484237545.0 56 -0.00	1000.65	28.55	79.91	957.68	205.15	-2.33	0.00	308.93	0.00	0.00	0.00
1484237546.0 56 -0.00	1000.65	28.55	78.80	961.17	205.15	-0.00	0.00	308.76	0.00	0.00	0.00
1484237547.0 56 -0.00	1002.31	28.74	83.39	962.91	206.36	-2.33	0.00	309.04	0.00	0.00	0.00
1484237548.0 56 -0.00	1001.04	28.74	85.60	973.37	211.25	5.45	0.00	308.93	0.00	0.00	0.00
1484237549.0 56 -0.00	1001.04	28.74	81.49	971.62	208.80	-0.00	0.00	308.70	0.00	0.00	0.00
1484237550.0 56 -0.00	1001.51	28.36	79.11	961.17	205.15	-0.00	0.00	308.65	0.00	0.00	0.00
1484237551.0 56 -0.00	1001.91	28.55	82.28	976.85	208.80	-0.00	0.00	308.98	0.00	0.00	0.00
1484237552.0 56 -0.00	1001.91	28.55	87.50	962.91	206.36	-2.33	0.00	309.10	0.00	0.00	0.00
1484237553.0 56 -0.00	1001.51	28.36	83.23	957.68	203.95	-0.00	0.00	308.82	0.00	0.00	0.00
1484237555.0 55 -0.00	1001.11	28.18	89.87	947.23	199.16	-2.33	0.00	308.54	0.00	0.00	0.00
1484237556.0 55 -0.00	1000.72	27.99	88.92	985.56	213.72	-2.33	0.00	308.93	0.00	0.00	0.00
1484237557.0 55 -0.00	1001.11	28.18	87.82	973.37	207.58	-2.33	0.00	308.76	0.00	0.00	0.00
1484237558.0 55 -0.00	1002.37	28.18	85.28	985.56	213.72	0.68	0.00	308.76	0.00	0.00	0.00
1484237559.0 55 -0.00	1001.98	27.99	82.91	962.91	206.36	-0.00	0.00	308.87	0.00	0.00	0.00
1484237560.0 55 -0.00	999.85	28.18	88.29	961.17	206.36	-2.33	0.00	309.10	0.00	0.00	0.00
1484237561.0 55 -0.00	1001.98	27.99	84.81	955.94	205.15	-0.00	0.00	308.82	0.00	0.00	0.00
1484237562.0 55 -0.00	1000.72	27.99	84.34	983.82	212.48	4.66	0.00	308.98	249.72	0.00	0.00
1484237563.0 55 -0.00	1001.11	28.18	86.23	962.91	210.02	-2.33	0.00	309.04	0.00	0.00	0.00
1484237564.0 55 -0.00	1001.11	28.18	91.14	962.91	207.58	2.44	0.00	308.93	285.25	0.00	0.00
1484237565.0 55 -0.00	1001.98	27.99	85.76	985.56	213.72	7.67	0.00	308.93	0.00	0.00	0.00
1484237567.0 55 -0.00	1000.25	28.36	88.61	978.59	213.72	-0.00	0.00	309.10	0.00	0.00	0.00
1484237568.0 56 -0.00	1000.72	27.99	86.08	948.97	201.55	2.44	0.00	308.59	0.00	0.00	0.00
1484237569.0 56 -0.00	1001.11	28.18	88.29	973.37	207.58	-2.33	0.00	308.93	0.00	0.00	0.00
1484237570.0 56 -0.00	1001.11	28.18	85.13	961.17	205.15	-0.00	0.00	308.76	0.00	0.00	0.00
1484237571.0 56 -0.00	1001.51	28.36	89.40	973.37	210.02	-2.33	0.00	308.93	0.00	0.00	0.00
1484237572.0 56 -0.00	1001.51	28.36	84.65	971.62	205.15	-2.33	0.00	308.70	0.00	0.00	0.00
1484237573.0 56 -0.00	1000.25	28.36	93.35	968.14	206.36	5.45	0.00	308.93	0.00	0.00	0.00
1484237575.0 56 -0.00	1001.51	28.36	86.39	976.85	210.02	-2.33	0.00	308.76	344.01	0.00	0.00
1484237576.0 56 -0.00	1000.25	28.36	93.04	994.27	218.70	0.68	0.00	308.93	0.00	0.00	0.00
1484237577.0 56 -0.00	1001.51	28.36	90.82	966.40	206.36	-2.33	0.00	308.82	0.00	0.00	0.00
1484237578.0 56 -0.00	1001.11	28.18	92.72	964.65	206.36	-0.00	0.00	309.10	0.00	0.00	0.00
1484237579.0 56 -0.00	1001.11	28.18	89.24	961.17	205.15	-0.00	0.00	308.76	0.00	0.00	0.00
1484237580.0 56 -0.00	1001.11	28.18	90.82	964.65	205.15	-0.00	0.00	308.82	473.68	0.00	0.00
1484237581.0 55 -0.00	1000.25	28.36	93.35	983.82	212.48	0.68	0.00	308.87	0.00	0.00	0.00
1484237582.0 55 -0.00	1000.25	28.36	94.30	992.53	214.96	2.44	0.00	308.93	0.00	0.00	0.00
1484237583.0 55 -0.00	1000.65	28.55	90.82	978.59	211.25	0.68	0.00	308.82	0.00	0.00	0.00
1484237585.0 55 -0.00	1001.51	28.36	87.34	968.14	207.58	-2.33	0.00	308.82	0.00	0.00	0.00
1484237586.0 55 -0.00	1002.31	28.74	89.40	962.91	206.36	-0.00	0.00	308.76	0.00	0.00	0.00
1484237587.0 55 -0.00	1002.31	28.74	90.51	955.94	205.15	-2.33	0.00	308.82	473.68	0.00	0.00
1484237588.0 55 -0.00	1002.31	28.74	91.46	962.91	206.36	8.08	0.00	309.21	0.00	0.00	0.00
1484237589.0 55 -0.00	1002.31	28.74	90.66	962.91	207.58	4.66	0.00	308.76	0.00	0.00	0.00
1484237590.0 55 -0.00	1000.65	28.55	90.51	961.17	206.36	-0.00	0.00	308.76	0.00	0.00	0.00
1484237591.0 55 -0.00	1001.04	28.74	92.41	997.75	218.70	-0.00	0.00	308.98	0.00	0.00	0.00
1484237592.0 55 -0.00	1001.04	28.74	93.04	971.62	207.58	6.12	0.00	308.82	0.00	0.00	0.00
1484237593.0 55 -0.00	1001.44	28.93	96.99	973.37	210.02	0.68	0.00	309.27	0.00	0.00	0.00
1484237594.0 55 -0.00	1001.44	28.93	94.94	983.82	213.72	-0.00	0.00	308.98	0.00	0.00	0.00
1484237595.0 55 -0.00	1001.44	28.93	93.51	980.33	211.25	3.69	0.00	308.87	0.00	0.00	0.00
1484237596.0 55 -0.00	1002.70	28.93	95.25	992.53	214.96	3.69	0.00	309.32	0.00	0.00	0.00
1484237597.0 55 -0.00	1002.23	29.30	94.62	966.40	205.15	-0.00	0.00	308.87	0.00	0.00	0.00
1484237599.0 55 -0.00	1001.44	28.93	96.52	962.91	207.58	-2.33	0.00	309.21	0.00	0.00	0.00
1484237600.0 55 -0.00	1001.84	29.11	101.74	969.88	207.58	-2.33	0.00	309.15	0.00	0.00	0.00
1484237601.0 55 -0.00	1001.84	29.11	97.15	975.11	210.02	-2.33	0.00	309.10	0.00	0.00	0.00
1484237602.0 55 -0.00	1001.84	29.11	101.58	978.59	208.80	2.44	0.00	308.82	0.00	0.00	0.00
1484237603.0 55 -0.00	999.78	28.74	105.85	987.30	214.96	0.68	0.00	308.87	0.00	0.00	0.00
1484237604.0 55 -0.00	1002.23	29.30	102.37	968.14	206.36	-2.33	0.00	308.76	0.00	0.00	0.00
1484237605.0 55 -0.00	1002.23	29.30	100.47	966.40	206.36	-0.00	0.00	309.10	0.00	0.00	0.00
1484237606.0 55 -0.00	1003.50	29.30	99.68	976.85	211.25	-0.00	0.00	308.98	473.68	0.00	0.00
1484237608.0 55 -0.00	1001.36	29.49	98.42	985.56	212.48	-0.00	0.00	308.82	0.00	0.00	0.00
1484237609.0 55 -0.00	1001.36	29.49	97.47	980.33	210.02	-0.00	0.00	308.93	0.00	0.00	0.00
1484237610.0 55 -0.00	1002.23	29.30	98.58	989.04	214.96	-0.00	0.00	309.10	0.00	0.00	0.00
1484237611.0 55 -0.00	1001.84	29.11	101.11	978.59	210.02	-2.33	0.00	308.98	0.00	0.00	0.00
1484237612.0 55 -0.00	1002.23	29.30	102.22	989.04	212.48	-2.33	0.00	308.87	0.00	0.00	0.00
1484237613.0 55 -0.00	1001.84	29.11	96.68	982.08	211.25	-0.00	0.00	308.98	0.00	0.00	0.00
1484237614.0 55 -0.00	1002.70	28.93	98.58	975.11	210.02	-0.00	0.00	308.82	0.00	0.00	0.00
