# Name = UIS1
# Version = 1.0
# Location = Universidad Industrial de Santander
# Sensors = Presion, Temperatura, Humedad, Irradiancia, Iluminancia, Ruido, LLuvia, CO2, NO2, Latitud, Longitud, Nubosidad
# Power = Red
# GPS = si
# Time Zone = UTC-5
# Data = UTCtime GPStime Presion Temperatura Humedad Irradiancia Iluminancia  Ruido Lluvia CO2 NO2 Latitud Longitud Nubosidad 
1469854801.0 100 205632.07	1001.78	20.33	-25.00	0.00	226.32	-2.33	-666.00	309.55	0.00	708.37	7307.28
1469854802.0 100 205632.07	1000.54	20.33	-24.84	0.00	227.60	-2.33	-666.00	309.77	0.00	708.37	7307.28
1469854802.0 100 205632.07	1000.54	20.33	-24.84	0.00	227.60	-2.33	-666.00	309.77	0.00	708.37	7307.28
1469854803.0 100 205632.07	1000.54	20.33	-24.84	0.00	227.60	0.68	-666.00	309.72	0.00	708.37	7307.28
1469854804.0 100 205632.07	1001.78	20.33	-25.00	0.00	228.89	-2.33	-666.00	309.77	0.00	708.37	7307.28
1469854805.0 100 205632.07	999.30	20.33	-24.84	0.00	225.04	-0.00	-666.00	309.77	0.00	708.37	7307.28
1469854805.0 100 205632.07	1001.78	20.33	-24.84	0.00	223.76	-0.00	-666.00	309.66	0.00	708.37	7307.28
1469854806.0 100 205632.07	1000.94	20.51	-24.84	0.00	223.76	-0.00	-666.00	309.60	0.00	708.37	7307.28
1469854807.0 100 205632.07	1000.54	20.33	-25.00	0.00	225.04	-0.00	-666.00	309.60	0.00	708.37	7307.28
1469854807.0 100 205632.07	1000.11	20.70	-24.84	0.00	223.76	-2.33	-666.00	309.55	0.00	708.37	7307.28
