# Name = UIS1
# Version = 1.0
# Location = Universidad Industrial de Santander
# Sensors = Presion, Temperatura, Humedad, Irradiancia, Iluminancia, Ruido, LLuvia, CO2, NO2, Latitud, Longitud, Nubosidad
# Power = Red
# GPS = si
# Time Zone = UTC-5
# Data = UTCtime GPStime Presion Temperatura Humedad Irradiancia Iluminancia  Ruido Lluvia CO2 NO2 Latitud Longitud Nubosidad 
1472619601.0 100 152535.34	1001.83	19.21	-24.84	0.00	230.18	-0.00	-666.00	309.66	0.00	708.92	7307.68
1472619602.0 100 152535.34	1001.00	19.39	-25.00	0.00	232.78	-0.00	-666.00	309.77	0.00	708.92	7307.68
1472619602.0 100 152535.34	1001.00	19.39	-25.00	0.00	231.48	-0.00	-666.00	309.89	473.68	708.92	7307.68
1472619603.0 100 152535.34	1001.00	19.39	-24.84	0.00	228.89	-2.33	-666.00	309.77	0.00	708.92	7307.68
1472619604.0 100 152535.34	1000.59	19.21	-25.00	0.00	227.60	-2.33	-666.00	309.94	473.68	708.92	7307.68
1472619604.0 100 152535.34	1001.00	19.39	-24.84	0.00	231.48	-0.00	-666.00	309.83	0.00	708.92	7307.68
1472619605.0 100 152535.34	999.35	19.21	-25.00	0.00	227.60	-0.00	-666.00	309.89	0.00	708.92	7307.68
1472619606.0 100 152535.34	1001.00	19.39	-25.00	0.00	228.89	-0.00	-666.00	310.00	0.00	708.92	7307.68
1472619607.0 100 152535.34	1001.00	19.39	-25.16	0.00	234.09	-0.00	-666.00	310.05	0.00	708.92	7307.68
1472619607.0 100 152535.34	1001.83	19.21	-24.84	0.00	235.40	-2.33	-666.00	309.94	0.00	708.92	7307.68
