# Name = UIS1
# Version = 1.0
# Location = Universidad Industrial de Santander
# Sensors = Presion, Temperatura, Humedad, Irradiancia, Iluminancia, Ruido, LLuvia, CO2, NO2, Latitud, Longitud, Nubosidad
# Power = Red
# GPS = si
# Time Zone = UTC-5
# Data = UTCtime GPStime Presion Temperatura Humedad Irradiancia Iluminancia  Ruido Lluvia CO2 NO2 Latitud Longitud Nubosidad 
1463749201.0 52 170804.87	1001.87	25.00	-24.84	784.95	216.20	5.45	0.00	309.15	344.01	708.36	7307.26
1463749202.0 52 170804.87	1002.27	25.19	-25.00	767.49	212.48	7.21	0.00	309.21	473.68	708.36	7307.26
1463749203.0 52 170804.87	1001.87	25.00	-24.84	777.97	217.45	7.67	0.00	309.10	473.68	708.36	7307.26
1463749204.0 52 170804.87	1001.87	25.00	-24.84	760.50	214.96	7.21	0.00	309.27	344.01	708.36	7307.26
1463749439.0 51 170804.87	1002.32	24.63	-24.84	568.14	213.72	5.45	0.00	309.10	0.00	708.36	7307.26
1463749554.0 50 170804.87	1001.92	24.44	-24.84	564.64	213.72	-0.00	0.00	309.43	0.00	708.36	7307.26
1463749756.0 49 170804.87	1002.37	24.07	-24.68	613.63	218.70	-0.00	0.00	309.10	0.00	708.36	7307.26
1463749757.0 49 170804.87	1002.37	24.07	-24.84	603.14	212.48	-2.33	0.00	309.04	0.00	708.36	7307.26
1463749758.0 49 170804.87	1003.62	24.07	-24.68	622.38	223.76	0.68	0.00	309.32	0.00	708.36	7307.26
1463749759.0 49 170804.87	1002.37	24.07	-24.84	604.89	213.72	-2.33	0.00	309.04	0.00	708.36	7307.26
1463749759.0 49 170804.87	1002.37	24.07	-24.84	625.88	225.04	0.68	0.00	309.43	0.00	708.36	7307.26
1463749760.0 49 170804.87	1002.77	24.25	-24.84	611.88	216.20	-0.00	0.00	309.04	0.00	708.36	7307.26
1463749761.0 49 170804.87	1002.37	24.07	-25.00	608.38	216.20	0.68	0.00	309.55	473.68	708.36	7307.26
1463749762.0 49 170804.87	1002.37	24.07	-24.68	617.13	216.20	0.68	0.00	309.10	0.00	708.36	7307.26
1463749763.0 49 170804.87	1002.77	24.25	-25.00	611.88	213.72	-0.00	0.00	309.43	0.00	708.36	7307.26
1463749764.0 49 170804.87	1001.97	23.88	-24.84	610.13	212.48	-0.00	0.00	309.38	0.00	708.36	7307.26
1463749765.0 49 170804.87	1002.37	24.07	-24.84	622.38	218.70	-0.00	0.00	309.21	0.00	708.36	7307.26
1463749766.0 49 170804.87	1002.37	24.07	-25.00	617.13	216.20	-0.00	0.00	309.60	0.00	708.36	7307.26
1463749767.0 49 170804.87	1001.12	24.07	-24.84	625.88	218.70	-2.33	0.00	309.21	0.00	708.36	7307.26
1463749768.0 49 170804.87	1001.92	24.44	-25.00	620.63	214.96	-2.33	0.00	309.21	0.00	708.36	7307.26
1463749769.0 49 170804.87	1002.77	24.25	-24.84	631.13	219.96	-2.33	0.00	309.27	0.00	708.36	7307.26
1463749770.0 49 170804.87	1002.37	24.07	-24.84	625.88	216.20	-0.00	0.00	309.27	0.00	708.36	7307.26
1463749771.0 49 170804.87	1000.72	23.88	-25.00	634.63	222.49	-0.00	0.00	309.38	0.00	708.36	7307.26
1463749772.0 49 170804.87	1001.12	24.07	-24.84	625.88	213.72	-0.00	0.00	309.10	473.68	708.36	7307.26
1463749773.0 49 170804.87	1002.77	24.25	-24.84	625.88	213.72	-0.00	0.00	309.49	0.00	708.36	7307.26
1463749774.0 49 170804.87	999.87	24.07	-24.84	632.88	216.20	-2.33	0.00	309.10	0.00	708.36	7307.26
1463749775.0 49 170804.87	1001.52	24.25	-25.00	631.13	213.72	-2.33	0.00	309.43	0.00	708.36	7307.26
1463749776.0 49 170804.87	1002.77	24.25	-24.84	624.13	211.25	-2.33	0.00	309.10	0.00	708.36	7307.26
1463749777.0 49 170804.87	1002.77	24.25	-24.68	641.62	217.45	-2.33	0.00	309.10	0.00	708.36	7307.26
1463749778.0 49 170804.87	1003.17	24.44	-24.84	629.38	213.72	-2.33	0.00	309.27	0.00	708.36	7307.26
1463749779.0 49 170804.87	1002.37	24.07	-24.84	631.13	214.96	-2.33	0.00	309.15	0.00	708.36	7307.26
1463749780.0 49 170804.87	1002.37	24.07	-24.84	631.13	213.72	-2.33	0.00	309.10	0.00	708.36	7307.26
1463749781.0 49 170804.87	1002.77	24.25	-24.84	631.13	214.96	-0.00	0.00	309.15	0.00	708.36	7307.26
1463749782.0 49 170804.87	1003.17	24.44	-25.00	634.63	213.72	-0.00	0.00	309.15	0.00	708.36	7307.26
1463749783.0 49 170804.87	1002.37	24.07	-25.00	629.38	214.96	-0.00	0.00	309.21	0.00	708.36	7307.26
1463749784.0 49 170804.87	1003.17	24.44	-24.84	634.63	217.45	-0.00	0.00	309.15	0.00	708.36	7307.26
1463749785.0 49 170804.87	1001.52	24.25	-25.00	629.38	217.45	-2.33	0.00	309.32	0.00	708.36	7307.26
1463749786.0 49 170804.87	1002.77	24.25	-24.84	636.38	217.45	0.68	0.00	309.15	0.00	708.36	7307.26
1463749787.0 49 170804.87	1002.77	24.25	-25.00	618.88	211.25	-0.00	0.00	309.10	0.00	708.36	7307.26
1463749788.0 49 170804.87	1002.77	24.25	-24.84	634.63	222.49	-2.33	0.00	309.27	0.00	708.36	7307.26
1463749789.0 48 170804.87	1001.52	24.25	-24.84	627.63	219.96	-2.33	0.00	309.21	0.00	708.36	7307.26
1463749790.0 48 170804.87	1002.77	24.25	-25.00	613.63	212.48	-0.00	0.00	309.43	0.00	708.36	7307.26
1463749791.0 48 170804.87	1004.42	24.44	-24.84	613.63	213.72	-0.00	0.00	309.38	0.00	708.36	7307.26
1463749792.0 48 170804.87	1002.37	24.07	-24.84	620.63	217.45	-0.00	0.00	309.32	0.00	708.36	7307.26
1463749793.0 48 170804.87	1003.62	24.07	-24.68	625.88	222.49	-2.33	0.00	309.21	0.00	708.36	7307.26
1463749794.0 48 170804.87	1002.37	24.07	-24.84	606.63	212.48	-2.33	0.00	309.04	0.00	708.36	7307.26
1463749795.0 48 170804.87	1002.37	24.07	-24.84	624.13	222.49	-2.33	0.00	309.32	473.68	708.36	7307.26
1463749796.0 48 170804.87	1003.17	24.44	-24.84	615.38	213.72	-0.00	0.00	309.04	0.00	708.36	7307.26
1463749797.0 48 170804.87	1001.12	24.07	-25.00	611.88	218.70	-2.33	0.00	309.60	0.00	708.36	7307.26
1463749798.0 48 170804.87	1002.37	24.07	-24.84	620.63	217.45	2.44	0.00	309.04	0.00	708.36	7307.26
1463749799.0 48 170804.87	1002.77	24.25	-25.16	615.38	213.72	-0.00	0.00	309.49	0.00	708.36	7307.26
1463749800.0 48 170804.87	1001.52	24.25	-24.84	627.63	221.22	-0.00	0.00	309.27	0.00	708.36	7307.26
1463749801.0 48 170804.87	1002.37	24.07	-24.84	620.63	214.96	0.68	0.00	309.38	0.00	708.36	7307.26
1463749802.0 48 170804.87	1002.37	24.07	-25.16	631.13	217.45	-0.00	0.00	309.49	0.00	708.36	7307.26
1463749803.0 48 170804.87	1002.37	24.07	-24.84	631.13	218.70	-2.33	0.00	309.27	0.00	708.36	7307.26
1463749804.0 48 170804.87	1001.92	24.44	-24.84	634.63	216.20	0.68	0.00	309.32	0.00	708.36	7307.26
1463749805.0 48 170804.87	1002.77	24.25	-24.84	650.37	225.04	0.68	0.00	309.49	0.00	708.36	7307.26
1463749806.0 48 170804.87	1002.37	24.07	-24.84	636.38	214.96	-0.00	0.00	309.10	0.00	708.36	7307.26
1463749807.0 48 170804.87	1002.77	24.25	-24.84	650.37	219.96	-0.00	0.00	309.43	0.00	708.36	7307.26
1463749808.0 48 170804.87	1002.77	24.25	-24.84	639.87	213.72	-2.33	0.00	309.10	0.00	708.36	7307.26
1463749809.0 48 170804.87	1001.97	23.88	-24.84	641.62	214.96	-0.00	0.00	309.43	0.00	708.36	7307.26
1463749810.0 48 170804.87	1002.37	24.07	-24.84	646.87	214.96	-0.00	0.00	309.21	0.00	708.36	7307.26
1463749811.0 48 170804.87	1002.37	24.07	-25.00	648.62	213.72	-0.00	0.00	309.43	0.00	708.36	7307.26
1463749812.0 48 170804.87	1002.37	24.07	-24.84	662.61	218.70	-2.33	0.00	309.15	0.00	708.36	7307.26
1463749813.0 48 170804.87	1001.52	24.25	-24.84	659.11	214.96	-0.00	0.00	309.10	0.00	708.36	7307.26
1463749814.0 48 170804.87	999.87	24.07	-24.84	669.61	217.45	0.68	0.00	309.15	0.00	708.36	7307.26
1463749814.0 48 170804.87	1004.02	24.25	-24.68	678.35	217.45	-2.33	0.00	309.10	0.00	708.36	7307.26
1463749815.0 48 170804.87	1000.72	23.88	-25.00	671.35	213.72	-0.00	0.00	309.21	0.00	708.36	7307.26
1463749816.0 48 170804.87	1002.77	24.25	-24.84	688.84	217.45	-2.33	0.00	309.38	0.00	708.36	7307.26
1463749817.0 48 170804.87	1002.77	24.25	-24.84	685.34	213.72	-2.33	0.00	309.15	0.00	708.36	7307.26
1463749818.0 48 170804.87	1001.97	23.88	-24.84	688.84	214.96	-2.33	0.00	309.27	0.00	708.36	7307.26
1463749819.0 48 170804.87	1002.77	24.25	-24.84	692.34	214.96	-0.00	0.00	309.10	0.00	708.36	7307.26
1463749820.0 48 170804.87	1001.12	24.07	-25.00	694.08	213.72	-2.33	0.00	309.15	0.00	708.36	7307.26
1463749821.0 48 170804.87	1001.97	23.88	-24.84	702.83	214.96	-2.33	0.00	309.15	0.00	708.36	7307.26
1463749822.0 48 170804.87	1002.37	24.07	-25.00	701.08	216.20	0.68	0.00	309.32	0.00	708.36	7307.26
1463749823.0 48 170804.87	1003.17	24.44	-24.84	706.32	218.70	-2.33	0.00	309.15	0.00	708.36	7307.26
1463749824.0 48 170804.87	1001.12	24.07	-24.84	699.33	216.20	-2.33	0.00	309.27	0.00	708.36	7307.26
1463749825.0 48 170804.87	1000.72	23.88	-24.84	713.31	222.49	-2.33	0.00	309.21	0.00	708.36	7307.26
1463749826.0 47 170804.87	1002.37	24.07	-24.84	678.35	207.58	-0.00	0.00	308.87	0.00	708.36	7307.26
1463749827.0 47 170804.87	1002.77	24.25	-24.84	692.34	216.20	0.68	0.00	309.10	0.00	708.36	7307.26
1463749828.0 47 170804.87	1003.62	24.07	-24.68	699.33	218.70	-2.33	0.00	309.21	473.68	708.36	7307.26
1463749829.0 47 170804.87	1001.52	24.25	-24.84	687.09	214.96	-0.00	0.00	309.10	0.00	708.36	7307.26
1463749830.0 47 170804.87	1002.37	24.07	-24.84	701.08	222.49	3.69	0.00	309.27	0.00	708.36	7307.26
1463749831.0 47 170804.87	1002.37	24.07	-24.84	687.09	212.48	-0.00	0.00	309.04	0.00	708.36	7307.26
1463749832.0 47 170804.87	1002.37	24.07	-25.00	685.34	218.70	-2.33	0.00	309.49	0.00	708.36	7307.26
1463749833.0 47 170804.87	1002.77	24.25	-24.84	688.84	218.70	-2.33	0.00	309.15	0.00	708.36	7307.26
1463749834.0 47 170804.87	1003.17	24.44	-25.00	680.10	214.96	-0.00	0.00	309.49	0.00	708.36	7307.26
1463749835.0 47 170804.87	1001.52	24.25	-24.68	701.08	226.32	-2.33	0.00	309.10	0.00	708.36	7307.26
1463749836.0 47 170804.87	1002.77	24.25	-24.68	681.85	213.72	-0.00	0.00	309.21	0.00	708.36	7307.26
1463749837.0 47 170804.87	1002.37	24.07	-24.84	694.08	219.96	0.68	0.00	309.27	0.00	708.36	7307.26
1463749838.0 47 170804.87	1002.77	24.25	-24.84	681.85	214.96	-2.33	0.00	309.15	0.00	708.36	7307.26
1463749839.0 48 170804.87	1003.17	24.44	-24.84	680.10	214.96	-0.00	0.00	309.10	0.00	708.36	7307.26
1463749840.0 48 170804.87	1002.37	24.07	-24.84	678.35	216.20	-2.33	0.00	309.15	0.00	708.36	7307.26
1463749841.0 48 170804.87	1003.17	24.44	-24.84	688.84	217.45	-2.33	0.00	309.27	0.00	708.36	7307.26
1463749842.0 48 170804.87	1002.37	24.07	-25.00	699.33	219.96	-0.00	0.00	309.49	0.00	708.36	7307.26
1463749843.0 48 170804.87	1001.92	24.44	-24.84	683.59	213.72	0.68	0.00	309.15	0.00	708.36	7307.26
1463749844.0 48 170804.87	1002.77	24.25	-25.00	681.85	219.96	-0.00	0.00	309.38	0.00	708.36	7307.26
1463749845.0 48 170804.87	1003.17	24.44	-24.84	681.85	213.72	-0.00	0.00	309.10	0.00	708.36	7307.26
1463749846.0 48 170804.87	1001.92	24.44	-25.00	680.10	213.72	-2.33	0.00	309.38	0.00	708.36	7307.26
1463749847.0 48 170804.87	1002.77	24.25	-24.68	681.85	217.45	-0.00	0.00	309.10	0.00	708.36	7307.26
1463749848.0 48 170804.87	1003.17	24.44	-25.16	678.35	213.72	-2.33	0.00	309.43	0.00	708.36	7307.26
1463749849.0 48 170804.87	1002.77	24.25	-24.84	676.60	212.48	-2.33	0.00	309.10	0.00	708.36	7307.26
1463749850.0 48 170804.87	1001.52	24.25	-24.84	680.10	214.96	-2.33	0.00	309.10	0.00	708.36	7307.26
1463749851.0 48 170804.87	1002.77	24.25	-24.84	678.35	214.96	-0.00	0.00	309.21	0.00	708.36	7307.26
1463749852.0 48 170804.87	1000.27	24.25	-24.84	688.84	219.96	-0.00	0.00	309.43	0.00	708.36	7307.26
1463749853.0 48 170804.87	1002.37	24.07	-24.84	680.10	216.20	-0.00	0.00	309.04	0.00	708.36	7307.26
1463749854.0 48 170804.87	1000.67	24.44	-24.68	676.60	213.72	-0.00	0.00	309.10	0.00	708.36	7307.26
1463749855.0 48 170804.87	1002.77	24.25	-24.84	685.34	217.45	-0.00	0.00	309.15	0.00	708.36	7307.26
1463749856.0 48 170804.87	1003.17	24.44	-24.84	674.85	212.48	-0.00	0.00	309.10	0.00	708.36	7307.26
1463749857.0 48 170804.87	1003.17	24.44	-24.84	701.08	221.22	-2.33	0.00	309.10	0.00	708.36	7307.26
1463749858.0 48 170804.87	1003.17	24.44	-24.84	674.85	212.48	-0.00	0.00	309.10	0.00	708.36	7307.26
1463749859.0 48 170804.87	1001.92	24.44	-25.00	695.83	223.76	-2.33	0.00	309.32	0.00	708.36	7307.26
1463749860.0 48 170804.87	1000.67	24.44	-25.00	676.60	212.48	-0.00	0.00	309.21	0.00	708.36	7307.26
1463749861.0 48 170804.87	1002.77	24.25	-25.00	692.34	222.49	-0.00	0.00	309.43	0.00	708.36	7307.26
1463749862.0 48 170804.87	1003.17	24.44	-24.84	687.09	219.96	-0.00	0.00	309.21	0.00	708.36	7307.26
1463749863.0 48 170804.87	1004.02	24.25	-25.00	674.85	213.72	-0.00	0.00	309.49	0.00	708.36	7307.26
1463749864.0 48 170804.87	1003.17	24.44	-24.84	685.34	217.45	-0.00	0.00	309.10	0.00	708.36	7307.26
1463749865.0 48 170804.87	1002.77	24.25	-24.68	671.35	213.72	-0.00	0.00	309.04	0.00	708.36	7307.26
1463749866.0 48 170804.87	1002.77	24.25	-24.84	681.85	219.96	-0.00	0.00	309.32	0.00	708.36	7307.26
1463749867.0 48 170804.87	1003.17	24.44	-24.84	673.10	212.48	-0.00	0.00	309.10	0.00	708.36	7307.26
1463749868.0 48 170804.87	1003.22	23.88	-24.84	674.85	214.96	-0.00	0.00	309.49	0.00	708.36	7307.26
1463749869.0 48 170804.87	1001.92	24.44	-24.68	687.09	217.45	2.44	0.00	309.04	0.00	708.36	7307.26
1463749869.0 48 170804.87	1003.17	24.44	-25.00	673.10	214.96	-0.00	0.00	309.49	0.00	708.36	7307.26
1463749870.0 48 170804.87	1003.17	24.44	-24.84	685.34	219.96	-2.33	0.00	309.21	0.00	708.36	7307.26
1463749871.0 48 170804.87	1001.92	24.44	-24.84	673.10	214.96	-0.00	0.00	309.10	0.00	708.36	7307.26
1463749872.0 48 170804.87	1002.37	24.07	-24.68	685.34	218.70	-2.33	0.00	309.27	0.00	708.36	7307.26
1463749873.0 48 170804.87	1002.77	24.25	-25.00	671.35	214.96	-0.00	0.00	309.15	0.00	708.36	7307.26
1463749874.0 48 170804.87	1003.17	24.44	-25.00	681.85	222.49	-0.00	0.00	309.38	0.00	708.36	7307.26
1463749875.0 48 170804.87	1002.77	24.25	-24.84	676.60	219.96	-0.00	0.00	309.32	0.00	708.36	7307.26
1463749876.0 48 170804.87	1001.52	24.25	-24.84	676.60	217.45	-2.33	0.00	309.60	0.00	708.36	7307.26
1463749877.0 48 170804.87	1004.42	24.44	-24.84	678.35	219.96	-2.33	0.00	309.15	0.00	708.36	7307.26
1463749878.0 48 170804.87	1003.17	24.44	-24.84	666.11	213.72	-0.00	0.00	309.49	0.00	708.36	7307.26
1463749879.0 48 170804.87	1002.77	24.25	-25.00	688.84	225.04	-0.00	0.00	309.38	0.00	708.36	7307.26
1463749880.0 48 170804.87	1003.17	24.44	-24.84	660.86	212.48	-0.00	0.00	309.10	0.00	708.36	7307.26
1463749881.0 48 170804.87	1001.52	24.25	-24.84	678.35	222.49	-0.00	0.00	309.27	0.00	708.36	7307.26
1463749882.0 48 170804.87	1000.67	24.44	-24.84	659.11	212.48	-0.00	0.00	309.04	0.00	708.36	7307.26
1463749883.0 48 170804.87	1002.37	24.07	-25.00	683.59	225.04	-2.33	0.00	309.49	0.00	708.36	7307.26
1463749884.0 48 170804.87	1002.77	24.25	-24.84	664.36	212.48	-0.00	0.00	309.04	0.00	708.36	7307.26
1463749885.0 48 170804.87	1001.52	24.25	-24.84	669.61	226.32	-0.00	0.00	309.72	0.00	708.36	7307.26
1463749886.0 48 170804.87	1003.17	24.44	-25.00	671.35	216.20	-2.33	0.00	309.21	0.00	708.36	7307.26
1463749887.0 48 170804.87	1003.17	24.44	-24.84	666.11	213.72	-0.00	0.00	309.49	0.00	708.36	7307.26
1463749888.0 48 170804.87	1003.17	24.44	-25.00	680.10	222.49	-0.00	0.00	309.27	0.00	708.36	7307.26
1463749889.0 48 170804.87	1003.17	24.44	-24.68	662.61	211.25	-0.00	0.00	308.98	0.00	708.36	7307.26
1463749890.0 48 170804.87	1004.42	24.44	-25.00	673.10	212.48	-2.33	0.00	309.32	0.00	708.36	7307.26
1463749891.0 48 170804.87	1003.17	24.44	-24.84	683.59	217.45	-0.00	0.00	309.27	0.00	708.36	7307.26
1463749892.0 48 170804.87	1000.67	24.44	-24.84	695.83	219.96	-2.33	0.00	309.27	0.00	708.36	7307.26
1463749893.0 48 170804.87	1000.27	24.25	-24.84	704.57	219.96	-2.33	0.00	309.32	0.00	708.36	7307.26
1463749894.0 48 170804.87	1001.92	24.44	-24.68	699.33	213.72	-0.00	0.00	309.15	0.00	708.36	7307.26
1463749895.0 48 170804.87	1000.67	24.44	-25.00	730.79	225.04	-2.33	0.00	309.66	0.00	708.36	7307.26
1463749896.0 48 170804.87	1000.67	24.44	-24.84	723.80	217.45	-0.00	0.00	309.32	0.00	708.36	7307.26
1463749897.0 48 170804.87	1001.92	24.44	-24.84	723.80	213.72	-2.33	0.00	309.38	0.00	708.36	7307.26
1463749898.0 48 170804.87	1001.92	24.44	-24.84	736.03	214.96	-2.33	0.00	309.15	0.00	708.36	7307.26
1463749899.0 48 170804.87	1003.17	24.44	-24.84	736.03	213.72	-0.00	0.00	309.49	0.00	708.36	7307.26
1463749900.0 48 170804.87	1003.58	24.63	-24.68	755.26	219.96	-0.00	0.00	309.15	0.00	708.36	7307.26
1463749901.0 48 170804.87	1003.17	24.44	-24.84	748.27	214.96	-2.33	0.00	309.15	0.00	708.36	7307.26
1463749902.0 48 170804.87	1000.67	24.44	-24.84	739.53	207.58	-0.00	0.00	309.04	0.00	708.36	7307.26
1463749903.0 48 170804.87	1003.17	24.44	-24.84	774.47	221.22	0.68	0.00	309.21	0.00	708.36	7307.26
1463749904.0 48 170804.87	1001.07	24.63	-24.84	758.75	211.25	-0.00	0.00	308.98	0.00	708.36	7307.26
1463749905.0 48 170804.87	1002.32	24.63	-25.00	788.45	222.49	-2.33	0.00	309.43	0.00	708.36	7307.26
1463749906.0 48 170804.87	1001.92	24.44	-24.84	776.22	214.96	-0.00	0.00	309.15	0.00	708.36	7307.26
1463749907.0 48 170804.87	1002.32	24.63	-24.84	781.46	213.72	-0.00	0.00	309.15	0.00	708.36	7307.26
1463749908.0 48 170804.87	1003.98	24.81	-24.68	800.67	214.96	-2.33	0.00	309.15	0.00	708.36	7307.26
1463749909.0 48 170804.87	1001.47	24.81	-24.84	805.91	214.96	-2.33	0.00	309.32	0.00	708.36	7307.26
1463749910.0 48 170804.87	1000.67	24.44	-24.84	823.37	218.70	-2.33	0.00	309.32	0.00	708.36	7307.26
1463749911.0 48 170804.87	1002.32	24.63	-24.84	816.39	212.48	-0.00	0.00	309.10	0.00	708.36	7307.26
1463749912.0 48 170804.87	1001.47	24.81	-24.68	853.05	222.49	-0.00	0.00	309.32	0.00	708.36	7307.26
1463749913.0 48 170804.87	1001.47	24.81	-24.84	839.08	216.20	-0.00	0.00	309.04	0.00	708.36	7307.26
1463749914.0 48 170804.87	1002.72	24.81	-24.84	872.24	222.49	-0.00	0.00	309.32	0.00	708.36	7307.26
1463749915.0 47 170804.87	1001.07	24.63	-24.84	847.81	207.58	-2.33	0.00	308.87	0.00	708.36	7307.26
1463749916.0 47 170804.87	1001.47	24.81	-24.84	879.22	212.48	-0.00	0.00	309.10	0.00	708.36	7307.26
1463749917.0 47 170804.87	1003.98	24.81	-24.84	898.41	222.49	-2.33	0.00	309.43	473.68	708.36	7307.26
1463749918.0 47 170804.87	1001.47	24.81	-24.84	922.82	218.70	-0.00	0.00	309.15	0.00	708.36	7307.26
1463749919.0 47 170804.87	1002.72	24.81	-24.84	919.33	214.96	-0.00	0.00	309.49	0.00	708.36	7307.26
1463749920.0 47 170804.87	1001.47	24.81	-24.68	955.94	219.96	-0.00	0.00	309.10	0.00	708.36	7307.26
1463749921.0 47 170804.87	1001.47	24.81	-25.16	961.17	218.70	-0.00	0.00	309.66	0.00	708.36	7307.26
1463749922.0 47 170804.87	1001.07	24.63	-25.00	985.56	219.96	0.68	0.00	309.38	0.00	708.36	7307.26
1463749923.0 47 170804.87	1001.87	25.00	-24.84	980.33	213.72	-2.33	0.00	309.10	0.00	708.36	7307.26
1463749924.0 47 170804.87	1001.47	24.81	-24.84	1015.16	219.96	-0.00	0.00	309.55	0.00	708.36	7307.26
1463749924.0 47 170804.87	1000.22	24.81	-24.84	1009.94	213.72	-0.00	0.00	309.10	0.00	708.36	7307.26
1463749925.0 47 170804.87	1001.87	25.00	-24.84	1032.57	221.22	-2.33	0.00	309.38	0.00	708.36	7307.26
1463749926.0 47 170804.87	1001.87	25.00	-24.84	1043.01	217.45	-2.33	0.00	309.10	0.00	708.36	7307.26
1463749927.0 47 170804.87	1001.87	25.00	-24.84	1043.01	214.96	-0.00	0.00	309.49	0.00	708.36	7307.26
1463749928.0 47 170804.87	1000.62	25.00	-24.84	1062.15	217.45	0.68	0.00	309.21	0.00	708.36	7307.26
1463749929.0 47 170804.87	1001.87	25.00	-24.84	1051.71	213.72	-2.33	0.00	309.04	0.00	708.36	7307.26
1463749930.0 47 170804.87	1003.53	25.19	-24.84	1091.71	223.76	6.12	0.00	309.43	0.00	708.36	7307.26
1463749931.0 47 170804.87	1001.87	25.00	-25.00	1076.07	216.20	-0.00	0.00	309.38	0.00	708.36	7307.26
1463749932.0 47 170804.87	1001.02	25.19	-25.00	1096.93	222.49	-0.00	0.00	309.49	0.00	708.36	7307.26
1463749933.0 47 170804.87	1000.62	25.00	-24.84	1098.67	218.70	-0.00	0.00	309.21	0.00	708.36	7307.26
1463749934.0 47 170804.87	1001.87	25.00	-25.00	1096.93	217.45	-0.00	0.00	309.66	0.00	708.36	7307.26
1463749935.0 47 170804.87	1002.27	25.19	-24.84	1110.83	219.96	-2.33	0.00	309.15	0.00	708.36	7307.26
1463749936.0 47 170804.87	1002.27	25.19	-25.00	1102.14	217.45	-0.00	0.00	309.66	0.00	708.36	7307.26
1463749937.0 47 170804.87	1001.02	25.19	-24.84	1124.73	225.04	-2.33	0.00	309.32	0.00	708.36	7307.26
1463749938.0 47 170804.87	1001.42	25.37	-25.00	1114.31	219.96	-0.00	0.00	309.27	0.00	708.36	7307.26
1463749939.0 47 170804.87	1001.02	25.19	-24.84	1129.94	225.04	-2.33	0.00	309.43	0.00	708.36	7307.26
1463749940.0 46 170804.87	1000.17	25.37	-24.84	1112.57	217.45	-2.33	0.00	309.32	0.00	708.36	7307.26
1463749941.0 46 170804.87	1002.27	25.19	-25.00	1138.63	226.32	-2.33	0.00	309.43	0.00	708.36	7307.26
1463749942.0 46 170804.87	1001.42	25.37	-24.84	1107.36	216.20	-2.33	0.00	309.21	0.00	708.36	7307.26
1463749943.0 46 170804.87	1001.02	25.19	-25.00	1122.99	221.22	-0.00	0.00	309.43	0.00	708.36	7307.26
1463749944.0 46 170804.87	1001.02	25.19	-24.84	1112.57	217.45	-2.33	0.00	309.32	0.00	708.36	7307.26
1463749945.0 46 170804.87	1000.62	25.00	-24.84	1116.05	218.70	-0.00	0.00	309.38	0.00	708.36	7307.26
1463749946.0 46 170804.87	1001.82	25.56	-24.84	1119.52	218.70	-0.00	0.00	309.27	0.00	708.36	7307.26
1463749947.0 46 170804.87	1001.82	25.56	-24.84	1102.14	214.96	-0.00	0.00	309.27	0.00	708.36	7307.26
1463749948.0 46 170804.87	1001.42	25.37	-24.84	1122.99	221.22	-0.00	0.00	309.32	0.00	708.36	7307.26
1463749949.0 46 170804.87	1001.82	25.56	-24.84	1105.62	217.45	-2.33	0.00	309.32	0.00	708.36	7307.26
1463749950.0 46 170804.87	1002.67	25.37	-24.84	1135.15	226.32	-0.00	0.00	309.43	0.00	708.36	7307.26
1463749951.0 46 170804.87	1001.82	25.56	-24.84	1100.41	216.20	-0.00	0.00	309.21	0.00	708.36	7307.26
1463749952.0 46 170804.87	1001.42	25.37	-24.84	1129.94	226.32	0.68	0.00	309.49	0.00	708.36	7307.26
1463749953.0 46 170804.87	1001.82	25.56	-24.84	1079.54	211.25	-2.33	0.00	308.98	0.00	708.36	7307.26
1463749954.0 46 170804.87	1003.07	25.56	-24.84	1096.93	217.45	-2.33	0.00	309.27	0.00	708.36	7307.26
1463749955.0 46 170804.87	1001.82	25.56	-24.84	1110.83	223.76	-2.33	0.00	309.43	0.00	708.36	7307.26
1463749956.0 46 170804.87	1003.47	25.75	-24.84	1112.57	221.22	0.68	0.00	309.27	0.00	708.36	7307.26
1463749957.0 46 170804.87	1001.82	25.56	-25.00	1091.71	217.45	-0.00	0.00	309.66	0.00	708.36	7307.26
1463749958.0 46 170804.87	1001.82	25.56	-24.84	1114.31	222.49	-2.33	0.00	309.21	0.00	708.36	7307.26
1463749959.0 46 170804.87	1002.22	25.75	-25.00	1091.71	217.45	-0.00	0.00	309.66	0.00	708.36	7307.26
1463749960.0 46 170804.87	1003.07	25.56	-24.84	1109.09	223.76	-2.33	0.00	309.43	0.00	708.36	7307.26
1463749961.0 46 170804.87	1002.22	25.75	-24.84	1093.45	218.70	-0.00	0.00	309.32	0.00	708.36	7307.26
1463749962.0 46 170804.87	1002.62	25.93	-24.68	1103.88	223.76	-0.00	0.00	309.43	344.01	708.36	7307.26
1463749963.0 46 170804.87	1000.97	25.75	-24.84	1083.02	217.45	-0.00	0.00	309.27	0.00	708.36	7307.26
1463749964.0 46 170804.87	1001.82	25.56	-25.00	1105.62	226.32	-0.00	0.00	309.49	0.00	708.36	7307.26
1463749965.0 46 170804.87	999.71	25.75	-24.84	1086.50	218.70	-0.00	0.00	309.32	0.00	708.36	7307.26
1463749966.0 46 170804.87	1002.62	25.93	-24.84	1062.15	210.02	0.68	0.00	309.04	0.00	708.36	7307.26
1463749967.0 46 170804.87	1002.22	25.75	-24.84	1072.59	212.48	-0.00	0.00	309.10	0.00	708.36	7307.26
1463749968.0 46 170804.87	1000.97	25.75	-24.84	1077.80	213.72	-0.00	0.00	309.10	0.00	708.36	7307.26
1463749969.0 46 170804.87	1000.97	25.75	-24.84	1089.98	222.49	-2.33	0.00	309.55	0.00	708.36	7307.26
1463749970.0 46 170804.87	1002.62	25.93	-25.00	1083.02	213.72	-2.33	0.00	309.15	0.00	708.36	7307.26
1463749971.0 46 170804.87	999.71	25.75	-24.84	1096.93	217.45	-0.00	0.00	309.60	0.00	708.36	7307.26
1463749972.0 46 170804.87	1002.62	25.93	-24.84	1091.71	214.96	-0.00	0.00	309.21	0.00	708.36	7307.26
1463749973.0 46 170804.87	1002.22	25.75	-24.84	1093.45	213.72	-0.00	0.00	309.21	0.00	708.36	7307.26
1463749974.0 46 170804.87	1002.62	25.93	-24.84	1098.67	214.96	-2.33	0.00	309.15	0.00	708.36	7307.26
1463749975.0 46 170804.87	1002.22	25.75	-24.84	1112.57	217.45	-0.00	0.00	309.32	0.00	708.36	7307.26
1463749976.0 46 170804.87	1000.97	25.75	-25.00	1114.31	217.45	-0.00	0.00	309.32	0.00	708.36	7307.26
1463749977.0 46 170804.87	1000.11	25.93	-24.84	1112.57	214.96	-0.00	0.00	309.15	0.00	708.36	7307.26
1463749978.0 46 170804.87	1002.22	25.75	-25.00	1117.78	217.45	0.68	0.00	309.38	0.00	708.36	7307.26
1463749979.0 46 170804.87	1002.62	25.93	-24.84	1091.71	207.58	-0.00	0.00	308.82	0.00	708.36	7307.26
1463749979.0 46 170804.87	1000.11	25.93	-24.84	1121.26	216.20	-0.00	0.00	309.10	0.00	708.36	7307.26
1463749980.0 46 170804.87	1002.22	25.75	-25.00	1135.15	221.22	-0.00	0.00	309.49	0.00	708.36	7307.26
1463749981.0 46 170804.87	1000.97	25.75	-24.84	1131.68	216.20	-0.00	0.00	309.32	0.00	708.36	7307.26
1463749982.0 46 170804.87	1002.62	25.93	-24.84	1117.78	212.48	-0.00	0.00	309.15	0.00	708.36	7307.26
1463749983.0 46 170804.87	1001.36	25.93	-24.84	1140.36	218.70	0.68	0.00	309.15	0.00	708.36	7307.26
1463749984.0 46 170804.87	1001.36	25.93	-24.84	1119.52	212.48	-2.33	0.00	309.10	0.00	708.36	7307.26
1463749985.0 46 170804.87	1001.36	25.93	-24.68	1154.25	222.49	-0.00	0.00	309.21	473.68	708.36	7307.26
1463749986.0 46 170804.87	1000.11	25.93	-24.84	1131.68	213.72	-0.00	0.00	309.04	0.00	708.36	7307.26
1463749987.0 46 170804.87	1001.76	26.12	-24.68	1157.72	222.49	-2.33	0.00	309.32	0.00	708.36	7307.26
1463749988.0 46 170804.87	1002.62	25.93	-24.84	1131.68	213.72	-0.00	0.00	309.10	0.00	708.36	7307.26
1463749989.0 46 170804.87	1001.36	25.93	-25.00	1142.10	223.76	-0.00	0.00	309.66	0.00	708.36	7307.26
1463749990.0 46 170804.87	1003.02	26.12	-24.84	1136.89	217.45	-2.33	0.00	309.04	0.00	708.36	7307.26
1463749991.0 45 170804.87	1001.36	25.93	-24.68	1131.68	217.45	-2.33	0.00	309.21	0.00	708.36	7307.26
1463749992.0 45 170804.87	1003.02	26.12	-24.84	1129.94	216.20	-0.00	0.00	309.49	0.00	708.36	7307.26
1463749993.0 45 170804.87	1001.36	25.93	-24.84	1117.78	212.48	-0.00	0.00	309.15	473.68	708.36	7307.26
1463749994.0 45 170804.87	1000.51	26.12	-25.00	1129.94	218.70	-0.00	0.00	309.66	0.00	708.36	7307.26
1463749995.0 45 170804.87	1001.76	26.12	-24.84	1129.94	221.22	-2.33	0.00	309.15	0.00	708.36	7307.26
1463749996.0 45 170804.87	1001.76	26.12	-24.84	1121.26	217.45	-0.00	0.00	309.27	0.00	708.36	7307.26
1463749997.0 45 170804.87	1003.02	26.12	-24.68	1126.47	219.96	-2.33	0.00	309.32	0.00	708.36	7307.26
1463749998.0 45 170804.87	1000.11	25.93	-24.84	1109.09	214.96	-2.33	0.00	309.15	0.00	708.36	7307.26
1463749999.0 45 170804.87	1000.91	26.31	-24.84	1114.31	222.49	-2.33	0.00	309.38	0.00	708.36	7307.26
1463750000.0 45 170804.87	1001.76	26.12	-24.84	1093.45	213.72	-0.00	0.00	309.15	0.00	708.36	7307.26
1463750001.0 45 170804.87	1001.76	26.12	-25.00	1102.14	217.45	-2.33	0.00	309.60	0.00	708.36	7307.26
1463750002.0 45 170804.87	1000.51	26.12	-24.84	1089.98	214.96	-0.00	0.00	309.21	0.00	708.36	7307.26
1463750003.0 45 170804.87	1001.31	26.50	-25.16	1086.50	213.72	-2.33	0.00	309.32	0.00	708.36	7307.26
1463750004.0 45 170804.87	1000.91	26.31	-25.00	1076.07	213.72	-0.00	0.00	309.15	0.00	708.36	7307.26
1463750005.0 45 170804.87	1000.91	26.31	-24.84	1100.41	221.22	-2.33	0.00	309.21	0.00	708.36	7307.26
1463750006.0 45 170804.87	1000.91	26.31	-24.84	1069.11	213.72	-2.33	0.00	309.04	0.00	708.36	7307.26
1463750007.0 45 170804.87	1000.91	26.31	-25.00	1089.98	219.96	-2.33	0.00	309.43	0.00	708.36	7307.26
1463750008.0 45 170804.87	1002.56	26.50	-24.84	1083.02	217.45	-0.00	0.00	309.32	0.00	708.36	7307.26
1463750009.0 45 170804.87	1001.31	26.50	-25.00	1069.11	213.72	-2.33	0.00	309.27	0.00	708.36	7307.26
1463750010.0 45 170804.87	1002.16	26.31	-24.84	1079.54	217.45	-0.00	0.00	309.10	0.00	708.36	7307.26
1463750011.0 45 170804.87	1001.31	26.50	-25.00	1079.54	219.96	-2.33	0.00	309.49	0.00	708.36	7307.26
1463750012.0 45 170804.87	1001.71	26.68	-24.84	1081.28	218.70	5.45	0.00	309.10	0.00	708.36	7307.26
1463750013.0 45 170804.87	1000.91	26.31	-24.84	1053.45	212.48	-0.00	0.00	309.10	0.00	708.36	7307.26
1463750014.0 45 170804.87	1002.96	26.68	-24.84	1095.19	226.32	0.68	0.00	309.43	0.00	708.36	7307.26
1463750015.0 45 170804.87	1001.31	26.50	-24.84	1049.97	213.72	-0.00	0.00	309.04	0.00	708.36	7307.26
1463750016.0 45 170804.87	1001.31	26.50	-24.84	1074.33	222.49	-0.00	0.00	309.55	0.00	708.36	7307.26
1463750017.0 45 170804.87	1000.91	26.31	-25.00	1074.33	219.96	-0.00	0.00	309.32	0.00	708.36	7307.26
1463750018.0 45 170804.87	1001.31	26.50	-24.84	1063.89	216.20	-0.00	0.00	309.21	0.00	708.36	7307.26
1463750019.0 45 170804.87	1001.31	26.50	-24.84	1053.45	212.48	-0.00	0.00	309.38	0.00	708.36	7307.26
1463750020.0 45 170804.87	1002.56	26.50	-24.84	1083.02	218.70	0.68	0.00	309.04	0.00	708.36	7307.26
1463750021.0 45 170804.87	1001.31	26.50	-25.00	1065.63	216.20	0.68	0.00	309.66	473.68	708.36	7307.26
1463750022.0 45 170804.87	1001.71	26.68	-25.00	1076.07	218.70	0.68	0.00	309.32	0.00	708.36	7307.26
1463750023.0 45 170804.87	1001.31	26.50	-24.84	1070.85	217.45	-0.00	0.00	309.32	0.00	708.36	7307.26
1463750024.0 45 170804.87	1002.56	26.50	-25.00	1084.76	219.96	-2.33	0.00	309.49	0.00	708.36	7307.26
1463750025.0 45 170804.87	1002.96	26.68	-24.84	1072.59	217.45	-2.33	0.00	309.27	473.68	708.36	7307.26
1463750026.0 45 170804.87	1001.71	26.68	-24.84	1062.15	213.72	-0.00	0.00	309.38	0.00	708.36	7307.26
1463750027.0 45 170804.87	1003.36	26.87	-24.84	1077.80	216.20	-2.33	0.00	309.15	0.00	708.36	7307.26
1463750028.0 45 170804.87	1001.71	26.68	-25.00	1065.63	213.72	-0.00	0.00	309.43	0.00	708.36	7307.26
1463750029.0 45 170804.87	1001.31	26.50	-24.68	1074.33	216.20	-2.33	0.00	309.15	0.00	708.36	7307.26
1463750030.0 45 170804.87	1002.10	26.87	-24.84	1093.45	219.96	0.68	0.00	309.27	0.00	708.36	7307.26
1463750031.0 45 170804.87	1003.36	26.87	-24.84	1063.89	211.25	-2.33	0.00	309.04	0.00	708.36	7307.26
1463750032.0 45 170804.87	1001.71	26.68	-24.84	1056.93	207.58	-0.00	0.00	308.87	0.00	708.36	7307.26
1463750033.0 45 170804.87	1001.71	26.68	-24.84	1083.02	213.72	-2.33	0.00	309.10	0.00	708.36	7307.26
1463750034.0 45 170804.87	1002.10	26.87	-25.00	1096.93	217.45	-2.33	0.00	309.43	0.00	708.36	7307.26
1463750034.0 45 170804.87	1001.71	26.68	-24.84	1098.67	214.96	-0.00	0.00	309.10	0.00	708.36	7307.26
1463750035.0 45 170804.87	1001.71	26.68	-24.84	1084.76	212.48	-0.00	0.00	309.15	0.00	708.36	7307.26
1463750036.0 45 170804.87	1001.71	26.68	-24.84	1107.36	218.70	-2.33	0.00	309.10	0.00	708.36	7307.26
1463750037.0 45 170804.87	1002.10	26.87	-24.84	1091.71	211.25	-0.00	0.00	309.15	0.00	708.36	7307.26
1463750038.0 45 170804.87	1002.10	26.87	-24.68	1128.21	222.49	-2.33	0.00	309.15	0.00	708.36	7307.26
1463750039.0 45 170804.87	1002.50	27.06	-24.84	1102.14	214.96	-0.00	0.00	309.15	0.00	708.36	7307.26
1463750040.0 45 170804.87	1002.50	27.06	-24.84	1133.42	222.49	-2.33	0.00	309.32	473.68	708.36	7307.26
1463750041.0 45 170804.87	1000.85	26.87	-24.84	1121.26	216.20	-2.33	0.00	308.98	0.00	708.36	7307.26
1463750042.0 44 170804.87	1002.10	26.87	-24.68	1089.98	206.36	-0.00	0.00	308.82	0.00	708.36	7307.26
1463750043.0 44 170804.87	1002.10	26.87	-24.84	1109.09	218.70	-0.00	0.00	309.38	0.00	708.36	7307.26
1463750044.0 44 170804.87	1000.85	26.87	-24.84	1112.57	212.48	-0.00	0.00	309.04	0.00	708.36	7307.26
1463750045.0 44 170804.87	1002.10	26.87	-24.84	1119.52	214.96	-0.00	0.00	309.55	0.00	708.36	7307.26
1463750046.0 44 170804.87	1002.50	27.06	-24.84	1131.68	221.22	-2.33	0.00	309.15	0.00	708.36	7307.26
1463750047.0 44 170804.87	1002.10	26.87	-24.84	1114.31	213.72	-2.33	0.00	309.10	0.00	708.36	7307.26
1463750048.0 44 170804.87	1002.10	26.87	-24.68	1136.89	221.22	0.68	0.00	309.32	0.00	708.36	7307.26
1463750049.0 44 170804.87	1002.10	26.87	-25.00	1117.78	213.72	0.68	0.00	309.15	0.00	708.36	7307.26
1463750050.0 44 170804.87	1001.25	27.06	-24.84	1135.15	221.22	-0.00	0.00	309.38	0.00	708.36	7307.26
1463750051.0 44 170804.87	1002.50	27.06	-24.84	1119.52	214.96	-0.00	0.00	309.15	0.00	708.36	7307.26
1463750052.0 44 170804.87	1002.90	27.24	-24.84	1116.05	213.72	-0.00	0.00	309.49	0.00	708.36	7307.26
1463750053.0 44 170804.87	1000.85	26.87	-24.84	1117.78	214.96	0.68	0.00	309.21	0.00	708.36	7307.26
1463750054.0 44 170804.87	1002.50	27.06	-24.84	1117.78	213.72	-0.00	0.00	309.15	0.00	708.36	7307.26
1463750055.0 44 170804.87	1002.50	27.06	-24.84	1110.83	212.48	-0.00	0.00	309.04	0.00	708.36	7307.26
1463750056.0 44 170804.87	1001.25	27.06	-24.84	1152.52	223.76	6.12	0.00	309.21	0.00	708.36	7307.26
1463750057.0 44 170804.87	1001.64	27.24	-24.68	1112.57	212.48	-0.00	0.00	308.98	0.00	708.36	7307.26
1463750058.0 44 170804.87	1001.25	27.06	-24.68	1128.21	216.20	-2.33	0.00	309.27	473.68	708.36	7307.26
1463750059.0 44 170804.87	1002.50	27.06	-24.84	1121.26	213.72	-2.33	0.00	309.10	0.00	708.36	7307.26
1463750060.0 44 170804.87	1002.10	26.87	-24.84	1112.57	212.48	-0.00	0.00	309.15	0.00	708.36	7307.26
1463750061.0 44 170804.87	1002.50	27.06	-24.84	1131.68	217.45	-0.00	0.00	309.27	0.00	708.36	7307.26
1463750062.0 44 170804.87	1002.50	27.06	-25.00	1119.52	216.20	-0.00	0.00	309.32	0.00	708.36	7307.26
1463750063.0 44 170804.87	1002.50	27.06	-24.68	1149.05	222.49	-2.33	0.00	309.15	0.00	708.36	7307.26
1463750064.0 44 170804.87	1002.50	27.06	-24.84	1114.31	211.25	-2.33	0.00	309.04	0.00	708.36	7307.26
1463750065.0 44 170804.87	1002.90	27.24	-24.84	1145.57	219.96	-0.00	0.00	309.27	473.68	708.36	7307.26
1463750066.0 44 170804.87	1002.90	27.24	-24.68	1133.42	216.20	-0.00	0.00	309.04	0.00	708.36	7307.26
1463750067.0 44 170804.87	1002.50	27.06	-24.84	1124.73	213.72	-2.33	0.00	309.49	0.00	708.36	7307.26
1463750068.0 44 170804.87	1002.04	27.43	-24.84	1110.83	208.80	-2.33	0.00	308.82	0.00	708.36	7307.26
1463750069.0 44 170804.87	1001.25	27.06	-24.84	1122.99	212.48	-0.00	0.00	309.04	0.00	708.36	7307.26
1463750070.0 44 170804.87	1002.04	27.43	-24.84	1122.99	212.48	-0.00	0.00	309.32	0.00	708.36	7307.26
1463750071.0 44 170804.87	1002.50	27.06	-24.84	1154.25	218.70	-2.33	0.00	309.21	0.00	708.36	7307.26
1463750072.0 44 170804.87	1003.30	27.43	-25.00	1128.21	213.72	-0.00	0.00	309.43	0.00	708.36	7307.26
1463750073.0 44 170804.87	1003.30	27.43	-24.68	1150.78	218.70	0.68	0.00	309.21	0.00	708.36	7307.26
1463750074.0 44 170804.87	1001.25	27.06	-24.68	1131.68	212.48	-0.00	0.00	309.15	0.00	708.36	7307.26
1463750075.0 44 170804.87	1002.90	27.24	-24.84	1159.46	219.96	-0.00	0.00	309.38	0.00	708.36	7307.26
1463750076.0 44 170804.87	1002.50	27.06	-24.68	1131.68	214.96	-0.00	0.00	309.15	0.00	708.36	7307.26
1463750077.0 44 170804.87	1001.25	27.06	-25.00	1129.94	213.72	-0.00	0.00	309.43	0.00	708.36	7307.26
1463750078.0 44 170804.87	1002.50	27.06	-24.84	1147.31	219.96	-2.33	0.00	309.32	0.00	708.36	7307.26
1463750079.0 44 170804.87	1002.04	27.43	-24.84	1128.21	213.72	-2.33	0.00	309.43	0.00	708.36	7307.26
1463750080.0 44 170804.87	1002.50	27.06	-24.84	1128.21	213.72	-2.33	0.00	309.15	0.00	708.36	7307.26
1463750081.0 44 170804.87	1002.90	27.24	-24.84	1105.62	207.58	-2.33	0.00	308.82	0.00	708.36	7307.26
1463750082.0 44 170804.87	1001.64	27.24	-24.84	1122.99	212.48	4.66	0.00	308.98	473.68	708.36	7307.26
1463750083.0 44 170804.87	1000.38	27.24	-25.00	1135.15	218.70	-2.33	0.00	309.43	0.00	708.36	7307.26
1463750084.0 44 170804.87	1000.38	27.24	-24.84	1149.05	219.96	2.44	0.00	309.21	0.00	708.36	7307.26
1463750085.0 44 170804.87	999.99	27.06	-24.84	1116.05	211.25	-0.00	0.00	309.10	0.00	708.36	7307.26
1463750086.0 44 170804.87	1001.25	27.06	-24.84	1145.57	217.45	-2.33	0.00	309.10	0.00	708.36	7307.26
1463750087.0 44 170804.87	1002.50	27.06	-24.68	1122.99	212.48	-0.00	0.00	309.04	0.00	708.36	7307.26
1463750088.0 44 170804.87	1002.90	27.24	-25.00	1147.31	221.22	-2.33	0.00	309.27	0.00	708.36	7307.26
1463750094.0 44 170804.87	1002.50	27.06	-24.84	1110.83	212.48	-2.33	0.00	309.04	0.00	708.36	7307.26
1463756127.0 46 170804.87	1001.60	30.79	-25.00	842.57	211.25	-0.00	6921.12	308.87	0.00	708.36	7307.26
