# Name = UIS1
# Version = 1.0
# Location = Universidad Industrial de Santander
# Sensors = Presion, Temperatura, Humedad, Irradiancia, Iluminancia, Ruido, LLuvia, CO2, NO2, Latitud, Longitud, Nubosidad
# Power = Red
# GPS = si
# Time Zone = UTC-5
# Data = UTCtime GPStime Presion Temperatura Humedad Irradiancia Iluminancia  Ruido Lluvia CO2 NO2 Latitud Longitud Nubosidad 
1468645201.0 100 170042.23	1002.19	20.51	90.51	0.00	226.32	-0.00	-666.00	309.60	0.00	708.35	7307.28
1468645201.0 100 170042.23	1002.19	20.51	86.23	0.00	231.48	5.45	-666.00	309.72	0.00	708.35	7307.28
1468645202.0 100 170042.23	1002.19	20.51	87.18	0.00	226.32	3.69	-666.00	309.83	0.00	708.35	7307.28
1468645203.0 100 170042.23	1002.19	20.51	91.46	0.00	221.22	-2.33	-666.00	309.49	0.00	708.35	7307.28
1468645204.0 100 170042.23	1002.19	20.51	86.08	0.00	230.18	-2.33	-666.00	309.89	0.00	708.35	7307.28
1468645204.0 100 170042.23	1002.19	20.51	87.50	0.00	223.76	-0.00	-666.00	309.94	0.00	708.35	7307.28
1468645205.0 100 170042.23	1002.19	20.51	90.82	0.00	223.76	-2.33	-666.00	309.55	0.00	708.35	7307.28
1468645206.0 100 170042.23	1002.19	20.51	90.35	0.00	226.32	-2.33	-666.00	309.60	473.68	708.35	7307.28
1468645207.0 100 170042.23	1002.59	20.70	90.66	0.00	222.49	-0.00	-666.00	309.55	473.68	708.35	7307.28
1468645207.0 100 170042.23	1002.19	20.51	88.45	0.00	227.60	-2.33	-666.00	309.77	0.00	708.35	7307.28
