1477410589.0 46 120157.00	998.39	26.31	59.81	0.00	214.96	-0.00	0.00	309.49	0.00	0.00	0.00
1477410590.0 41 120157.00	999.19	26.68	60.60	0.00	214.96	-0.00	0.00	309.21	0.00	0.00	0.00
1477410591.0 41 120157.00	1000.05	26.50	60.76	0.00	219.96	-0.00	0.00	309.38	0.00	0.00	0.00
1477410592.0 41 120157.00	999.65	26.31	59.65	0.00	218.70	-0.00	0.00	309.43	0.00	0.00	0.00
1477410593.0 41 120157.00	1001.71	26.68	60.28	0.00	218.70	-2.33	0.00	309.38	0.00	0.00	0.00
1477410594.0 41 120157.00	1000.05	26.50	60.13	0.00	223.76	-0.00	0.00	309.60	0.00	0.00	0.00
1477410595.0 41 120157.00	1001.31	26.50	59.97	0.00	216.20	-0.00	0.00	309.27	0.00	0.00	0.00
1477410596.0 41 120157.00	1000.05	26.50	60.60	0.00	222.49	-2.33	0.00	309.43	0.00	0.00	0.00
1477410597.0 41 120157.00	1001.31	26.50	60.28	0.00	217.45	-2.33	0.00	309.27	0.00	0.00	0.00
1477410598.0 41 120157.00	1000.05	26.50	60.44	0.00	223.76	4.66	0.00	309.38	0.00	0.00	0.00
1477410599.0 41 120157.00	1000.05	26.50	60.13	0.00	217.45	-2.33	0.00	309.60	0.00	0.00	0.00
1477410600.0 41 120157.00	1000.05	26.50	63.61	0.00	225.04	4.66	0.00	309.21	473.68	0.00	0.00
1477410601.0 41 120157.00	1000.05	26.50	60.28	0.00	217.45	-0.00	0.00	309.66	473.68	0.00	0.00
1477410602.0 41 120157.00	1000.45	26.68	59.81	0.00	221.22	0.68	0.00	309.32	0.00	0.00	0.00
1477410603.0 43 0.05.50	1	0.9	-00.00.49		0.000
1477410605.0 43 5	2660.600	20	-00.00	30	0.000	0
1477410616.0 41 1.7168	5	0.09.96.33	.15		0.000
1477410618.0 41 .79	0	600	21	-0..00	21	00.000
1477410626.0 41 120157.00	999.65	26.31	59.81	0.00	217.45	-2.33	0.00	309.55	0.00	0.00	0.00
1477410627.0 41 120157.00	1000.05	26.50	60.44	0.00	219.96	-2.33	0.00	309.27	0.00	0.00	0.00
1477410628.0 41 120157.00	998.79	26.50	61.71	0.00	217.45	-0.00	0.00	309.60	0.00	0.00	0.00
1477410629.0 43 120157.00	1000.91	26.31	60.44	0.00	216.20	-2.33	0.00	309.27	0.00	0.00	0.00
1477410630.0 43 120157.00	998.79	26.50	60.28	0.00	218.70	-2.33	0.00	309.21	0.00	0.00	0.00
1477410631.0 43 120157.00	1000.05	26.50	60.60	0.00	218.70	-0.00	0.00	309.38	0.00	0.00	0.00
1477410632.0 43 120157.00	1000.45	26.68	60.60	0.00	217.45	-0.00	0.00	309.32	0.00	0.00	0.00
1477410633.0 43 120157.00	1000.05	26.50	60.13	0.00	222.49	-0.00	0.00	309.49	0.00	0.00	0.00
1477410634.0 43 120157.00	1000.05	26.50	60.92	0.00	218.70	-2.33	0.00	309.32	0.00	0.00	0.00
1477410635.0 43 120157.00	1000.45	26.68	60.28	0.00	225.04	-0.00	0.00	309.49	0.00	0.00	0.00
1477410636.0 43 120157.00	1000.05	26.50	60.13	0.00	217.45	-2.33	0.00	309.27	0.00	0.00	0.00
1477410637.0 43 120157.00	998.79	26.50	60.28	0.00	225.04	0.68	0.00	309.38	473.68	0.00	0.00
1477410638.0 43 120157.00	998.79	26.50	60.60	0.00	217.45	-2.33	0.00	309.27	0.00	0.00	0.00
1477410639.0 43 120157.00	998.79	26.50	60.44	0.00	222.49	-2.33	0.00	309.43	0.00	0.00	0.00
1477410640.0 43 120157.00	1000.91	26.31	60.60	1.76	217.45	-2.33	0.00	309.49	0.00	0.00	0.00
1477410641.0 43 120157.00	1000.05	26.50	60.44	0.00	225.04	-2.33	0.00	309.27	0.00	0.00	0.00
1477410642.0 45 120157.00	1000.05	26.50	60.28	0.00	217.45	-0.00	0.00	309.27	0.00	0.00	0.00
1477410643.0 45 120157.00	999.65	26.31	60.13	0.00	216.20	-0.00	0.00	309.55	0.00	0.00	0.00
1477410644.0 45 120157.00	1000.05	26.50	60.44	0.00	218.70	-0.00	0.00	309.43	0.00	0.00	0.00
1477410645.0 45 120157.00	1001.31	26.50	60.13	0.00	218.70	-0.00	0.00	309.60	0.00	0.00	0.00
1477410646.0 45 120157.00	999.65	26.31	60.60	0.00	221.22	-0.00	0.00	309.21	0.00	0.00	0.00
1477410647.0 45 120157.00	1000.05	26.50	60.28	0.00	219.96	4.66	0.00	309.66	0.00	0.00	0.00
1477410648.0 45 120157.00	999.65	26.31	61.08	0.00	218.70	-0.00	0.00	309.15	0.00	0.00	0.00
1477410649.0 45 120157.00	999.65	26.31	60.76	0.00	226.32	-2.33	0.00	309.60	473.68	0.00	0.00
1477410650.0 45 120157.00	999.65	26.31	60.76	0.00	216.20	-2.33	0.00	309.15	0.00	0.00	0.00
1477410651.0 45 120157.00	998.79	26.50	60.60	0.00	225.04	-2.33	0.00	309.43	0.00	0.00	0.00
1477410651.0 45 120157.00	1002.56	26.50	60.60	0.00	221.22	-0.00	0.00	309.32	0.00	0.00	0.00
1477410652.0 45 120157.00	999.25	26.12	60.92	0.00	226.32	-2.33	0.00	309.38	0.00	0.00	0.00
1477410653.0 45 120157.00	999.65	26.31	56.80	0.00	216.20	-0.00	0.00	309.32	0.00	0.00	0.00
1477410654.0 47 120157.00	999.65	26.31	59.02	0.00	216.20	-0.00	0.00	309.55	344.01	0.00	0.00
1477410655.0 47 120157.00	1000.91	26.31	60.92	1.76	218.70	-0.00	0.00	309.21	0.00	0.00	0.00
1477410656.0 47 120157.00	1001.71	26.68	60.44	0.00	217.45	-2.33	0.00	309.32	0.00	0.00	0.00
1477410657.0 47 120157.00	1000.05	26.50	60.44	0.00	219.96	-0.00	0.00	309.27	0.00	0.00	0.00
1477410658.0 47 120157.00	998.79	26.50	60.44	0.00	219.96	-2.33	0.00	309.49	0.00	0.00	0.00
1477410659.0 47 120157.00	1000.45	26.68	60.60	0.00	217.45	-0.00	0.00	309.27	0.00	0.00	0.00
1477410660.0 47 120157.00	1000.05	26.50	60.92	0.00	217.45	-2.33	0.00	309.32	0.00	0.00	0.00
1477410661.0 47 120157.00	998.79	26.50	60.92	0.00	217.45	0.68	0.00	309.32	0.00	0.00	0.00
1477410662.0 47 120157.00	1001.31	26.50	60.76	0.00	218.70	-2.33	0.00	309.38	0.00	0.00	0.00
1477410663.0 47 120157.00	999.65	26.31	60.76	0.00	221.22	-0.00	0.00	309.43	0.00	0.00	0.00
1477410664.0 47 120157.00	999.65	26.31	60.76	0.00	219.96	0.68	0.00	309.32	0.00	0.00	0.00
1477410665.0 47 120157.00	1000.45	26.68	60.44	0.00	217.45	-0.00	0.00	309.32	0.00	0.00	0.00
1477410666.0 47 120157.00	999.65	26.31	60.76	0.00	218.70	-0.00	0.00	309.32	0.00	0.00	0.00
1477410667.0 45 120157.00	1000.05	26.50	60.60	0.00	217.45	-0.00	0.00	309.21	0.00	0.00	0.00
1477410668.0 45 120157.00	999.65	26.31	60.92	0.00	221.22	-0.00	0.00	309.43	0.00	0.00	0.00
1477410669.0 45 120157.00	1000.05	26.50	60.92	0.00	216.20	-0.00	0.00	309.32	0.00	0.00	0.00
1477410670.0 45 120157.00	1000.45	26.68	67.09	0.00	225.04	2.44	0.00	309.55	0.00	0.00	0.00
1477410671.0 45 120157.00	998.39	26.31	60.92	0.00	216.20	6.12	0.00	309.32	0.00	0.00	0.00
1477410672.0 45 120157.00	1000.05	26.50	60.60	0.00	223.76	0.68	0.00	309.38	473.68	0.00	0.00
1477410673.0 45 120157.00	999.65	26.31	60.92	0.00	219.96	0.68	0.00	309.27	0.00	0.00	0.00
1477410674.0 45 120157.00	999.65	26.31	60.44	0.00	222.49	-2.33	0.00	309.43	0.00	0.00	0.00
1477410675.0 45 120157.00	1000.05	26.50	60.60	0.00	217.45	-2.33	0.00	309.32	0.00	0.00	0.00
1477410676.0 45 120157.00	1001.31	26.50	60.28	0.00	222.49	-2.33	0.00	309.38	0.00	0.00	0.00
1477410677.0 45 120157.00	999.19	26.68	60.60	0.00	217.45	-0.00	0.00	309.55	0.00	0.00	0.00
1477410678.0 45 120157.00	999.65	26.31	61.39	0.00	226.32	0.68	0.00	309.21	0.00	0.00	0.00
1477410679.0 45 120157.00	1001.31	26.50	60.60	0.00	216.20	-0.00	0.00	309.60	0.00	0.00	0.00
1477410680.0 50 120157.00	998.79	26.50	60.92	0.00	223.76	-0.00	0.00	309.43	0.00	0.00	0.00
1477410681.0 50 120157.00	998.39	26.31	60.92	0.00	216.20	-2.33	0.00	309.21	0.00	0.00	0.00
1477410682.0 50 120157.00	998.39	26.31	60.76	0.00	217.45	0.68	0.00	309.38	0.00	0.00	0.00
1477410683.0 50 120157.00	1000.05	26.50	61.23	0.00	218.70	-2.33	0.00	309.15	0.00	0.00	0.00
1477410684.0 50 120157.00	999.65	26.31	60.60	0.00	226.32	9.13	0.00	309.38	0.00	0.00	0.00
1477410685.0 50 120157.00	999.65	26.31	60.92	0.00	218.70	3.69	0.00	309.27	0.00	0.00	0.00
1477410686.0 50 120157.00	1001.31	26.50	61.23	0.00	223.76	0.68	0.00	309.27	473.68	0.00	0.00
1477410687.0 50 120157.00	1000.91	26.31	61.23	0.00	221.22	-0.00	0.00	309.60	0.00	0.00	0.00
1477410688.0 50 120157.00	1001.31	26.50	60.76	0.00	225.04	-2.33	0.00	309.43	0.00	0.00	0.00
1477410689.0 50 120157.00	999.65	26.31	60.44	0.00	216.20	-0.00	0.00	309.27	0.00	0.00	0.00
1477410690.0 50 120157.00	1000.05	26.50	60.76	0.00	221.22	-0.00	0.00	309.27	0.00	0.00	0.00
1477410691.0 50 120157.00	999.19	26.68	60.60	0.00	217.45	-2.33	0.00	309.32	0.00	0.00	0.00
1477410692.0 50 120157.00	1000.05	26.50	61.08	0.00	217.45	-2.33	0.00	309.27	0.00	0.00	0.00
1477410693.0 44 120157.00	999.65	26.31	60.60	0.00	216.20	-2.33	0.00	309.21	0.00	0.00	0.00
1477410694.0 44 120157.00	1000.05	26.50	60.92	0.00	223.76	-2.33	0.00	309.38	0.00	0.00	0.00
1477410695.0 44 120157.00	1000.05	26.50	60.76	0.00	217.45	-2.33	0.00	309.38	0.00	0.00	0.00
1477410696.0 44 120157.00	999.65	26.31	61.23	0.00	222.49	0.68	0.00	309.32	0.00	0.00	0.00
1477410697.0 44 120157.00	999.65	26.31	60.76	0.00	217.45	-2.33	0.00	309.49	0.00	0.00	0.00
1477410698.0 44 120157.00	999.65	26.31	60.60	0.00	218.70	-0.00	0.00	309.38	0.00	0.00	0.00
1477410699.0 44 120157.00	998.39	26.31	60.28	0.00	217.45	-2.33	0.00	309.49	473.68	0.00	0.00
1477410700.0 44 120157.00	998.79	26.50	60.60	1.76	218.70	-0.00	0.00	309.27	0.00	0.00	0.00
1477410701.0 44 120157.00	1000.05	26.50	61.23	0.00	216.20	-0.00	0.00	309.49	0.00	0.00	0.00
1477410702.0 44 120157.00	1000.05	26.50	61.23	0.00	217.45	-2.33	0.00	309.32	0.00	0.00	0.00
1477410703.0 44 120157.00	999.19	26.68	60.92	0.00	223.76	-0.00	0.00	309.55	0.00	0.00	0.00
1477410704.0 44 120157.00	998.79	26.50	60.60	0.00	218.70	-0.00	0.00	309.21	0.00	0.00	0.00
1477410705.0 44 120157.00	1000.05	26.50	61.39	0.00	225.04	-2.33	0.00	309.60	0.00	0.00	0.00
1477410706.0 43 120157.00	998.79	26.50	61.08	0.00	214.96	-2.33	0.00	309.21	0.00	0.00	0.00
1477410707.0 43 120157.00	1000.05	26.50	60.28	0.00	214.96	-0.00	0.00	309.21	0.00	0.00	0.00
1477410708.0 43 120157.00	999.65	26.31	60.92	0.00	217.45	-0.00	0.00	309.21	0.00	0.00	0.00
1477410709.0 43 120157.00	1001.31	26.50	60.44	0.00	217.45	-0.00	0.00	309.27	0.00	0.00	0.00
1477410710.0 43 120157.00	1000.05	26.50	60.76	0.00	222.49	0.68	0.00	309.38	0.00	0.00	0.00
1477410710.0 43 120157.00	999.65	26.31	60.28	0.00	217.45	-0.00	0.00	309.60	0.00	0.00	0.00
1477410711.0 43 120157.00	1000.05	26.50	60.76	1.76	221.22	-0.00	0.00	309.27	0.00	0.00	0.00
1477410712.0 43 120157.00	999.65	26.31	60.60	0.00	217.45	-0.00	0.00	309.60	0.00	0.00	0.00
1477410713.0 43 120157.00	1000.05	26.50	60.76	0.00	221.22	-2.33	0.00	309.21	0.00	0.00	0.00
1477410714.0 43 120157.00	999.65	26.31	57.59	0.00	217.45	2.44	0.00	309.60	0.00	0.00	0.00
1477410715.0 43 120157.00	1000.51	26.12	60.92	1.76	219.96	2.44	0.00	309.21	0.00	0.00	0.00
1477410716.0 43 120157.00	1000.05	26.50	60.92	1.76	225.04	-2.33	0.00	309.55	0.00	0.00	0.00
1477410717.0 43 120157.00	1000.05	26.50	60.44	0.00	219.96	-0.00	0.00	309.38	473.68	0.00	0.00
1477410718.0 47 120157.00	999.65	26.31	60.44	0.00	222.49	-2.33	0.00	309.49	0.00	0.00	0.00
1477410719.0 47 120157.00	999.65	26.31	60.60	0.00	219.96	-0.00	0.00	309.32	473.68	0.00	0.00
1477410720.0 47 120157.00	1000.05	26.50	60.44	1.76	216.20	3.69	0.00	309.15	0.00	0.00	0.00
1477410721.0 47 120157.00	999.65	26.31	60.92	0.00	225.04	4.66	0.00	309.43	0.00	0.00	0.00
1477410722.0 47 120157.00	1000.05	26.50	61.08	0.00	216.20	-2.33	0.00	309.21	0.00	0.00	0.00
1477410723.0 47 120157.00	1001.31	26.50	60.92	0.00	225.04	-2.33	0.00	309.32	473.68	0.00	0.00
1477410724.0 47 120157.00	1000.05	26.50	60.60	0.00	216.20	-0.00	0.00	309.27	0.00	0.00	0.00
1477410725.0 47 120157.00	1000.45	26.68	60.76	0.00	222.49	-2.33	0.00	309.32	0.00	0.00	0.00
1477410726.0 47 120157.00	1000.05	26.50	60.60	0.00	218.70	-0.00	0.00	309.43	0.00	0.00	0.00
1477410727.0 47 120157.00	999.65	26.31	60.76	0.00	221.22	-2.33	0.00	309.32	0.00	0.00	0.00
1477410728.0 47 120157.00	1001.31	26.50	60.76	0.00	216.20	-0.00	0.00	309.32	0.00	0.00	0.00
1477410729.0 47 120157.00	999.65	26.31	60.44	0.00	218.70	-0.00	0.00	309.27	0.00	0.00	0.00
1477410730.0 47 120157.00	1000.91	26.31	60.60	0.00	217.45	-0.00	0.00	309.32	0.00	0.00	0.00
1477410731.0 47 120157.00	998.39	26.31	60.92	0.00	217.45	-0.00	0.00	309.21	0.00	0.00	0.00
1477410732.0 45 120157.00	998.79	26.50	60.76	0.00	213.72	-0.00	0.00	309.21	0.00	0.00	0.00
1477410733.0 45 120157.00	1000.05	26.50	60.92	0.00	223.76	-2.33	0.00	309.38	0.00	0.00	0.00
1477410734.0 45 120157.00	999.65	26.31	61.23	0.00	221.22	-0.00	0.00	309.49	0.00	0.00	0.00
1477410735.0 45 120157.00	1000.05	26.50	60.92	0.00	218.70	0.68	0.00	309.27	0.00	0.00	0.00
1477410736.0 45 120157.00	1000.05	26.50	60.92	0.00	216.20	2.44	0.00	309.38	0.00	0.00	0.00
1477410737.0 45 120157.00	1000.05	26.50	60.76	0.00	219.96	-0.00	0.00	309.27	0.00	0.00	0.00
1477410738.0 45 120157.00	999.65	26.31	60.60	0.00	217.45	-0.00	0.00	309.60	0.00	0.00	0.00
1477410739.0 45 120157.00	999.65	26.31	61.08	0.00	219.96	3.69	0.00	309.27	0.00	0.00	0.00
1477410740.0 45 120157.00	1000.05	26.50	60.44	0.00	217.45	-2.33	0.00	309.55	473.68	0.00	0.00
1477410741.0 45 120157.00	1001.71	26.68	60.60	0.00	218.70	-2.33	0.00	309.27	0.00	0.00	0.00
1477410742.0 45 120157.00	1000.91	26.31	60.76	0.00	218.70	0.68	0.00	309.55	0.00	0.00	0.00
1477410743.0 45 120157.00	1000.05	26.50	60.60	0.00	217.45	-0.00	0.00	309.27	0.00	0.00	0.00
1477410744.0 45 120157.00	998.79	26.50	61.08	0.00	223.76	-2.33	0.00	309.49	0.00	0.00	0.00
1477410745.0 44 120157.00	1000.05	26.50	62.34	0.00	217.45	-0.00	0.00	309.27	0.00	0.00	0.00
1477410746.0 44 120157.00	999.65	26.31	60.28	0.00	214.96	-0.00	0.00	309.43	473.68	0.00	0.00
1477410747.0 44 120157.00	1001.31	26.50	60.60	0.00	212.48	-0.00	0.00	308.98	0.00	0.00	0.00
1477410748.0 44 120157.00	1000.05	26.50	60.60	0.00	216.20	-0.00	0.00	309.49	0.00	0.00	0.00
1477410749.0 44 120157.00	1000.51	26.12	61.08	0.00	225.04	-0.00	0.00	309.21	473.68	0.00	0.00
1477410750.0 44 120157.00	1000.91	26.31	59.97	0.00	218.70	-0.00	0.00	309.66	0.00	0.00	0.00
1477410751.0 44 120157.00	1000.91	26.31	60.60	0.00	219.96	-2.33	0.00	309.32	0.00	0.00	0.00
1477410752.0 44 120157.00	999.65	26.31	60.13	0.00	217.45	-0.00	0.00	309.60	0.00	0.00	0.00
1477410753.0 44 120157.00	1000.05	26.50	60.76	0.00	219.96	-0.00	0.00	309.15	0.00	0.00	0.00
1477410754.0 44 120157.00	1000.91	26.31	60.44	0.00	223.76	-0.00	0.00	309.60	0.00	0.00	0.00
1477410755.0 44 120157.00	1001.31	26.50	60.44	0.00	221.22	-2.33	0.00	309.32	0.00	0.00	0.00
1477410756.0 44 120157.00	1000.91	26.31	54.91	0.00	230.18	-0.00	0.00	309.66	0.00	0.00	0.00
1477410757.0 44 120157.00	1000.91	26.31	60.76	0.00	216.20	-2.33	0.00	309.15	0.00	0.00	0.00
1477410758.0 47 120157.00	999.65	26.31	60.13	0.00	216.20	-0.00	0.00	309.21	0.00	0.00	0.00
1477410759.0 47 120157.00	1000.05	26.50	60.28	0.00	222.49	2.44	0.00	309.21	473.68	0.00	0.00
1477410760.0 47 120157.00	1001.31	26.50	60.76	0.00	217.45	0.68	0.00	309.38	0.00	0.00	0.00
1477410761.0 47 120157.00	1000.05	26.50	60.60	0.00	221.22	-2.33	0.00	309.27	0.00	0.00	0.00
1477410762.0 47 120157.00	1000.91	26.31	60.28	0.00	216.20	-0.00	0.00	309.27	473.68	0.00	0.00
1477410763.0 47 120157.00	999.65	26.31	60.60	0.00	221.22	-0.00	0.00	309.27	0.00	0.00	0.00
1477410764.0 47 120157.00	1001.31	26.50	60.44	0.00	214.96	-0.00	0.00	309.27	0.00	0.00	0.00
1477410765.0 47 120157.00	1000.91	26.31	60.28	0.00	219.96	-0.00	0.00	309.43	0.00	0.00	0.00
1477410766.0 47 120157.00	1000.05	26.50	60.92	0.00	217.45	-2.33	0.00	309.38	0.00	0.00	0.00
1477410767.0 47 120157.00	1000.05	26.50	60.28	0.00	219.96	-2.33	0.00	309.38	0.00	0.00	0.00
1477410768.0 47 120157.00	1000.05	26.50	60.76	0.00	222.49	-2.33	0.00	309.55	0.00	0.00	0.00
1477410769.0 47 120157.00	1000.05	26.50	60.44	0.00	219.96	-2.33	0.00	309.38	0.00	0.00	0.00
1477410769.0 47 120157.00	998.79	26.50	60.76	0.00	219.96	0.68	0.00	309.38	0.00	0.00	0.00
1477410770.0 43 120157.00	999.65	26.31	60.28	0.00	225.04	-2.33	0.00	309.38	0.00	0.00	0.00
1477410771.0 43 120157.00	999.65	26.31	60.44	0.00	218.70	-2.33	0.00	309.49	473.68	0.00	0.00
1477410772.0 43 120157.00	1000.05	26.50	60.60	0.00	221.22	-0.00	0.00	309.43	0.00	0.00	0.00
1477410773.0 43 120157.00	1000.05	26.50	60.92	0.00	219.96	-0.00	0.00	309.43	0.00	0.00	0.00
1477410774.0 43 120157.00	999.65	26.31	62.50	0.00	219.96	-2.33	0.00	309.43	0.00	0.00	0.00
1477410775.0 43 120157.00	1000.05	26.50	60.92	0.00	219.96	-2.33	0.00	309.60	0.00	0.00	0.00
1477410776.0 43 120157.00	1000.05	26.50	60.76	0.00	222.49	-0.00	0.00	309.43	0.00	0.00	0.00
1477410777.0 43 120157.00	1001.31	26.50	60.13	0.00	216.20	-0.00	0.00	309.60	0.00	0.00	0.00
1477410778.0 43 120157.00	998.39	26.31	60.76	0.00	221.22	-0.00	0.00	309.49	0.00	0.00	0.00
1477410779.0 43 120157.00	1000.91	26.31	60.44	0.00	219.96	-0.00	0.00	309.66	0.00	0.00	0.00
1477410780.0 43 120157.00	1000.05	26.50	60.44	0.00	221.22	-2.33	0.00	309.38	0.00	0.00	0.00
1477410781.0 43 120157.00	1000.05	26.50	60.28	0.00	227.60	0.68	0.00	309.72	0.00	0.00	0.00
1477410782.0 43 120157.00	999.65	26.31	60.76	0.00	219.96	0.68	0.00	309.38	0.00	0.00	0.00
1477410783.0 43 120157.00	998.79	26.50	60.92	0.00	227.60	-2.33	0.00	309.72	0.00	0.00	0.00
1477410784.0 43 120157.00	1001.31	26.50	60.60	0.00	217.45	-0.00	0.00	309.32	0.00	0.00	0.00
1477410785.0 43 120157.00	999.65	26.31	60.76	0.00	222.49	0.68	0.00	309.38	0.00	0.00	0.00
1477410786.0 43 120157.00	1000.05	26.50	60.76	0.00	217.45	3.69	0.00	309.38	0.00	0.00	0.00
1477410787.0 43 120157.00	1000.05	26.50	60.44	0.00	218.70	-2.33	0.00	309.27	0.00	0.00	0.00
1477410788.0 43 120157.00	998.39	26.31	60.76	0.00	217.45	-2.33	0.00	309.55	0.00	0.00	0.00
1477410789.0 43 120157.00	999.65	26.31	56.80	0.00	221.22	0.68	0.00	309.32	473.68	0.00	0.00
1477410790.0 43 120157.00	1000.45	26.68	60.92	0.00	222.49	-2.33	0.00	309.49	0.00	0.00	0.00
1477410791.0 43 120157.00	999.65	26.31	60.44	0.00	221.22	-0.00	0.00	309.38	0.00	0.00	0.00
1477410792.0 43 120157.00	1000.05	26.50	60.60	0.00	227.60	-2.33	0.00	309.72	0.00	0.00	0.00
1477410793.0 43 120157.00	1000.05	26.50	60.44	0.00	219.96	-0.00	0.00	309.38	0.00	0.00	0.00
1477410794.0 43 120157.00	998.79	26.50	60.76	0.00	228.89	-0.00	0.00	309.55	473.68	0.00	0.00
1477410795.0 43 120157.00	999.65	26.31	53.80	0.00	221.22	-0.00	0.00	309.43	0.00	0.00	0.00
1477410796.0 43 120157.00	1000.05	26.50	60.60	0.00	226.32	-2.33	0.00	309.55	0.00	0.00	0.00
1477410797.0 43 120157.00	1001.31	26.50	60.60	0.00	219.96	0.68	0.00	309.66	0.00	0.00	0.00
1477410798.0 43 120157.00	998.79	26.50	60.13	0.00	223.76	-0.00	0.00	309.55	0.00	0.00	0.00
1477410799.0 43 120157.00	1000.91	26.31	60.60	0.00	218.70	-0.00	0.00	309.38	0.00	0.00	0.00
1477410800.0 43 120157.00	999.65	26.31	60.60	0.00	219.96	-0.00	0.00	309.27	473.68	0.00	0.00
1477410801.0 43 120157.00	1000.05	26.50	60.60	0.00	219.96	-0.00	0.00	309.38	0.00	0.00	0.00
1477410802.0 43 120157.00	1000.45	26.68	60.76	0.00	226.32	-2.33	0.00	309.43	0.00	0.00	0.00
1477410803.0 43 120157.00	1000.05	26.50	60.76	0.00	221.22	-0.00	0.00	309.32	0.00	0.00	0.00
1477410804.0 43 120157.00	1000.05	26.50	60.60	0.00	227.60	3.69	0.00	309.60	0.00	0.00	0.00
1477410805.0 43 120157.00	1000.05	26.50	60.28	0.00	217.45	-0.00	0.00	309.27	0.00	0.00	0.00
1477410806.0 43 120157.00	998.39	26.31	60.44	0.00	226.32	-0.00	0.00	309.27	473.68	0.00	0.00
1477410807.0 43 120157.00	998.79	26.50	60.28	0.00	216.20	-2.33	0.00	309.27	0.00	0.00	0.00
1477410808.0 43 120157.00	998.79	26.50	60.44	0.00	221.22	-0.00	0.00	309.27	0.00	0.00	0.00
1477410809.0 43 120157.00	1000.05	26.50	60.76	0.00	214.96	-0.00	0.00	309.27	0.00	0.00	0.00
1477410810.0 43 120157.00	1000.05	26.50	60.28	0.00	221.22	-0.00	0.00	309.27	0.00	0.00	0.00
1477410811.0 41 120157.00	1000.45	26.68	60.76	0.00	217.45	-0.00	0.00	309.10	0.00	0.00	0.00
1477410812.0 41 120157.00	1001.31	26.50	60.28	0.00	223.76	0.68	0.00	309.72	0.00	0.00	0.00
1477410813.0 41 120157.00	999.65	26.31	60.44	0.00	223.76	-0.00	0.00	309.55	0.00	0.00	0.00
1477410814.0 41 120157.00	1000.05	26.50	60.44	0.00	217.45	-0.00	0.00	309.43	0.00	0.00	0.00
1477410815.0 41 120157.00	1000.05	26.50	60.28	0.00	217.45	-0.00	0.00	309.27	0.00	0.00	0.00
1477410816.0 41 120157.00	1000.45	26.68	56.96	0.00	217.45	-0.00	0.00	309.32	0.00	0.00	0.00
1477410817.0 41 120157.00	1000.45	26.68	60.60	0.00	217.45	-0.00	0.00	309.21	0.00	0.00	0.00
1477410818.0 41 120157.00	999.19	26.68	60.76	0.00	217.45	-0.00	0.00	309.32	0.00	0.00	0.00
1477410819.0 41 120157.00	1000.05	26.50	60.76	0.00	218.70	-0.00	0.00	309.27	0.00	0.00	0.00
1477410820.0 41 120157.00	1000.45	26.68	60.28	0.00	218.70	-2.33	0.00	309.27	0.00	0.00	0.00
1477410821.0 41 120157.00	1001.31	26.50	60.13	0.00	217.45	-2.33	0.00	309.66	0.00	0.00	0.00
1477410822.0 41 120157.00	1000.05	26.50	60.76	0.00	221.22	-2.33	0.00	309.27	0.00	0.00	0.00
1477410823.0 41 120157.00	1000.05	26.50	60.28	0.00	217.45	-0.00	0.00	309.55	0.00	0.00	0.00
1477410824.0 43 120157.00	1000.05	26.50	58.86	0.00	216.20	-0.00	0.00	309.38	0.00	0.00	0.00
1477410825.0 43 120157.00	1000.05	26.50	61.08	0.00	217.45	-2.33	0.00	309.21	0.00	0.00	0.00
1477410826.0 43 120157.00	998.79	26.50	60.60	0.00	217.45	-0.00	0.00	309.27	0.00	0.00	0.00
1477410827.0 43 120157.00	1000.05	26.50	60.28	0.00	217.45	-0.00	0.00	309.27	0.00	0.00	0.00
1477410827.0 43 120157.00	1000.05	26.50	60.60	0.00	225.04	-0.00	0.00	309.55	0.00	0.00	0.00
1477410828.0 43 120157.00	999.19	26.68	60.76	0.00	217.45	-0.00	0.00	309.32	0.00	0.00	0.00
1477410829.0 43 120157.00	1000.05	26.50	60.28	0.00	223.76	-0.00	0.00	309.66	0.00	0.00	0.00
1477410830.0 43 120157.00	1000.05	26.50	60.76	0.00	217.45	-0.00	0.00	309.21	0.00	0.00	0.00
1477410831.0 43 120157.00	1000.05	26.50	59.65	0.00	222.49	-2.33	0.00	309.43	0.00	0.00	0.00
1477410832.0 43 120157.00	999.19	26.68	60.60	0.00	217.45	-0.00	0.00	309.27	0.00	0.00	0.00
1477410833.0 43 120157.00	999.19	26.68	60.76	0.00	222.49	0.68	0.00	309.32	0.00	0.00	0.00
1477410834.0 43 120157.00	1000.05	26.50	59.97	0.00	218.70	-0.00	0.00	309.60	0.00	0.00	0.00
1477410835.0 43 120157.00	998.79	26.50	60.28	0.00	222.49	-0.00	0.00	309.27	0.00	0.00	0.00
1477410836.0 42 120157.00	999.65	26.31	60.60	0.00	216.20	-0.00	0.00	309.32	0.00	0.00	0.00
1477410837.0 42 120157.00	1000.05	26.50	60.60	0.00	223.76	-2.33	0.00	309.55	0.00	0.00	0.00
1477410838.0 42 120157.00	999.19	26.68	65.98	0.00	222.49	-0.00	0.00	309.43	0.00	0.00	0.00
1477410839.0 42 120157.00	1000.05	26.50	61.08	0.00	226.32	0.68	0.00	309.43	0.00	0.00	0.00
1477410840.0 42 120157.00	1000.45	26.68	60.44	0.00	216.20	3.69	0.00	309.15	0.00	0.00	0.00
1477410841.0 42 0
1477410842.0 42 120157.00	1001.31	26.50	60.28	0.00	217.45	-0.00	0.00	309.27	0.00	0.00	0.00
1477410843.0 42 120157.00	1000.05	26.50	60.44	0.00	221.22	-2.33	0.00	309.32	0.00	0.00	0.00
1477410844.0 42 120157.00	1000.45	26.68	60.76	0.00	214.96	-0.00	0.00	309.27	0.00	0.00	0.00
1477410845.0 42 120157.00	1000.45	26.68	60.44	0.00	219.96	-2.33	0.00	309.27	0.00	0.00	0.00
1477410846.0 42 120157.00	1000.05	26.50	60.44	0.00	214.96	-0.00	0.00	309.27	0.00	0.00	0.00
1477410847.0 42 120157.00	1000.45	26.68	60.76	0.00	218.70	0.68	0.00	309.27	0.00	0.00	0.00
1477410849.0 42 120157.00	1000.05	26.50	60.76	0.00	217.45	-2.33	0.00	309.38	0.00	0.00	0.00
1477410850.0 42 120157.00	1000.05	26.50	60.13	0.00	223.76	0.68	0.00	309.55	0.00	0.00	0.00
1477410851.0 42 120157.00	1000.45	26.68	60.44	0.00	216.20	0.68	0.00	309.27	0.00	0.00	0.00
1477410852.0 42 120157.00	998.79	26.50	60.92	0.00	227.60	-2.33	0.00	309.66	473.68	0.00	0.00
1477410853.0 42 120157.00	1000.45	26.68	60.92	0.00	222.49	-0.00	0.00	309.55	0.00	0.00	0.00
1477410854.0 42 120157.00	1000.45	26.68	59.97	0.00	217.45	-0.00	0.00	309.38	0.00	0.00	0.00
1477410855.0 42 120157.00	1000.45	26.68	60.76	0.00	217.45	-2.33	0.00	309.32	0.00	0.00	0.00
1477410856.0 42 120157.00	1001.71	26.68	60.76	0.00	218.70	0.68	0.00	309.32	0.00	0.00	0.00
1477410857.0 42 120157.00	999.19	26.68	60.13	0.00	217.45	-2.33	0.00	309.60	0.00	0.00	0.00
1477410858.0 42 120157.00	1000.05	26.50	60.76	0.00	219.96	-2.33	0.00	309.32	0.00	0.00	0.00
1477410859.0 42 120157.00	998.79	26.50	62.50	0.00	216.20	-0.00	0.00	309.60	0.00	0.00	0.00
1477410860.0 42 120157.00	1001.31	26.50	60.92	0.00	218.70	-2.33	0.00	309.27	0.00	0.00	0.00
1477410861.0 42 120157.00	1000.45	26.68	61.55	0.00	217.45	-0.00	0.00	309.55	0.00	0.00	0.00
1477410862.0 42 120157.00	1000.45	26.68	59.81	0.00	217.45	-0.00	0.00	309.38	0.00	0.00	0.00
1477410863.0 42 120157.00	1000.45	26.68	60.44	0.00	219.96	-2.33	0.00	309.38	0.00	0.00	0.00
1477410864.0 42 120157.00	1000.05	26.50	59.97	0.00	217.45	-0.00	0.00	309.27	0.00	0.00	0.00
1477410865.0 42 120157.00	1000.45	26.68	60.13	0.00	216.20	-0.00	0.00	309.27	0.00	0.00	0.00
1477410866.0 42 120157.00	1000.45	26.68	58.39	0.00	222.49	-0.00	0.00	309.66	0.00	0.00	0.00
1477410867.0 42 120157.00	1000.05	26.50	60.76	0.00	217.45	-0.00	0.00	309.43	0.00	0.00	0.00
1477410868.0 42 120157.00	999.19	26.68	60.28	0.00	223.76	-2.33	0.00	309.38	0.00	0.00	0.00
1477410869.0 42 120157.00	998.79	26.50	60.28	0.00	217.45	-0.00	0.00	309.27	0.00	0.00	0.00
1477410870.0 42 120157.00	1000.45	26.68	60.44	0.00	222.49	0.68	0.00	309.27	0.00	0.00	0.00
1477410871.0 42 120157.00	1000.45	26.68	60.13	0.00	217.45	-0.00	0.00	309.55	0.00	0.00	0.00
1477410872.0 42 120157.00	1000.45	26.68	60.60	0.00	226.32	-0.00	0.00	309.38	0.00	0.00	0.00
1477410873.0 42 120157.00	1000.05	26.50	60.44	0.00	217.45	-2.33	0.00	309.66	0.00	0.00	0.00
1477410874.0 45 120157.00	1000.45	26.68	60.60	0.00	219.96	-0.00	0.00	309.21	0.00	0.00	0.00
1477410875.0 45 120157.00	1000.45	26.68	60.28	0.00	216.20	-0.00	0.00	309.66	0.00	0.00	0.00
1477410876.0 45 120157.00	1000.45	26.68	60.60	0.00	214.96	-0.00	0.00	309.49	0.00	0.00	0.00
1477410877.0 45 120157.00	999.19	26.68	60.44	0.00	218.70	-2.33	0.00	309.38	0.00	0.00	0.00
1477410879.0 45 120157.00	1000.45	26.68	60.13	0.00	218.70	-0.00	0.00	309.21	0.00	0.00	0.00
1477410880.0 45 120157.00	999.19	26.68	60.76	0.00	218.70	-0.00	0.00	309.21	0.00	0.00	0.00
1477410881.0 45 120157.00	1000.05	26.50	60.28	0.00	225.04	-0.00	0.00	309.55	0.00	0.00	0.00
1477410882.0 45 120157.00	1000.05	26.50	60.60	0.00	214.96	-0.00	0.00	309.21	0.00	0.00	0.00
1477410883.0 45 120157.00	1000.85	26.87	60.92	0.00	228.89	0.68	0.00	309.60	0.00	0.00	0.00
1477410884.0 45 120157.00	1000.45	26.68	60.44	0.00	216.20	-0.00	0.00	309.15	473.68	0.00	0.00
1477410885.0 45 120157.00	1000.45	26.68	60.44	0.00	227.60	3.69	0.00	309.43	0.00	0.00	0.00
1477410886.0 45 120157.00	1000.05	26.50	60.76	0.00	217.45	-2.33	0.00	309.27	473.68	0.00	0.00
1477410887.0 41 120157.00	1000.45	26.68	60.92	0.00	223.76	-2.33	0.00	309.32	0.00	0.00	0.00
1477410888.0 41 120157.00	1000.05	26.50	60.76	0.00	222.49	-2.33	0.00	309.43	473.68	0.00	0.00
1477410889.0 41 120157.00	999.19	26.68	60.76	0.00	221.22	-2.33	0.00	309.32	0.00	0.00	0.00
1477410890.0 41 120157.00	999.19	26.68	61.87	0.00	218.70	-2.33	0.00	309.10	0.00	0.00	0.00
1477410891.0 41 120157.00	1000.05	26.50	61.23	0.00	223.76	0.68	0.00	309.60	0.00	0.00	0.00
1477410892.0 41 120157.00	1001.71	26.68	61.08	0.00	217.45	-2.33	0.00	309.27	0.00	0.00	0.00
1477410893.0 41 120157.00	1000.45	26.68	60.13	0.00	219.96	-0.00	0.00	309.49	0.00	0.00	0.00
1477410894.0 41 120157.00	999.19	26.68	59.97	0.00	221.22	-0.00	0.00	309.38	0.00	0.00	0.00
1477410895.0 41 120157.00	1000.45	26.68	61.08	0.00	218.70	-2.33	0.00	309.43	0.00	0.00	0.00
1477410896.0 41 120157.00	1000.05	26.50	60.44	0.00	217.45	-0.00	0.00	309.27	0.00	0.00	0.00
1477410897.0 41 120157.00	1000.05	26.50	60.60	0.00	216.20	-2.33	0.00	309.32	0.00	0.00	0.00
1477410898.0 41 120157.00	999.19	26.68	60.44	0.00	222.49	-0.00	0.00	309.32	0.00	0.00	0.00
1477410899.0 41 120157.00	1000.45	26.68	60.76	0.00	219.96	-0.00	0.00	309.27	0.00	0.00	0.00
1477410900.0 43 120157.00	1000.45	26.68	59.65	0.00	217.45	-0.00	0.00	309.55	0.00	0.00	0.00
1477410901.0 43 120157.00	1000.05	26.50	60.44	0.00	218.70	-2.33	0.00	309.32	0.00	0.00	0.00
1477410902.0 43 120157.00	1000.05	26.50	60.92	0.00	218.70	-2.33	0.00	309.55	0.00	0.00	0.00
1477410903.0 43 120157.00	1000.05	26.50	60.44	0.00	216.20	-2.33	0.00	309.21	0.00	0.00	0.00
1477410904.0 43 120157.00	1000.45	26.68	60.60	0.00	218.70	-2.33	0.00	309.27	0.00	0.00	0.00
1477410905.0 43 120157.00	1001.71	26.68	60.28	0.00	221.22	0.68	0.00	309.32	0.00	0.00	0.00
1477410907.0 43 120157.00	999.19	26.68	60.76	0.00	217.45	-0.00	0.00	309.32	0.00	0.00	0.00
1477410908.0 43 120157.00	998.39	26.31	60.28	0.00	226.32	-0.00	0.00	309.55	473.68	0.00	0.00
1477410909.0 43 120157.00	1000.05	26.50	60.76	0.00	218.70	-2.33	0.00	309.27	0.00	0.00	0.00
1477410910.0 43 120157.00	1000.45	26.68	60.60	0.00	225.04	-0.00	0.00	309.72	0.00	0.00	0.00
1477410911.0 43 120157.00	1000.05	26.50	60.76	0.00	219.96	-0.00	0.00	309.49	0.00	0.00	0.00
1477410912.0 43 120157.00	999.65	26.31	60.92	0.00	226.32	-2.33	0.00	309.55	0.00	0.00	0.00
1477410913.0 45 120157.00	1000.45	26.68	60.76	0.00	218.70	-0.00	0.00	309.27	0.00	0.00	0.00
1477410914.0 45 120157.00	1000.05	26.50	61.08	0.00	223.76	-2.33	0.00	309.38	0.00	0.00	0.00
1477410915.0 45 120157.00	1001.71	26.68	60.44	0.00	217.45	-0.00	0.00	309.49	0.00	0.00	0.00
1477410916.0 45 120157.00	999.19	26.68	61.08	0.00	225.04	-0.00	0.00	309.32	0.00	0.00	0.00
1477410917.0 45 120157.00	1000.05	26.50	60.13	0.00	217.45	-0.00	0.00	309.27	0.00	0.00	0.00
1477410918.0 45 120157.00	1000.45	26.68	60.28	0.00	222.49	-0.00	0.00	309.43	0.00	0.00	0.00
1477410919.0 45 120157.00	999.19	26.68	60.60	0.00	218.70	-0.00	0.00	309.49	0.00	0.00	0.00
1477410920.0 45 120157.00	1000.05	26.50	60.28	0.00	225.04	-2.33	0.00	309.55	0.00	0.00	0.00
1477410921.0 45 120157.00	998.79	26.50	60.13	0.00	217.45	-0.00	0.00	309.21	0.00	0.00	0.00
1477410922.0 45 120157.00	998.79	26.50	61.08	0.00	225.04	0.68	0.00	309.43	0.00	0.00	0.00
1477410923.0 45 120157.00	999.19	26.68	60.28	0.00	214.96	-0.00	0.00	309.15	0.00	0.00	0.00
1477410924.0 45 120157.00	998.39	26.31	70.25	0.00	227.60	2.44	0.00	309.43	0.00	0.00	0.00
1477410925.0 43 120157.00	998.79	26.50	60.76	0.00	214.96	-0.00	0.00	309.15	473.68	0.00	0.00
1477410926.0 43 120157.00	1000.45	26.68	60.76	0.00	226.32	-2.33	0.00	309.32	0.00	0.00	0.00
1477410927.0 43 120157.00	1000.05	26.50	61.08	0.00	217.45	-2.33	0.00	309.49	0.00	0.00	0.00
1477410928.0 43 120157.00	1000.05	26.50	60.28	0.00	221.22	-2.33	0.00	309.27	0.00	0.00	0.00
1477410929.0 43 120157.00	1000.45	26.68	60.76	0.00	216.20	-0.00	0.00	309.32	0.00	0.00	0.00
1477410930.0 43 120157.00	998.79	26.50	60.76	0.00	217.45	-0.00	0.00	309.55	0.00	0.00	0.00
1477410931.0 43 120157.00	999.19	26.68	60.76	0.00	222.49	0.68	0.00	309.27	0.00	0.00	0.00
1477410932.0 43 120157.00	1000.05	26.50	60.92	0.00	222.49	-0.00	0.00	309.43	0.00	0.00	0.00
1477410933.0 43 120157.00	1000.05	26.50	60.60	0.00	218.70	-0.00	0.00	309.32	0.00	0.00	0.00
1477410934.0 43 120157.00	1000.05	26.50	60.76	0.00	221.22	-2.33	0.00	309.43	0.00	0.00	0.00
1477410935.0 43 120157.00	999.19	26.68	60.60	0.00	217.45	-0.00	0.00	309.32	0.00	0.00	0.00
1477410936.0 43 120157.00	1000.05	26.50	60.60	0.00	217.45	-0.00	0.00	309.32	0.00	0.00	0.00
1477410938.0 43 120157.00	1000.05	26.50	60.76	0.00	217.45	-0.00	0.00	309.27	0.00	0.00	0.00
1477410939.0 43 120157.00	999.19	26.68	60.60	0.00	217.45	-0.00	0.00	309.32	0.00	0.00	0.00
1477410940.0 43 120157.00	998.79	26.50	60.92	0.00	218.70	-0.00	0.00	309.27	0.00	0.00	0.00
1477410941.0 43 120157.00	998.79	26.50	60.60	0.00	222.49	-0.00	0.00	309.27	0.00	0.00	0.00
1477410942.0 43 120157.00	998.39	26.31	60.60	0.00	217.45	-0.00	0.00	309.43	0.00	0.00	0.00
1477410943.0 43 120157.00	998.79	26.50	60.44	0.00	218.70	-0.00	0.00	309.27	0.00	0.00	0.00
1477410944.0 43 120157.00	1000.05	26.50	60.13	0.00	219.96	-0.00	0.00	309.27	0.00	0.00	0.00
1477410945.0 43 120157.00	1000.05	26.50	60.44	0.00	216.20	-0.00	0.00	309.21	0.00	0.00	0.00
1477410946.0 43 120157.00	1000.05	26.50	60.60	0.00	221.22	-2.33	0.00	309.32	0.00	0.00	0.00
1477410947.0 43 120157.00	1000.05	26.50	60.76	0.00	223.76	0.68	0.00	309.55	0.00	0.00	0.00
1477410948.0 43 120157.00	1000.05	26.50	60.44	0.00	217.45	-0.00	0.00	309.32	0.00	0.00	0.00
1477410949.0 43 120157.00	1000.05	26.50	60.44	0.00	226.32	-0.00	0.00	309.60	0.00	0.00	0.00
1477410950.0 43 120157.00	1000.05	26.50	60.76	0.00	218.70	-0.00	0.00	309.27	0.00	0.00	0.00
1477410951.0 42 120157.00	1000.45	26.68	60.44	0.00	223.76	-0.00	0.00	309.72	0.00	0.00	0.00
1477410952.0 42 120157.00	1000.05	26.50	60.60	0.00	218.70	-2.33	0.00	309.32	0.00	0.00	0.00
1477410953.0 42 120157.00	1000.05	26.50	60.92	0.00	223.76	0.68	0.00	309.38	0.00	0.00	0.00
1477410954.0 42 120157.00	999.19	26.68	60.44	0.00	217.45	-0.00	0.00	309.27	0.00	0.00	0.00
1477410955.0 42 120157.00	998.79	26.50	60.44	0.00	225.04	-2.33	0.00	309.27	473.68	0.00	0.00
1477410956.0 42 120157.00	1000.45	26.68	59.97	0.00	218.70	-0.00	0.00	309.72	0.00	0.00	0.00
1477410957.0 42 120157.00	998.79	26.50	60.60	0.00	216.20	-2.33	0.00	309.21	0.00	0.00	0.00
1477410958.0 42 120157.00	999.19	26.68	58.86	0.00	216.20	0.68	0.00	309.21	0.00	0.00	0.00
1477410959.0 42 120157.00	1000.05	26.50	60.44	0.00	218.70	-2.33	0.00	309.55	473.68	0.00	0.00
1477410960.0 42 120157.00	1000.05	26.50	60.60	0.00	222.49	0.68	0.00	309.32	473.68	0.00	0.00
1477410961.0 42 120157.00	998.79	26.50	60.28	0.00	217.45	-0.00	0.00	309.49	0.00	0.00	0.00
1477410962.0 42 120157.00	998.79	26.50	60.76	0.00	226.32	-0.00	0.00	309.27	473.68	0.00	0.00
1477410963.0 44 120157.00	999.19	26.68	60.60	0.00	221.22	-0.00	0.00	309.77	0.00	0.00	0.00
1477410964.0 44 120157.00	1000.05	26.50	60.28	0.00	223.76	-2.33	0.00	309.32	0.00	0.00	0.00
1477410965.0 44 120157.00	1000.45	26.68	60.28	0.00	218.70	-0.00	0.00	309.66	0.00	0.00	0.00
1477410966.0 44 120157.00	1000.45	26.68	60.60	0.00	221.22	-0.00	0.00	309.32	0.00	0.00	0.00
1477410968.0 44 120157.00	999.19	26.68	60.28	0.00	223.76	-2.33	0.00	309.66	0.00	0.00	0.00
1477410969.0 44 120157.00	1000.05	26.50	60.28	0.00	217.45	-0.00	0.00	309.15	0.00	0.00	0.00
1477410970.0 44 120157.00	998.79	26.50	60.44	0.00	225.04	-0.00	0.00	309.49	0.00	0.00	0.00
1477410971.0 44 120157.00	1000.45	26.68	60.60	0.00	223.76	-2.33	0.00	309.43	0.00	0.00	0.00
1477410972.0 44 120157.00	1000.45	26.68	60.13	0.00	217.45	0.68	0.00	309.21	0.00	0.00	0.00
1477410973.0 44 120157.00	999.19	26.68	60.60	0.00	212.48	-0.00	0.00	308.98	0.00	0.00	0.00
1477410974.0 44 120157.00	1000.45	26.68	60.44	0.00	216.20	-0.00	0.00	309.21	0.00	0.00	0.00
1477410975.0 44 120157.00	998.79	26.50	60.28	0.00	225.04	0.68	0.00	309.43	0.00	0.00	0.00
1477410976.0 44 120157.00	1000.45	26.68	60.28	0.00	216.20	-2.33	0.00	309.21	473.68	0.00	0.00
1477410977.0 44 120157.00	1000.45	26.68	62.97	0.00	226.32	-0.00	0.00	309.43	0.00	0.00	0.00
1477410978.0 44 120157.00	1000.05	26.50	60.28	0.00	217.45	-0.00	0.00	309.27	0.00	0.00	0.00
1477410979.0 44 120157.00	1000.45	26.68	60.60	0.00	223.76	-2.33	0.00	309.32	0.00	0.00	0.00
1477410980.0 44 120157.00	1000.45	26.68	60.13	0.00	213.72	-0.00	0.00	309.32	0.00	0.00	0.00
1477410981.0 44 120157.00	1000.05	26.50	60.28	0.00	222.49	3.69	0.00	309.27	0.00	0.00	0.00
1477410982.0 44 120157.00	998.79	26.50	60.60	0.00	214.96	-0.00	0.00	309.27	0.00	0.00	0.00
1477410983.0 44 120157.00	999.19	26.68	60.44	0.00	221.22	0.68	0.00	309.27	0.00	0.00	0.00
1477410984.0 44 120157.00	999.19	26.68	59.97	0.00	218.70	-0.00	0.00	309.21	0.00	0.00	0.00
1477410985.0 44 120157.00	998.79	26.50	59.97	0.00	225.04	-0.00	0.00	309.55	0.00	0.00	0.00
1477410986.0 44 120157.00	999.19	26.68	60.76	0.00	218.70	0.68	0.00	309.38	0.00	0.00	0.00
1477410987.0 44 120157.00	999.19	26.68	60.76	0.00	217.45	-2.33	0.00	309.32	0.00	0.00	0.00
1477410988.0 44 120157.00	998.39	26.31	60.92	0.00	217.45	0.68	0.00	309.27	0.00	0.00	0.00
1477410989.0 44 120157.00	1000.45	26.68	60.60	0.00	216.20	3.69	0.00	309.43	0.00	0.00	0.00
1477410990.0 44 120157.00	1000.05	26.50	60.76	0.00	217.45	-2.33	0.00	309.27	0.00	0.00	0.00
1477410991.0 44 120157.00	1000.45	26.68	60.76	0.00	221.22	-2.33	0.00	309.27	473.68	0.00	0.00
1477410992.0 44 120157.00	1001.31	26.50	60.44	0.00	217.45	-0.00	0.00	309.55	0.00	0.00	0.00
1477410993.0 44 120157.00	1000.45	26.68	60.28	0.00	219.96	0.68	0.00	309.32	0.00	0.00	0.00
1477410994.0 44 120157.00	1000.05	26.50	60.44	0.00	218.70	-0.00	0.00	309.77	0.00	0.00	0.00
1477410996.0 44 120157.00	1000.45	26.68	60.44	0.00	221.22	0.68	0.00	309.38	473.68	0.00	0.00
1477410997.0 44 120157.00	998.79	26.50	60.92	0.00	222.49	0.68	0.00	309.83	0.00	0.00	0.00
1477410998.0 44 120157.00	999.19	26.68	60.44	0.00	217.45	-0.00	0.00	309.32	0.00	0.00	0.00
1477410999.0 44 120157.00	1000.05	26.50	60.60	0.00	219.96	-2.33	0.00	309.27	0.00	0.00	0.00
1477411000.0 44 120157.00	1000.45	26.68	60.60	0.00	219.96	-2.33	0.00	309.77	0.00	0.00	0.00
1477411001.0 44 120157.00	1001.71	26.68	60.60	0.00	218.70	0.68	0.00	309.32	0.00	0.00	0.00
1477411002.0 44 120157.00	999.19	26.68	60.76	0.00	218.70	4.66	0.00	309.55	0.00	0.00	0.00
1477411003.0 44 120157.00	1000.05	26.50	60.13	0.00	217.45	-0.00	0.00	309.27	0.00	0.00	0.00
1477411004.0 44 120157.00	1000.45	26.68	60.44	0.00	225.04	6.12	0.00	309.55	0.00	0.00	0.00
1477411005.0 44 120157.00	1000.45	26.68	59.97	0.00	219.96	-0.00	0.00	309.43	0.00	0.00	0.00
1477411006.0 44 120157.00	1000.45	26.68	60.13	0.00	223.76	4.66	0.00	309.60	0.00	0.00	0.00
1477411007.0 44 120157.00	999.19	26.68	60.60	0.00	217.45	-0.00	0.00	309.38	0.00	0.00	0.00
1477411008.0 44 120157.00	1000.45	26.68	59.97	0.00	223.76	-0.00	0.00	309.49	0.00	0.00	0.00
1477411009.0 44 120157.00	998.79	26.50	60.92	0.00	217.45	3.69	0.00	309.27	0.00	0.00	0.00
1477411010.0 44 120157.00	999.59	26.87	60.28	0.00	214.96	-2.33	0.00	309.15	0.00	0.00	0.00
1477411011.0 44 120157.00	999.19	26.68	60.44	0.00	218.70	-2.33	0.00	309.21	0.00	0.00	0.00
1477411012.0 44 120157.00	1000.05	26.50	59.81	0.00	218.70	2.44	0.00	309.55	0.00	0.00	0.00
1477411013.0 44 120157.00	1000.45	26.68	60.92	0.00	227.60	-2.33	0.00	309.38	0.00	0.00	0.00
1477411014.0 44 120157.00	999.19	26.68	62.66	0.00	217.45	-0.00	0.00	309.55	0.00	0.00	0.00
1477411015.0 42 120157.00	1000.45	26.68	60.28	0.00	223.76	2.44	0.00	309.38	0.00	0.00	0.00
1477411016.0 42 120157.00	1000.45	26.68	60.28	0.00	217.45	-2.33	0.00	309.60	0.00	0.00	0.00
1477411017.0 42 120157.00	998.79	26.50	59.97	0.00	219.96	0.68	0.00	309.21	0.00	0.00	0.00
1477411018.0 42 120157.00	1000.45	26.68	60.28	0.00	222.49	-2.33	0.00	309.66	0.00	0.00	0.00
1477411019.0 42 120157.00	1000.05	26.50	60.60	0.00	218.70	-0.00	0.00	309.27	0.00	0.00	0.00
1477411020.0 42 120157.00	998.79	26.50	60.13	0.00	230.18	-2.33	0.00	309.66	0.00	0.00	0.00
1477411021.0 42 120157.00	999.19	26.68	60.28	0.00	214.96	-2.33	0.00	309.15	0.00	0.00	0.00
1477411022.0 42 120157.00	1000.45	26.68	60.28	0.00	225.04	2.44	0.00	309.38	0.00	0.00	0.00
1477411023.0 42 120157.00	999.19	26.68	59.97	0.00	216.20	-0.00	0.00	309.21	0.00	0.00	0.00
1477411025.0 42 120157.00	1000.45	26.68	60.44	0.00	216.20	-0.00	0.00	309.27	0.00	0.00	0.00
1477411026.0 42 120157.00	999.19	26.68	61.08	0.00	228.89	-0.00	0.00	309.60	0.00	0.00	0.00
1477411027.0 42 120157.00	999.19	26.68	60.28	1.76	217.45	-0.00	0.00	309.32	0.00	0.00	0.00
1477411028.0 49 120157.00	1000.05	26.50	60.60	0.00	226.32	0.68	0.00	309.43	0.00	0.00	0.00
1477411029.0 49 120157.00	999.19	26.68	59.81	0.00	218.70	-0.00	0.00	309.21	0.00	0.00	0.00
1477411030.0 49 120157.00	999.19	26.68	60.60	0.00	225.04	3.69	0.00	309.38	0.00	0.00	0.00
1477411031.0 49 120157.00	1000.05	26.50	60.60	0.00	218.70	-0.00	0.00	309.32	0.00	0.00	0.00
1477411032.0 49 120157.00	1000.45	26.68	60.76	0.00	226.32	-2.33	0.00	309.32	0.00	0.00	0.00
1477411033.0 49 120157.00	1000.05	26.50	60.44	0.00	218.70	-0.00	0.00	309.38	0.00	0.00	0.00
1477411034.0 49 120157.00	1000.45	26.68	60.60	1.76	225.04	0.68	0.00	309.49	0.00	0.00	0.00
1477411035.0 49 120157.00	1000.45	26.68	60.28	0.00	217.45	-0.00	0.00	309.38	0.00	0.00	0.00
1477411036.0 49 120157.00	1000.45	26.68	59.97	0.00	223.76	0.68	0.00	309.27	0.00	0.00	0.00
1477411037.0 49 120157.00	1000.45	26.68	60.44	0.00	217.45	-2.33	0.00	309.32	0.00	0.00	0.00
1477411038.0 49 120157.00	1000.05	26.50	60.60	0.00	216.20	0.68	0.00	309.60	0.00	0.00	0.00
1477411039.0 49 120157.00	1000.05	26.50	60.76	0.00	218.70	0.68	0.00	309.15	0.00	0.00	0.00
1477411040.0 49 120157.00	1000.05	26.50	60.44	0.00	221.22	0.68	0.00	309.49	0.00	0.00	0.00
1477411041.0 43 120157.00	1000.45	26.68	59.97	0.00	217.45	-0.00	0.00	309.27	0.00	0.00	0.00
1477411042.0 43 120157.00	998.79	26.50	60.44	0.00	217.45	-2.33	0.00	309.32	473.68	0.00	0.00
1477411043.0 43 120157.00	999.19	26.68	60.13	0.00	217.45	-2.33	0.00	309.32	0.00	0.00	0.00
1477411044.0 43 120157.00	999.19	26.68	60.76	0.00	221.22	-0.00	0.00	309.43	0.00	0.00	0.00
1477411045.0 43 120157.00	999.19	26.68	60.28	0.00	219.96	-2.33	0.00	309.32	0.00	0.00	0.00
1477411046.0 43 120157.00	999.19	26.68	60.44	0.00	218.70	-0.00	0.00	309.27	473.68	0.00	0.00
1477411047.0 43 120157.00	1000.45	26.68	60.13	0.00	217.45	-0.00	0.00	309.32	0.00	0.00	0.00
1477411048.0 43 120157.00	1000.45	26.68	60.28	0.00	219.96	-0.00	0.00	309.32	0.00	0.00	0.00
1477411049.0 43 120157.00	1000.05	26.50	59.81	0.00	217.45	-2.33	0.00	309.60	0.00	0.00	0.00
1477411050.0 43 120157.00	999.19	26.68	60.28	0.00	217.45	-2.33	0.00	309.32	0.00	0.00	0.00
1477411051.0 43 120157.00	1000.45	26.68	60.44	0.00	221.22	-2.33	0.00	309.21	0.00	0.00	0.00
1477411053.0 43 120157.00	1000.45	26.68	59.97	0.00	214.96	-0.00	0.00	309.21	473.68	0.00	0.00
1477411054.0 42 120157.00	999.19	26.68	60.28	0.00	217.45	-0.00	0.00	309.21	473.68	0.00	0.00
1477411055.0 42 120157.00	1001.71	26.68	60.28	0.00	225.04	-0.00	0.00	309.49	0.00	0.00	0.00
1477411056.0 42 120157.00	999.19	26.68	59.97	0.00	217.45	-0.00	0.00	309.27	0.00	0.00	0.00
1477411057.0 42 120157.00	1000.85	26.87	60.13	1.76	225.04	-0.00	0.00	309.60	0.00	0.00	0.00
1477411058.0 42 120157.00	999.19	26.68	60.28	0.00	217.45	-0.00	0.00	309.32	0.00	0.00	0.00
1477411059.0 42 120157.00	998.79	26.50	60.60	1.76	223.76	-0.00	0.00	309.43	0.00	0.00	0.00
1477411060.0 42 120157.00	1000.05	26.50	60.13	0.00	218.70	-0.00	0.00	309.38	0.00	0.00	0.00
1477411061.0 42 120157.00	999.19	26.68	60.44	0.00	223.76	-2.33	0.00	309.43	0.00	0.00	0.00
1477411062.0 42 120157.00	999.19	26.68	60.60	0.00	217.45	-2.33	0.00	309.43	0.00	0.00	0.00
1477411063.0 42 120157.00	999.59	26.87	60.13	0.00	223.76	-2.33	0.00	309.43	0.00	0.00	0.00
1477411064.0 42 120157.00	999.19	26.68	59.81	0.00	217.45	-0.00	0.00	309.55	0.00	0.00	0.00
1477411065.0 42 120157.00	1000.45	26.68	60.13	0.00	218.70	-2.33	0.00	309.66	0.00	0.00	0.00
1477411066.0 48 120157.00	1000.45	26.68	60.44	0.00	219.96	-2.33	0.00	309.38	0.00	0.00	0.00
1477411067.0 48 120157.00	1000.45	26.68	60.44	0.00	219.96	0.68	0.00	309.38	0.00	0.00	0.00
1477411068.0 48 120157.00	998.79	26.50	61.23	0.00	221.22	0.68	0.00	309.15	0.00	0.00	0.00
1477411069.0 48 120157.00	1000.85	26.87	60.60	0.00	218.70	-2.33	0.00	309.66	0.00	0.00	0.00
1477411070.0 48 120157.00	1000.45	26.68	60.28	0.00	219.96	-2.33	0.00	309.21	0.00	0.00	0.00
1477411071.0 48 120157.00	999.19	26.68	59.97	0.00	225.04	-0.00	0.00	309.66	0.00	0.00	0.00
1477411072.0 48 120157.00	1000.45	26.68	59.81	1.76	217.45	3.69	0.00	309.32	0.00	0.00	0.00
1477411073.0 48 120157.00	999.19	26.68	60.13	0.00	225.04	0.68	0.00	309.49	473.68	0.00	0.00
1477411074.0 48 120157.00	1000.85	26.87	59.97	0.00	214.96	-0.00	0.00	309.21	0.00	0.00	0.00
1477411075.0 48 120157.00	1000.45	26.68	60.44	0.00	226.32	2.44	0.00	309.43	0.00	0.00	0.00
1477411076.0 48 120157.00	1000.45	26.68	60.44	1.76	216.20	-0.00	0.00	309.15	0.00	0.00	0.00
1477411077.0 48 120157.00	1000.45	26.68	60.92	0.00	226.32	2.44	0.00	309.27	0.00	0.00	0.00
1477411078.0 48 120157.00	998.79	26.50	59.81	0.00	222.49	5.45	0.00	309.32	0.00	0.00	0.00
1477411079.0 48 120157.00	999.19	26.68	60.13	0.00	216.20	-0.00	0.00	309.38	0.00	0.00	0.00
1477411080.0 48 120157.00	999.19	26.68	59.97	0.00	227.60	-0.00	0.00	309.43	0.00	0.00	0.00
1477411081.0 48 120157.00	999.19	26.68	59.81	0.00	216.20	-0.00	0.00	309.32	0.00	0.00	0.00
1477411083.0 48 120157.00	1000.45	26.68	59.81	0.00	221.22	-2.33	0.00	309.27	0.00	0.00	0.00
1477411084.0 48 120157.00	1000.45	26.68	60.13	0.00	216.20	-0.00	0.00	309.27	0.00	0.00	0.00
1477411085.0 48 120157.00	1000.45	26.68	59.97	0.00	221.22	0.68	0.00	309.27	0.00	0.00	0.00
1477411086.0 48 120157.00	999.19	26.68	60.28	0.00	219.96	-0.00	0.00	309.43	344.01	0.00	0.00
1477411087.0 48 120157.00	1000.45	26.68	59.97	1.76	217.45	-0.00	0.00	309.32	473.68	0.00	0.00
1477411088.0 48 120157.00	999.19	26.68	59.81	0.00	217.45	-0.00	0.00	309.38	0.00	0.00	0.00
1477411089.0 48 120157.00	1000.05	26.50	59.81	0.00	218.70	-0.00	0.00	309.27	0.00	0.00	0.00
1477411090.0 48 120157.00	999.19	26.68	59.97	0.00	216.20	-0.00	0.00	309.32	0.00	0.00	0.00
1477411091.0 48 120157.00	1000.45	26.68	60.28	1.76	218.70	-2.33	0.00	309.27	0.00	0.00	0.00
1477411092.0 42 120157.00	999.19	26.68	59.49	1.76	216.20	-0.00	0.00	309.21	0.00	0.00	0.00
1477411093.0 42 120157.00	1000.45	26.68	59.97	0.00	223.76	-2.33	0.00	309.38	0.00	0.00	0.00
1477411094.0 42 120157.00	999.19	26.68	59.81	0.00	221.22	6.12	0.00	309.32	0.00	0.00	0.00
1477411095.0 42 120157.00	999.19	26.68	60.60	0.00	221.22	6.12	0.00	309.32	0.00	0.00	0.00
1477411096.0 42 120157.00	999.19	26.68	59.97	0.00	217.45	3.69	0.00	309.27	0.00	0.00	0.00
1477411097.0 42 120157.00	1000.05	26.50	59.49	0.00	218.70	-2.33	0.00	309.27	0.00	0.00	0.00
1477411098.0 42 120157.00	1000.05	26.50	60.13	0.00	217.45	-0.00	0.00	309.49	0.00	0.00	0.00
1477411099.0 42 120157.00	1000.45	26.68	60.44	1.76	219.96	-0.00	0.00	309.43	0.00	0.00	0.00
1477411100.0 42 120157.00	1000.45	26.68	59.81	1.76	217.45	-0.00	0.00	309.55	0.00	0.00	0.00
1477411101.0 42 120157.00	999.19	26.68	59.97	1.76	218.70	-2.33	0.00	309.43	0.00	0.00	0.00
1477411102.0 42 120157.00	998.79	26.50	59.97	0.00	217.45	-0.00	0.00	309.49	0.00	0.00	0.00
1477411103.0 42 120157.00	1000.45	26.68	59.65	0.00	218.70	-0.00	0.00	309.27	0.00	0.00	0.00
1477411104.0 46 120157.00	1000.05	26.50	60.13	0.00	226.32	-0.00	0.00	309.66	0.00	0.00	0.00
1477411105.0 46 120157.00	1000.45	26.68	59.81	1.76	219.96	-0.00	0.00	309.43	473.68	0.00	0.00
1477411106.0 46 120157.00	1000.45	26.68	60.13	1.76	217.45	-2.33	0.00	309.21	0.00	0.00	0.00
1477411107.0 46 120157.00	1000.45	26.68	59.97	0.00	211.25	2.44	0.00	308.98	0.00	0.00	0.00
1477411108.0 46 120157.00	1000.05	26.50	59.65	1.76	221.22	0.68	0.00	309.49	0.00	0.00	0.00
1477411109.0 46 120157.00	1000.45	26.68	60.13	0.00	223.76	-0.00	0.00	309.32	0.00	0.00	0.00
1477411111.0 46 120157.00	999.19	26.68	59.65	1.76	218.70	-2.33	0.00	309.66	473.68	0.00	0.00
1477411112.0 46 120157.00	1000.45	26.68	60.60	0.00	225.04	-2.33	0.00	309.27	0.00	0.00	0.00
1477411113.0 46 120157.00	1000.45	26.68	59.65	1.76	217.45	-0.00	0.00	309.66	0.00	0.00	0.00
1477411114.0 46 120157.00	1000.45	26.68	60.28	1.76	219.96	-2.33	0.00	309.21	0.00	0.00	0.00
1477411115.0 46 120157.00	999.19	26.68	59.65	0.00	216.20	-0.00	0.00	309.60	0.00	0.00	0.00
1477411116.0 46 120157.00	1000.45	26.68	60.44	1.76	219.96	-2.33	0.00	309.21	0.00	0.00	0.00
1477411117.0 46 120157.00	1000.45	26.68	60.44	0.00	225.04	-2.33	0.00	309.55	0.00	0.00	0.00
1477411118.0 46 120157.00	999.19	26.68	59.97	1.76	216.20	-0.00	0.00	309.21	0.00	0.00	0.00
1477411119.0 46 120157.00	1000.85	26.87	60.28	1.76	216.20	-0.00	0.00	309.27	0.00	0.00	0.00
1477411120.0 46 120157.00	1000.45	26.68	59.97	1.76	223.76	-0.00	0.00	309.66	0.00	0.00	0.00
1477411121.0 46 120157.00	1000.45	26.68	59.97	1.76	217.45	-2.33	0.00	309.27	0.00	0.00	0.00
1477411122.0 46 120157.00	1000.45	26.68	60.76	0.00	226.32	-0.00	0.00	309.43	0.00	0.00	0.00
1477411123.0 46 120157.00	999.19	26.68	59.81	0.00	218.70	-0.00	0.00	309.21	0.00	0.00	0.00
1477411124.0 46 120157.00	999.19	26.68	60.13	1.76	226.32	-0.00	0.00	309.49	0.00	0.00	0.00
1477411125.0 46 120157.00	999.19	26.68	60.28	0.00	214.96	-0.00	0.00	309.21	0.00	0.00	0.00
1477411126.0 46 120157.00	999.19	26.68	61.39	0.00	226.32	-0.00	0.00	309.38	0.00	0.00	0.00
1477411127.0 46 120157.00	1000.45	26.68	61.23	0.00	214.96	-0.00	0.00	309.38	0.00	0.00	0.00
1477411128.0 46 120157.00	1000.45	26.68	60.13	1.76	221.22	-0.00	0.00	309.32	0.00	0.00	0.00
1477411129.0 46 120157.00	1000.45	26.68	59.97	0.00	214.96	-0.00	0.00	309.27	0.00	0.00	0.00
1477411130.0 45 120157.00	999.19	26.68	59.65	0.00	221.22	-2.33	0.00	309.27	0.00	0.00	0.00
1477411131.0 45 120157.00	1000.45	26.68	60.13	0.00	218.70	-2.33	0.00	309.43	0.00	0.00	0.00
1477411132.0 45 120157.00	1000.45	26.68	59.81	0.00	217.45	0.68	0.00	309.72	0.00	0.00	0.00
1477411133.0 45 120157.00	1000.45	26.68	60.44	1.76	219.96	-2.33	0.00	309.15	0.00	0.00	0.00
1477411134.0 45 120157.00	999.19	26.68	60.13	1.76	217.45	-2.33	0.00	309.43	0.00	0.00	0.00
1477411135.0 45 120157.00	1000.85	26.87	60.13	1.76	218.70	-2.33	0.00	309.27	0.00	0.00	0.00
1477411136.0 45 120157.00	998.79	26.50	60.44	0.00	218.70	0.68	0.00	309.38	0.00	0.00	0.00
1477411137.0 45 120157.00	1000.45	26.68	59.81	0.00	217.45	0.68	0.00	309.43	473.68	0.00	0.00
1477411139.0 45 120157.00	1000.45	26.68	59.65	1.76	219.96	0.68	0.00	309.49	0.00	0.00	0.00
1477411140.0 45 120157.00	1000.45	26.68	59.97	1.76	217.45	-0.00	0.00	309.32	0.00	0.00	0.00
1477411141.0 45 120157.00	1000.45	26.68	60.44	0.00	218.70	-2.33	0.00	309.32	0.00	0.00	0.00
1477411142.0 45 120157.00	999.59	26.87	59.49	1.76	218.70	-2.33	0.00	309.27	0.00	0.00	0.00
1477411143.0 49 120157.00	999.19	26.68	59.81	0.00	225.04	3.69	0.00	309.38	473.68	0.00	0.00
1477411144.0 49 120157.00	1000.05	26.50	60.13	0.00	218.70	-2.33	0.00	309.60	0.00	0.00	0.00
1477411145.0 49 120157.00	1000.45	26.68	59.97	1.76	217.45	-0.00	0.00	309.27	0.00	0.00	0.00
1477411146.0 49 120157.00	1000.45	26.68	60.28	0.00	226.32	-0.00	0.00	309.32	0.00	0.00	0.00
1477411147.0 49 120157.00	999.19	26.68	60.13	0.00	216.20	0.68	0.00	309.21	473.68	0.00	0.00
1477411148.0 49 120157.00	999.19	26.68	60.44	1.76	225.04	-2.33	0.00	309.60	0.00	0.00	0.00
1477411149.0 49 120157.00	999.19	26.68	59.81	0.00	217.45	-2.33	0.00	309.60	0.00	0.00	0.00
1477411150.0 49 120157.00	1000.85	26.87	60.44	1.76	219.96	-0.00	0.00	309.32	0.00	0.00	0.00
1477411151.0 49 120157.00	1000.45	26.68	60.44	1.76	217.45	-0.00	0.00	309.55	0.00	0.00	0.00
1477411152.0 49 120157.00	1000.45	26.68	59.81	1.76	217.45	-2.33	0.00	309.32	0.00	0.00	0.00
1477411153.0 49 120157.00	1000.45	26.68	60.28	0.00	221.22	-0.00	0.00	309.66	0.00	0.00	0.00
1477411154.0 49 120157.00	1000.05	26.50	59.81	1.76	217.45	-0.00	0.00	309.32	473.68	0.00	0.00
1477411155.0 47 120157.00	1000.45	26.68	60.13	0.00	222.49	-0.00	0.00	309.55	0.00	0.00	0.00
1477411156.0 47 120157.00	1000.45	26.68	60.28	1.76	217.45	-0.00	0.00	309.27	0.00	0.00	0.00
1477411157.0 47 120157.00	999.19	26.68	60.28	1.76	225.04	-0.00	0.00	309.60	0.00	0.00	0.00
1477411158.0 47 120157.00	1000.45	26.68	59.81	1.76	221.22	-0.00	0.00	309.55	0.00	0.00	0.00
1477411159.0 47 120157.00	1000.85	26.87	59.49	0.00	216.20	-0.00	0.00	309.21	0.00	0.00	0.00
1477411160.0 47 120157.00	1000.45	26.68	59.65	0.00	217.45	-0.00	0.00	309.32	0.00	0.00	0.00
1477411161.0 47 120157.00	998.79	26.50	59.97	1.76	217.45	-0.00	0.00	309.32	0.00	0.00	0.00
1477411162.0 47 120157.00	1000.45	26.68	60.13	0.00	223.76	0.68	0.00	309.43	0.00	0.00	0.00
1477411163.0 47 120157.00	1000.45	26.68	60.28	3.51	221.22	-2.33	0.00	309.32	0.00	0.00	0.00
1477411164.0 47 120157.00	1000.05	26.50	60.60	0.00	222.49	9.43	0.00	309.32	0.00	0.00	0.00
1477411165.0 47 120157.00	1000.45	26.68	59.02	0.00	217.45	-2.33	0.00	309.60	0.00	0.00	0.00
1477411166.0 47 120157.00	998.79	26.50	59.81	0.00	226.32	-2.33	0.00	309.27	0.00	0.00	0.00
1477411167.0 47 120157.00	999.19	26.68	59.49	0.00	219.96	-0.00	0.00	309.66	0.00	0.00	0.00
1477411169.0 47 120157.00	1000.05	26.50	59.97	1.76	223.76	4.66	0.00	309.32	0.00	0.00	0.00
1477411170.0 47 120157.00	999.19	26.68	59.65	1.76	216.20	-0.00	0.00	309.60	473.68	0.00	0.00
1477411171.0 47 120157.00	1000.45	26.68	60.28	1.76	219.96	-0.00	0.00	309.15	0.00	0.00	0.00
1477411172.0 47 120157.00	1000.45	26.68	59.02	0.00	213.72	-0.00	0.00	309.10	0.00	0.00	0.00
1477411173.0 47 120157.00	999.19	26.68	59.02	0.00	221.22	-0.00	0.00	309.55	0.00	0.00	0.00
1477411174.0 47 120157.00	1000.45	26.68	59.49	0.00	219.96	-2.33	0.00	309.27	0.00	0.00	0.00
1477411175.0 47 120157.00	1000.45	26.68	59.34	0.00	226.32	-0.00	0.00	309.60	0.00	0.00	0.00
1477411176.0 47 120157.00	1000.45	26.68	59.97	0.00	222.49	-0.00	0.00	309.32	0.00	0.00	0.00
1477411177.0 47 120157.00	1000.45	26.68	59.65	0.00	228.89	-2.33	0.00	309.55	0.00	0.00	0.00
1477411178.0 47 120157.00	1000.45	26.68	60.13	0.00	214.96	-0.00	0.00	309.21	0.00	0.00	0.00
1477411179.0 47 120157.00	1000.45	26.68	59.18	0.00	230.18	-0.00	0.00	309.38	0.00	0.00	0.00
1477411180.0 47 120157.00	1000.45	26.68	59.34	0.00	218.70	-0.00	0.00	309.43	0.00	0.00	0.00
1477411181.0 48 120157.00	999.19	26.68	59.81	1.76	221.22	-2.33	0.00	309.27	0.00	0.00	0.00
1477411182.0 48 120157.00	1000.45	26.68	59.65	0.00	216.20	-0.00	0.00	309.21	0.00	0.00	0.00
1477411183.0 48 120157.00	1000.45	26.68	59.81	0.00	221.22	0.68	0.00	309.38	0.00	0.00	0.00
1477411184.0 48 120157.00	1000.45	26.68	59.34	1.76	216.20	-0.00	0.00	309.21	0.00	0.00	0.00
1477411185.0 48 120157.00	1000.45	26.68	59.18	1.76	212.48	-0.00	0.00	309.15	0.00	0.00	0.00
1477411186.0 48 120157.00	999.19	26.68	59.65	0.00	222.49	-0.00	0.00	309.49	0.00	0.00	0.00
1477411187.0 48 120157.00	1000.45	26.68	59.18	0.00	217.45	-0.00	0.00	309.21	0.00	0.00	0.00
1477411188.0 48 120157.00	998.79	26.50	59.18	1.76	226.32	-2.33	0.00	309.49	0.00	0.00	0.00
1477411189.0 48 120157.00	1000.85	26.87	59.65	1.76	219.96	-0.00	0.00	309.27	0.00	0.00	0.00
1477411190.0 48 120157.00	1000.45	26.68	61.08	1.76	225.04	-2.33	0.00	309.43	0.00	0.00	0.00
1477411191.0 48 120157.00	1000.45	26.68	59.18	1.76	216.20	-2.33	0.00	309.32	0.00	0.00	0.00
1477411192.0 48 120157.00	1000.45	26.68	59.81	1.76	222.49	-0.00	0.00	309.32	0.00	0.00	0.00
1477411193.0 46 120157.00	1000.45	26.68	58.54	0.00	217.45	-0.00	0.00	309.38	0.00	0.00	0.00
1477411194.0 46 120157.00	1000.45	26.68	59.49	1.76	221.22	-2.33	0.00	309.27	0.00	0.00	0.00
1477411195.0 46 120157.00	999.59	26.87	55.54	0.00	214.96	-0.00	0.00	309.32	0.00	0.00	0.00
1477411196.0 46 120157.00	999.59	26.87	59.34	1.76	221.22	-0.00	0.00	309.27	0.00	0.00	0.00
1477411198.0 46 120157.00	998.79	26.50	59.02	0.00	217.45	-0.00	0.00	309.32	0.00	0.00	0.00
1477411199.0 46 120157.00	1000.45	26.68	59.49	0.00	225.04	4.66	0.00	309.38	0.00	0.00	0.00
