1476226243.0 72 120209.00	999.07	23.69	-25.00	0.00	225.04	-0.00	-666.00	309.60	0.00	0.00	0.00
1476226245.0 72 120209.00	997.42	23.50	-24.68	0.00	221.22	-0.00	-666.00	309.43	0.00	0.00	0.00
1476226246.0 72 120209.00	998.67	23.50	-24.68	0.00	223.76	-2.33	-666.00	309.43	473.68	0.00	0.00
1476226248.0 72 120209.00	997.82	23.69	-25.00	0.00	226.32	-0.00	-666.00	309.77	0.00	0.00	0.00
1476226249.0 72 120209.00	997.42	23.50	-24.68	0.00	221.22	-2.33	-666.00	309.43	0.00	0.00	0.00
1476226251.0 72 120209.00	998.67	23.50	-24.68	0.00	231.48	-0.00	-666.00	309.49	0.00	0.00	0.00
1476226252.0 72 120209.00	997.82	23.69	-25.00	0.00	221.22	-0.00	-666.00	309.77	0.00	0.00	0.00
1476226254.0 72 120209.00	9969	.00		-66.38	0	0.09.02	23.00	32	-	309	0.
1476226256.0 72 120209.00	999.07	23.69	-24.84	0.00	227.60	-0.00	-666.00	309.72	0.00	0.00	0.00
1476226257.0 72 120209.00	997.42	23.50	-24.84	0.00	226.32	-0.00	-666.00	309.66	0.00	0.00	0.00
1476226258.0 72 120209.00	998.67	23.50	-24.68	0.00	226.32	-0.00	-666.00	309.49	0.00	0.00	0.00
1476226259.0 72 120209.00	997.42	23.50	-25.00	0.00	221.22	-0.00	-666.00	309.83	0.00	0.00	0.00
1476226259.0 72 120209.00	998.27	23.32	-24.84	0.00	222.49	-0.00	-666.00	309.49	0.00	0.00	0.00
1476226260.0 72 120209.00	997.42	23.50	-24.84	0.00	225.04	-0.00	-666.00	309.38	0.00	0.00	0.00
1476226261.0 72 120209.00	999.07	23.69	-24.84	0.00	228.89	-0.00	-666.00	309.72	0.00	0.00	0.00
1476226262.0 72 12020.42	23.50	-24.84	0.00	223.76	-2.33	-666.00	309.49	0.00	0.00	0.00
1476226262.0 72 120209.00	999.07	23.69	-24.84	0.00	219.96	-0.00	-666.00	309.43	0.00	0.00	0.00
1476226263.0 72 120209.00	997.42	23.50	-24.84	0.00	221.22	-0.00	-666.00	309.49	0.00	0.00	0.00
1476226264.0 72 120209.00	998.67	23.50	-24.84	0.00	219.96	-0.00	-666.00	309.38	0.00	0.00	0.00
1476226264.0 72 120209.00	999.07	23.69	-25.00	0.00	221.22	-0.00	-666.00	309.72	0.00	0.00	0.00
1476226265.0 72 120209.00	999.07	23.69	-24.68	0.00	227.60	-2.33	-666.00	309.55	0.00	0.00	0.00
1476226267.0 72 120209.00	92	23-240.00-0.00	300	0.
1476226267.0 72 12000	97	2384	0225.04	0	-69.55	0.0.0097.4.50		2210	-69.4300	012000	93.50.84		222-0.066.09.830	0..00
1476226268.0 72 129.00.42	0	-2	0.03.7600	-00	35	00.000
1476226269.0 72 120209.00	997.42	23.50	-24.68	0.00	221.22	-0.00	-666.00	309.49	0.00	0.00	0.00
1476226270.0 72 120209.00	997.82	23.69	-25.00	0.00	225.04	-0.00	-666.00	309.49	0.00	0.00	0.00
1476226270.0 72 120209.00	997.42	23.50	-24.84	0.00	221.22	-2.33	-666.00	309.43	0.00	0.00	0.00
1476226271.0 72 120209.00	998.67	23.50	-25.00	0.00	228.89	-0.00	-666.00	309.83	0.00	0.00	0.00
1476226272.0 72 120209.00	997.82	23.69	-25.00	0.00	226.32	-2.33	-666.00	309.49	473.68	0.00	0.00
1476226272.0 72 120209.00	997.82	23.69	-24.84	0.00	221.22	-0.00	-666.00	309.43	0.00	0.00	0.00
1476226273.0 72 120209.00	997.02	23.32	-24.68	0.00	225.04	-0.00	-666.00	309.43	0.00	0.00	0.00
1476226274.0 72 120209.00	997.42	23.50	-24.68	0.00	226.32	-0.00	-666.00	309.38	0.00	0.00	0.00
1476226275.0 72 120209.00	997.42	23.50	-24.68	0.00	221.22	-0.00	-666.00	309.38	0.00	0.00	0.00
1476226275.0 72 120209.00	999.07	23.69	-24.84	0.00	223.76	-0.00	-666.00	309.77	0.00	0.00	0.00
1476226276.0 72 120209.00	997.82	23.69	-25.00	0.00	225.04	-0.00	-666.00	309.38	0.00	0.00	0.00
1476226277.0 72 120209.00	999.07	23.69	-24.84	0.00	221.22	-0.00	-666.00	309.43	0.00	0.00	0.00
1476226278.0 72 .84	.22	66.0	0.0.00209.97.42	2	-240.00.49	0	-60	30	0.000	0020	99723.54.680	22	-0.666.09.5.00		0.03.50	-24.84	0.00	227.60	-0.00	-666.00	309.60	344.01	0.00	0.00
1476226278.0 72 120209.00	997.42	209.07.4250	-8	0.00	216.20	-0.00	-666.00	309.15	0.00	0.00	0.00
1476226279.0 72 120209.00	997.42	23.50	-24.84	0.00	219.96	-0.00	-666.00	309.49	0.00	0.00	0.00
1476226280.0 72 120209.00	997.42	23.50	-25.00	0.00	222.49	-0.00	-666.00	309.60	0.00	0.00	0.00
1476226280.0 72 120209.00	996.57	23.69	-24.84	0.00	221.22	-2.33	-666.00	309.15	0.00	0.00	0.00
1476226281.0 72 120209.00	998.67	23.50	-24.84	0.00	228.89	-2.33	-666.00	309.60	0.00	0.00	0.00
1476226282.0 72 120209.00	998.67	23.50	-24.84	0.00	221.22	-0.00	-666.00	309.49	0.00	0.00	0.00
1476226283.0 72 120209.00	997.42	23.50	-25.00	0.00	221.22	-0.00	-666.00	309.55	0.00	0.00	0.00
1476226283.0 72 120209.00	999.07	23.69	-25.00	0.00	223.76	-2.33	-666.00	309.38	0.00	0.00	0.00
1476226284.0 72 120209.00	999.07	23.69	-24.53	0.00	222.49	-0.00	-666.00	309.49	0.00	0.00	0.00
1476226285.0 72 120209.00	997.42	23.50	-24.84	0.00	228.89	-0.00	-666.00	309.77	0.00	0.00	0.00
1476226286.0 72 120209.00	997.82	23.69	-24.84	0.00	222.49	-0.00	-666.00	309.55	0.00	0.00	0.00
1476226286.0 72 120209.00	997.02	23.32	-24.84	0.00	219.96	-0.00	-666.00	309.32	0.00	0.00	0.00
1476226287.0 72 120209.00	998.67	23.50	-24.68	0.00	221.22	-0.00	-666.00	309.66	0.00	0.00	0.00
1476226288.0 72 120209.00	998.67	23.50	-24.84	0.00	231.48	0.68	-666.00	309.66	0.00	0.00	0.00
1476226288.0 72 120209.00	998.67	23.50	-24.68	0.00	222.49	-0.00	-666.00	309.55	0.00	0.00	0.00
1476226289.0 72 120209.00	996.17	23.50	-24.84	0.00	219.96	-0.00	-666.00	309.55	0.00	0.00	0.00
1476226290.0 72 120209.00	997.82	23.69	-24.68	0.00	228.89	-0.00	-666.00	309.83	0.00	0.00	0.00
1476226291.0 72 120209.00	997.42	23.50	-24.84	0.00	221.22	-2.33	-666.00	309.43	0.00	0.00	0.00
1476226291.0 72 120209.00	997.02	23.32	-24.84	0.00	221.22	-0.00	-666.00	309.38	0.00	0.00	0.00
1476226292.0 72 120209.00	997.42	23.50	-24.68	0.00	218.70	-0.00	-666.00	309.32	0.00	0.00	0.00
1476226293.0 72 120209.00	998.67	23.50	-24.68	0.00	227.60	-0.00	-666.00	309.43	0.00	0.00	0.00
1476226294.0 72 120209.00	997.82	23.69	-24.84	0.00	219.96	-2.33	-666.00	309.49	0.00	0.00	0.00
1476226294.0 72 120209.00	997.42	23.50	-24.84	0.00	225.04	-2.33	-666.00	309.55	0.00	0.00	0.00
1476226295.0 72 120209.00	998.67	23.50	-25.00	0.00	222.49	-0.00	-666.00	309.55	0.00	0.00	0.00
1476226296.0 72 120209.00	999.07	23.69	-24.84	0.00	226.32	-0.00	-666.00	309.77	0.00	0.00	0.00
1476226296.0 72 120209.00	998.27	23.32	-25.00	0.00	228.89	-0.00	-666.00	309.72	0.00	0.00	0.00
1476226297.0 72 120209.00	997.82	23.69	-24.84	0.00	228.89	-2.33	-666.00	309.66	0.00	0.00	0.00
1476226298.0 72 120209.00	998.67	23.50	-24.84	0.00	221.22	-0.00	-666.00	309.72	0.00	0.00	0.00
1476226299.0 72 120209.00	997.82	23.69	-24.68	0.00	221.22	-0.00	-666.00	309.49	0.00	0.00	0.00
1476226299.0 72 120209.00	998.27	23.32	-24.84	0.00	223.76	-2.33	-666.00	309.32	0.00	0.00	0.00
1476226300.0 72 120209.00	997.82	23.69	-25.00	0.00	222.49	-0.00	-666.00	309.72	0.00	0.00	0.00
1476226301.0 72 120209.00	998.67	23.50	-24.68	0.00	227.60	-0.00	-666.00	309.55	473.68	0.00	0.00
1476226302.0 72 120209.00	998.67	23.50	-25.00	0.00	219.96	3.69	-666.00	309.43	0.00	0.00	0.00
1476226302.0 72 120209.00	998.67	23.50	-24.84	0.00	219.96	-0.00	-666.00	309.43	0.00	0.00	0.00
1476226303.0 72 120209.00	997.02	23.32	-24.84	0.00	227.60	-0.00	-666.00	309.72	0.00	0.00	0.00
1476226304.0 71 120209.00	997.02	23.32	-24.84	0.00	223.76	-0.00	-666.00	309.49	0.00	0.00	0.00
1476226304.0 71 120209.00	998.27	23.32	-24.84	0.00	219.96	-0.00	-666.00	309.32	0.00	0.00	0.00
1476226305.0 71 120209.00	998.67	23.50	-24.84	0.00	226.32	-2.33	-666.00	309.72	0.00	0.00	0.00
1476226306.0 71 120209.00	997.42	23.50	-24.84	0.00	219.96	-0.00	-666.00	309.72	0.00	0.00	0.00
1476226307.0 71 120209.00	999.07	23.69	-24.84	0.00	226.32	-0.00	-666.00	309.66	0.00	0.00	0.00
1476226307.0 71 120209.00	998.67	23.50	-25.00	0.00	228.89	-0.00	-666.00	309.77	0.00	0.00	0.00
1476226308.0 71 120209.00	998.67	23.50	-24.84	1.76	231.48	-2.33	-666.00	309.66	0.00	0.00	0.00
1476226309.0 71 120209.00	997.42	23.50	-24.84	0.00	223.76	-2.33	-666.00	309.43	0.00	0.00	0.00
1476226310.0 71 120209.00	997.42	23.50	-25.00	0.00	225.04	-0.00	-666.00	309.94	0.00	0.00	0.00
1476226310.0 71 120209.00	997.42	23.50	-24.84	0.00	222.49	-0.00	-666.00	309.55	0.00	0.00	0.00
1476226311.0 71 120209.00	997.82	23.69	-24.84	0.00	219.96	-2.33	-666.00	309.43	0.00	0.00	0.00
1476226312.0 71 120209.00	997.42	23.50	-25.00	0.00	221.22	-0.00	-666.00	309.83	0.00	0.00	0.00
1476226312.0 71 120209.00	997.42	23.50	-24.84	0.00	228.89	-0.00	-666.00	309.60	0.00	0.00	0.00
1476226313.0 71 120209.00	997.42	23.50	-24.84	0.00	225.04	-0.00	-666.00	309.49	0.00	0.00	0.00
1476226314.0 71 120209.00	997.42	23.50	-24.84	0.00	219.96	-0.00	-666.00	309.43	0.00	0.00	0.00
1476226315.0 71 120209.00	997.42	23.50	-24.68	0.00	227.60	7.67	-666.00	309.60	0.00	0.00	0.00
1476226315.0 71 120209.00	997.42	23.50	-24.68	1.76	221.22	-0.00	-666.00	309.43	0.00	0.00	0.00
1476226316.0 71 120209.00	998.67	23.50	-24.84	0.00	221.22	-0.00	-666.00	309.60	0.00	0.00	0.00
1476226317.0 72 120209.00	997.82	23.69	-25.00	0.00	221.22	-0.00	-666.00	309.55	0.00	0.00	0.00
1476226317.0 72 120209.00	997.02	23.32	-24.84	0.00	227.60	0.68	-666.00	309.55	0.00	0.00	0.00
1476226318.0 72 120209.00	998.67	23.50	-24.84	0.00	223.76	-0.00	-666.00	309.43	0.00	0.00	0.00
1476226319.0 72 120209.00	997.42	23.50	-24.68	0.00	219.96	-0.00	-666.00	309.43	0.00	0.00	0.00
1476226320.0 72 120209.00	999.07	23.69	-24.84	0.00	219.96	-0.00	-666.00	309.38	0.00	0.00	0.00
1476226320.0 72 120209.00	997.42	23.50	-25.00	0.00	221.22	-0.00	-666.00	309.89	0.00	0.00	0.00
1476226321.0 72 120209.00	997.42	23.50	-24.84	0.00	230.18	-0.00	-666.00	309.60	0.00	0.00	0.00
1476226322.0 72 120209.00	997.42	23.50	-24.68	0.00	222.49	-0.00	-666.00	309.38	0.00	0.00	0.00
1476226323.0 72 120209.00	997.42	23.50	-24.84	0.00	219.96	-0.00	-666.00	309.55	0.00	0.00	0.00
1476226323.0 72 120209.00	997.42	23.50	-24.68	0.00	230.18	-2.33	-666.00	309.49	0.00	0.00	0.00
1476226324.0 72 120209.00	997.82	23.69	-24.68	0.00	222.49	-0.00	-666.00	309.49	0.00	0.00	0.00
1476226325.0 72 120209.00	997.42	23.50	-24.84	0.00	225.04	0.68	-666.00	309.49	0.00	0.00	0.00
1476226325.0 72 120209.00	997.82	23.69	-24.68	0.00	223.76	-2.33	-666.00	309.43	0.00	0.00	0.00
1476226326.0 72 120209.00	997.82	23.69	-25.00	0.00	221.22	-0.00	-666.00	309.49	0.00	0.00	0.00
1476226327.0 72 120209.00	997.42	23.50	-24.84	0.00	227.60	-0.00	-666.00	309.43	0.00	0.00	0.00
1476226328.0 72 120209.00	997.02	23.32	-24.84	0.00	219.96	-0.00	-666.00	309.49	0.00	0.00	0.00
1476226328.0 72 120209.00	997.82	23.69	-25.00	0.00	228.89	-2.33	-666.00	309.77	0.00	0.00	0.00
1476226329.0 72 120209.00	996.17	23.50	-24.84	1.76	226.32	-0.00	-666.00	309.49	0.00	0.00	0.00
1476226330.0 73 120209.00	997.02	23.32	-24.68	0.00	226.32	-0.00	-666.00	309.43	0.00	0.00	0.00
1476226331.0 73 120209.00	998.67	23.50	-25.00	0.00	219.96	-2.33	-666.00	309.60	0.00	0.00	0.00
1476226331.0 73 120209.00	997.42	23.50	-24.68	0.00	227.60	-0.00	-666.00	309.60	473.68	0.00	0.00
1476226332.0 73 120209.00	997.42	23.50	-24.84	0.00	221.22	-0.00	-666.00	309.49	0.00	0.00	0.00
1476226333.0 73 120209.00	998.67	23.50	-24.68	0.00	223.76	-2.33	-666.00	309.38	0.00	0.00	0.00
1476226333.0 73 120209.00	997.02	23.32	-24.84	0.00	230.18	-0.00	-666.00	309.72	0.00	0.00	0.00
1476226334.0 73 120209.00	998.27	23.32	-24.84	0.00	225.04	-2.33	-666.00	309.38	0.00	0.00	0.00
1476226335.0 73 120209.00	997.42	23.50	-24.84	0.00	221.22	-0.00	-666.00	309.83	0.00	0.00	0.00
1476226336.0 73 120209.00	999.07	23.69	-24.84	0.00	225.04	-2.33	-666.00	309.60	0.00	0.00	0.00
1476226336.0 73 120209.00	997.42	23.50	-24.84	0.00	225.04	-0.00	-666.00	309.49	0.00	0.00	0.00
1476226337.0 73 120209.00	998.67	23.50	-25.00	0.00	222.49	-0.00	-666.00	309.77	0.00	0.00	0.00
1476226338.0 73 120209.00	998.27	23.32	-25.00	0.00	225.04	0.68	-666.00	309.43	0.00	0.00	0.00
1476226339.0 73 120209.00	997.42	23.50	-24.84	0.00	221.22	-2.33	-666.00	309.43	0.00	0.00	0.00
1476226339.0 73 120209.00	997.42	23.50	-25.00	0.00	218.70	-0.00	-666.00	309.49	0.00	0.00	0.00
1476226340.0 73 120209.00	999.07	23.69	-24.68	0.00	226.32	-0.00	-666.00	309.60	0.00	0.00	0.00
1476226341.0 73 120209.00	997.42	23.50	-24.84	0.00	223.76	-2.33	-666.00	309.43	0.00	0.00	0.00
1476226341.0 73 120209.00	997.42	23.50	-25.00	0.00	221.22	-2.33	-666.00	309.72	0.00	0.00	0.00
1476226342.0 72 120209.00	998.67	23.50	-24.84	0.00	218.70	-0.00	-666.00	309.27	0.00	0.00	0.00
1476226343.0 72 120209.00	998.67	23.50	-24.84	0.00	226.32	-0.00	-666.00	309.83	0.00	0.00	0.00
1476226344.0 72 120209.00	998.27	23.32	-24.84	0.00	231.48	-2.33	-666.00	309.72	0.00	0.00	0.00
1476226344.0 72 120209.00	999.07	23.69	-24.68	0.00	218.70	-0.00	-666.00	309.27	0.00	0.00	0.00
1476226345.0 72 120209.00	999.07	23.69	-24.84	0.00	231.48	0.68	-666.00	309.66	0.00	0.00	0.00
1476226346.0 72 120209.00	997.02	23.32	-25.00	0.00	223.76	-0.00	-666.00	309.72	0.00	0.00	0.00
1476226347.0 72 120209.00	998.67	23.50	-24.84	0.00	228.89	-2.33	-666.00	309.60	0.00	0.00	0.00
1476226347.0 72 120209.00	999.07	23.69	-24.84	0.00	221.22	-0.00	-666.00	309.43	0.00	0.00	0.00
1476226348.0 72 120209.00	999.07	23.69	-24.84	0.00	221.22	-0.00	-666.00	309.43	0.00	0.00	0.00
1476226349.0 72 120209.00	997.02	23.32	-25.00	0.00	230.18	-0.00	-666.00	309.77	0.00	0.00	0.00
1476226349.0 72 120209.00	997.42	23.50	-24.68	0.00	226.32	-2.33	-666.00	309.49	0.00	0.00	0.00
1476226350.0 72 120209.00	997.42	23.50	-24.84	0.00	222.49	-2.33	-666.00	309.49	0.00	0.00	0.00
1476226351.0 72 120209.00	997.42	23.50	-24.84	0.00	222.49	-0.00	-666.00	309.60	0.00	0.00	0.00
1476226352.0 72 120209.00	997.82	23.69	-24.84	0.00	221.22	-0.00	-666.00	309.38	0.00	0.00	0.00
1476226352.0 72 120209.00	998.67	23.50	-25.00	0.00	221.22	-0.00	-666.00	309.72	0.00	0.00	0.00
1476226353.0 72 120209.00	998.27	23.32	-25.00	0.00	231.48	-2.33	-666.00	309.55	0.00	0.00	0.00
1476226354.0 72 120209.00	998.67	23.50	-24.84	0.00	230.18	-2.33	-666.00	309.60	0.00	0.00	0.00
1476226355.0 72 120209.00	998.67	23.50	-24.84	0.00	222.49	-0.00	-666.00	309.55	0.00	0.00	0.00
1476226355.0 72 120209.00	997.42	23.50	-24.68	0.00	221.22	-2.33	-666.00	309.43	0.00	0.00	0.00
1476226356.0 72 120209.00	997.42	23.50	-25.00	0.00	222.49	-2.33	-666.00	309.77	0.00	0.00	0.00
1476226357.0 72 120209.00	999.07	23.69	-24.84	0.00	221.22	-0.00	-666.00	309.49	0.00	0.00	0.00
1476226357.0 72 120209.00	998.67	23.50	-24.84	0.00	225.04	-0.00	-666.00	309.55	0.00	0.00	0.00
1476226358.0 72 120209.00	999.07	23.69	-24.68	0.00	226.32	0.68	-666.00	309.43	0.00	0.00	0.00
1476226359.0 72 120209.00	997.82	23.69	-25.00	0.00	221.22	-0.00	-666.00	309.83	0.00	0.00	0.00
1476226360.0 72 120209.00	998.67	23.50	-24.84	0.00	221.22	-0.00	-666.00	309.49	0.00	0.00	0.00
1476226360.0 72 120209.00	998.67	23.50	-24.84	0.00	223.76	-0.00	-666.00	309.38	0.00	0.00	0.00
1476226361.0 72 120209.00	997.42	23.50	-25.00	0.00	221.22	-0.00	-666.00	309.72	0.00	0.00	0.00
1476226362.0 72 120209.00	998.67	23.50	-25.00	0.00	222.49	-2.33	-666.00	309.43	0.00	0.00	0.00
1476226362.0 72 120209.00	997.42	23.50	-24.84	0.00	222.49	-0.00	-666.00	309.72	0.00	0.00	0.00
1476226363.0 72 120209.00	998.67	23.50	-24.84	0.00	221.22	-0.00	-666.00	309.55	0.00	0.00	0.00
1476226364.0 72 120209.00	997.42	23.50	-24.84	0.00	225.04	-0.00	-666.00	309.43	0.00	0.00	0.00
1476226365.0 72 120209.00	998.67	23.50	-24.84	0.00	221.22	-0.00	-666.00	309.72	0.00	0.00	0.00
1476226365.0 72 120209.00	998.27	23.32	-24.68	0.00	228.89	-2.33	-666.00	309.60	0.00	0.00	0.00
1476226366.0 72 120209.00	997.82	23.69	-25.00	0.00	225.04	0.68	-666.00	309.55	0.00	0.00	0.00
1476226367.0 72 120209.00	998.67	23.50	-24.84	0.00	222.49	-0.00	-666.00	309.43	0.00	0.00	0.00
1476226368.0 72 120209.00	997.82	23.69	-25.00	0.00	227.60	-0.00	-666.00	309.83	0.00	0.00	0.00
1476226368.0 72 120209.00	998.67	23.50	-24.68	0.00	226.32	-0.00	-666.00	309.43	0.00	0.00	0.00
1476226369.0 72 120209.00	997.42	23.50	-24.84	0.00	221.22	-0.00	-666.00	309.43	0.00	0.00	0.00
1476226370.0 72 120209.00	999.07	23.69	-24.84	0.00	219.96	-0.00	-666.00	309.32	0.00	0.00	0.00
1476226370.0 72 120209.00	998.27	23.32	-24.68	0.00	222.49	-0.00	-666.00	309.49	0.00	0.00	0.00
1476226371.0 72 120209.00	998.27	23.32	-24.84	0.00	225.04	-2.33	-666.00	309.72	0.00	0.00	0.00
1476226372.0 72 120209.00	998.27	23.32	-25.00	0.00	221.22	-0.00	-666.00	309.49	0.00	0.00	0.00
1476226373.0 72 120209.00	998.27	23.32	-24.84	0.00	222.49	-0.00	-666.00	309.55	0.00	0.00	0.00
1476226373.0 72 120209.00	997.42	23.50	-24.84	0.00	218.70	-0.00	-666.00	309.32	0.00	0.00	0.00
1476226374.0 72 120209.00	997.82	23.69	-24.84	0.00	227.60	-2.33	-666.00	309.66	0.00	0.00	0.00
1476226375.0 72 120209.00	997.42	23.50	-24.84	0.00	225.04	-0.00	-666.00	309.43	0.00	0.00	0.00
1476226376.0 72 120209.00	997.02	23.32	-24.84	0.00	222.49	-0.00	-666.00	309.43	0.00	0.00	0.00
1476226376.0 72 120209.00	997.82	23.69	-24.68	0.00	226.32	-2.33	-666.00	309.66	0.00	0.00	0.00
1476226377.0 72 120209.00	997.82	23.69	-24.84	0.00	226.32	-0.00	-666.00	309.55	0.00	0.00	0.00
1476226378.0 72 120209.00	998.67	23.50	-24.84	0.00	221.22	-0.00	-666.00	309.43	0.00	0.00	0.00
1476226378.0 72 120209.00	997.02	23.32	-24.84	0.00	230.18	-0.00	-666.00	309.77	0.00	0.00	0.00
1476226379.0 72 120209.00	997.42	23.50	-24.84	0.00	219.96	-0.00	-666.00	309.49	0.00	0.00	0.00
1476226380.0 73 120209.00	999.07	23.69	-24.84	0.00	227.60	-2.33	-666.00	309.43	0.00	0.00	0.00
1476226381.0 73 120209.00	995.77	23.32	-24.84	0.00	223.76	-2.33	-666.00	309.55	0.00	0.00	0.00
1476226381.0 73 120209.00	997.42	23.50	-25.00	0.00	232.78	-2.33	-666.00	309.94	0.00	0.00	0.00
1476226382.0 73 120209.00	998.67	23.50	-24.84	0.00	223.76	-0.00	-666.00	309.55	0.00	0.00	0.00
1476226383.0 73 120209.00	997.42	23.50	-24.68	0.00	232.78	-2.33	-666.00	309.83	0.00	0.00	0.00
1476226384.0 73 120209.00	999.07	23.69	-24.84	0.00	222.49	-0.00	-666.00	309.43	0.00	0.00	0.00
1476226384.0 73 120209.00	997.02	23.32	-25.16	0.00	222.49	-2.33	-666.00	309.72	0.00	0.00	0.00
1476226385.0 73 120209.00	997.42	23.50	-24.84	0.00	221.22	-0.00	-666.00	309.43	0.00	0.00	0.00
1476226386.0 73 120209.00	997.42	23.50	-24.68	0.00	222.49	-0.00	-666.00	309.49	0.00	0.00	0.00
1476226386.0 73 120209.00	997.42	23.50	-24.84	0.00	230.18	-0.00	-666.00	309.83	0.00	0.00	0.00
1476226387.0 73 120209.00	997.42	23.50	-24.84	0.00	225.04	-0.00	-666.00	309.43	0.00	0.00	0.00
1476226388.0 73 120209.00	997.42	23.50	-25.00	0.00	221.22	-0.00	-666.00	309.77	0.00	0.00	0.00
1476226389.0 73 120209.00	998.67	23.50	-24.84	0.00	223.76	0.68	-666.00	309.49	0.00	0.00	0.00
1476226389.0 73 120209.00	997.42	23.50	-24.84	0.00	223.76	-2.33	-666.00	309.38	0.00	0.00	0.00
1476226390.0 73 120209.00	997.42	23.50	-25.16	0.00	222.49	-0.00	-666.00	309.66	0.00	0.00	0.00
1476226391.0 73 120209.00	998.67	23.50	-24.68	0.00	225.04	-0.00	-666.00	309.43	0.00	0.00	0.00
1476226392.0 73 120209.00	997.42	23.50	-24.84	0.00	222.49	-2.33	-666.00	309.49	0.00	0.00	0.00
1476226392.0 72 120209.00	997.02	23.32	-24.68	0.00	214.96	-0.00	-666.00	309.10	0.00	0.00	0.00
1476226393.0 72 120209.00	998.27	23.32	-24.84	0.00	225.04	-0.00	-666.00	309.77	473.68	0.00	0.00
1476226394.0 72 120209.00	997.82	23.69	-24.84	0.00	230.18	-2.33	-666.00	309.77	0.00	0.00	0.00
1476226394.0 72 120209.00	999.07	23.69	-24.84	0.00	219.96	-0.00	-666.00	309.38	0.00	0.00	0.00
1476226395.0 72 120209.00	998.67	23.50	-24.84	0.00	222.49	-0.00	-666.00	309.49	0.00	0.00	0.00
1476226396.0 72 120209.00	997.42	23.50	-25.00	0.00	227.60	-0.00	-666.00	309.83	0.00	0.00	0.00
1476226397.0 72 120209.00	997.02	23.32	-24.84	0.00	223.76	-0.00	-666.00	309.38	0.00	0.00	0.00
1476226397.0 72 120209.00	997.42	23.50	-24.84	0.00	221.22	-0.00	-666.00	309.43	0.00	0.00	0.00
1476226398.0 72 120209.00	998.67	23.50	-25.16	0.00	221.22	-0.00	-666.00	309.49	0.00	0.00	0.00
1476226399.0 72 120209.00	997.42	23.50	-24.68	0.00	221.22	-0.00	-666.00	309.55	0.00	0.00	0.00
1476226400.0 72 120209.00	997.42	23.50	-24.68	0.00	227.60	-0.00	-666.00	309.66	0.00	0.00	0.00
1476226400.0 72 120209.00	998.67	23.50	-24.84	0.00	223.76	-0.00	-666.00	309.38	0.00	0.00	0.00
1476226401.0 72 120209.00	997.42	23.50	-24.68	0.00	221.22	-0.00	-666.00	309.43	0.00	0.00	0.00
1476226402.0 72 120209.00	997.42	23.50	-24.84	0.00	225.04	-0.00	-666.00	309.66	0.00	0.00	0.00
1476226402.0 72 120209.00	997.42	23.50	-24.84	0.00	223.76	-2.33	-666.00	309.32	0.00	0.00	0.00
1476226403.0 72 120209.00	997.82	23.69	-24.84	0.00	221.22	-0.00	-666.00	309.55	0.00	0.00	0.00
1476226404.0 72 120209.00	998.27	23.32	-24.84	0.00	228.89	-0.00	-666.00	309.55	0.00	0.00	0.00
1476226405.0 72 120209.00	997.42	23.50	-24.84	0.00	223.76	-0.00	-666.00	309.55	0.00	0.00	0.00
1476226405.0 72 120209.00	999.07	23.69	-24.84	0.00	228.89	-0.00	-666.00	309.60	0.00	0.00	0.00
1476226406.0 72 120209.00	997.82	23.69	-24.68	0.00	223.76	-2.33	-666.00	309.49	0.00	0.00	0.00
1476226407.0 72 120209.00	998.67	23.50	-24.84	0.00	230.18	-0.00	-666.00	309.83	0.00	0.00	0.00
1476226408.0 72 120209.00	999.07	23.69	-24.68	0.00	221.22	-0.00	-666.00	309.49	0.00	0.00	0.00
1476226408.0 72 120209.00	997.82	23.69	-24.84	0.00	227.60	-0.00	-666.00	309.77	0.00	0.00	0.00
1476226409.0 72 120209.00	998.27	23.32	-25.00	0.00	226.32	-0.00	-666.00	309.43	0.00	0.00	0.00
1476226410.0 72 120209.00	998.67	23.50	-25.00	0.00	221.22	-2.33	-666.00	309.77	0.00	0.00	0.00
1476226410.0 72 120209.00	997.42	23.50	-24.84	0.00	225.04	-0.00	-666.00	309.66	0.00	0.00	0.00
1476226411.0 72 120209.00	998.27	23.32	-24.84	0.00	223.76	-2.33	-666.00	309.43	0.00	0.00	0.00
1476226412.0 72 120209.00	998.67	23.50	-24.84	0.00	219.96	-0.00	-666.00	309.55	0.00	0.00	0.00
1476226413.0 72 120209.00	998.67	23.50	-24.84	0.00	228.89	-0.00	-666.00	309.66	473.68	0.00	0.00
1476226413.0 72 120209.00	997.42	23.50	-25.00	0.00	223.76	-0.00	-666.00	309.49	0.00	0.00	0.00
1476226414.0 72 120209.00	997.02	23.32	-24.68	0.00	222.49	-0.00	-666.00	309.49	0.00	0.00	0.00
1476226415.0 72 120209.00	998.67	23.50	-24.84	0.00	225.04	-2.33	-666.00	309.38	0.00	0.00	0.00
1476226415.0 72 120209.00	998.27	23.32	-24.84	0.00	221.22	-0.00	-666.00	309.43	0.00	0.00	0.00
1476226416.0 72 120209.00	997.42	23.50	-25.16	0.00	227.60	-0.00	-666.00	309.83	0.00	0.00	0.00
1476226417.0 72 120209.00	998.67	23.50	-24.84	0.00	222.49	-0.00	-666.00	309.49	0.00	0.00	0.00
1476226418.0 70 120209.00	998.67	23.50	-24.84	0.00	219.96	-0.00	-666.00	309.72	0.00	0.00	0.00
1476226418.0 70 120209.00	997.42	23.50	-24.84	0.00	227.60	0.68	-666.00	309.55	0.00	0.00	0.00
1476226419.0 70 120209.00	998.67	23.50	-24.84	0.00	223.76	-2.33	-666.00	309.49	0.00	0.00	0.00
1476226420.0 70 120209.00	997.42	23.50	-24.68	0.00	219.96	-0.00	-666.00	309.38	0.00	0.00	0.00
1476226421.0 70 120209.00	997.42	23.50	-24.84	0.00	228.89	-0.00	-666.00	309.72	0.00	0.00	0.00
1476226421.0 70 120209.00	997.82	23.69	-25.00	0.00	223.76	-0.00	-666.00	309.89	0.00	0.00	0.00
1476226422.0 70 120209.00	997.02	23.32	-25.00	0.00	225.04	-0.00	-666.00	309.66	0.00	0.00	0.00
1476226423.0 70 120209.00	998.67	23.50	-24.68	0.00	223.76	-2.33	-666.00	309.49	0.00	0.00	0.00
1476226423.0 70 120209.00	998.67	23.50	-24.84	0.00	225.04	-0.00	-666.00	309.89	0.00	0.00	0.00
1476226424.0 70 120209.00	998.67	23.50	-24.68	0.00	228.89	-2.33	-666.00	309.55	0.00	0.00	0.00
1476226425.0 70 120209.00	997.87	23.13	-24.84	0.00	227.60	-2.33	-666.00	309.77	0.00	0.00	0.00
1476226426.0 70 120209.00	997.02	23.32	-24.84	0.00	227.60	-2.33	-666.00	309.77	0.00	0.00	0.00
1476226426.0 70 120209.00	997.02	23.32	-24.84	0.00	227.60	-2.33	-666.00	309.55	0.00	0.00	0.00
1476226427.0 70 120209.00	997.82	23.69	-24.84	0.00	222.49	-0.00	-666.00	309.60	0.00	0.00	0.00
1476226428.0 70 120209.00	997.42	23.50	-25.00	0.00	230.18	-2.33	-666.00	309.66	0.00	0.00	0.00
1476226429.0 70 120209.00	997.42	23.50	-24.84	0.00	223.76	-0.00	-666.00	309.49	0.00	0.00	0.00
1476226429.0 70 120209.00	997.42	23.50	-25.00	0.00	218.70	-2.33	-666.00	309.43	0.00	0.00	0.00
1476226430.0 71 120209.00	998.67	23.50	-24.84	0.00	228.89	-0.00	-666.00	309.60	344.01	0.00	0.00
1476226431.0 71 120209.00	998.27	23.32	-24.84	0.00	221.22	-0.00	-666.00	309.38	0.00	0.00	0.00
1476226431.0 71 120209.00	997.42	23.50	-24.84	0.00	225.04	-0.00	-666.00	309.60	0.00	0.00	0.00
1476226432.0 71 120209.00	997.82	23.69	-25.00	0.00	228.89	-0.00	-666.00	309.94	0.00	0.00	0.00
1476226433.0 71 120209.00	998.67	23.50	-24.68	0.00	219.96	-0.00	-666.00	309.32	0.00	0.00	0.00
1476226434.0 71 120209.00	999.07	23.69	-24.84	0.00	223.76	-0.00	-666.00	309.43	0.00	0.00	0.00
1476226434.0 71 120209.00	999.07	23.69	-24.84	0.00	219.96	-0.00	-666.00	309.32	0.00	0.00	0.00
1476226435.0 71 120209.00	997.42	23.50	-24.84	0.00	222.49	-0.00	-666.00	309.66	0.00	0.00	0.00
1476226436.0 71 120209.00	997.02	23.32	-24.84	0.00	230.18	-0.00	-666.00	309.55	0.00	0.00	0.00
1476226437.0 71 120209.00	997.42	23.50	-24.84	0.00	223.76	-2.33	-666.00	309.43	0.00	0.00	0.00
1476226437.0 71 120209.00	998.67	23.50	-24.84	0.00	219.96	-0.00	-666.00	309.43	0.00	0.00	0.00
1476226438.0 71 120209.00	998.67	23.50	-24.84	0.00	226.32	-0.00	-666.00	309.72	0.00	0.00	0.00
1476226439.0 71 120209.00	998.27	23.32	-24.84	0.00	223.76	-0.00	-666.00	309.43	0.00	0.00	0.00
1476226439.0 71 120209.00	997.42	23.50	-24.84	0.00	221.22	-0.00	-666.00	309.72	0.00	0.00	0.00
1476226440.0 71 120209.00	997.02	23.32	-25.00	0.00	222.49	-0.00	-666.00	309.66	0.00	0.00	0.00
1476226441.0 71 120209.00	998.27	23.32	-24.68	0.00	223.76	-0.00	-666.00	309.49	0.00	0.00	0.00
1476226442.0 71 120209.00	997.42	23.50	-24.84	0.00	222.49	-0.00	-666.00	309.43	0.00	0.00	0.00
1476226442.0 71 120209.00	998.67	23.50	-25.00	0.00	228.89	-0.00	-666.00	309.77	0.00	0.00	0.00
1476226443.0 72 120209.00	998.67	23.50	-24.84	0.00	219.96	-0.00	-666.00	309.60	0.00	0.00	0.00
1476226444.0 72 120209.00	997.42	23.50	-24.84	0.00	228.89	0.68	-666.00	309.72	0.00	0.00	0.00
1476226445.0 72 120209.00	997.82	23.69	-24.68	0.00	228.89	-2.33	-666.00	309.55	473.68	0.00	0.00
1476226445.0 72 120209.00	997.42	23.50	-25.00	0.00	219.96	-0.00	-666.00	309.38	0.00	0.00	0.00
1476226446.0 72 120209.00	997.42	23.50	-24.84	0.00	221.22	-0.00	-666.00	309.43	0.00	0.00	0.00
1476226447.0 72 120209.00	997.42	23.50	-24.84	0.00	227.60	-2.33	-666.00	309.55	0.00	0.00	0.00
1476226447.0 72 120209.00	998.67	23.50	-24.84	0.00	221.22	-2.33	-666.00	309.43	0.00	0.00	0.00
1476226448.0 72 120209.00	997.42	23.50	-24.84	0.00	222.49	-0.00	-666.00	309.83	0.00	0.00	0.00
1476226449.0 72 120209.00	997.02	23.32	-24.84	0.00	225.04	-0.00	-666.00	309.60	0.00	0.00	0.00
1476226450.0 72 120209.00	997.82	23.69	-24.68	0.00	223.76	-0.00	-666.00	309.43	0.00	0.00	0.00
1476226450.0 72 120209.00	998.27	23.32	-24.84	0.00	222.49	-2.33	-666.00	309.66	0.00	0.00	0.00
1476226451.0 72 120209.00	997.42	23.50	-24.84	0.00	228.89	-0.00	-666.00	309.60	0.00	0.00	0.00
1476226452.0 72 120209.00	998.67	23.50	-25.00	0.00	222.49	-2.33	-666.00	309.83	0.00	0.00	0.00
1476226452.0 72 120209.00	998.67	23.50	-24.84	0.00	221.22	-0.00	-666.00	309.49	0.00	0.00	0.00
1476226453.0 72 120209.00	997.42	23.50	-24.84	0.00	221.22	-0.00	-666.00	309.43	0.00	0.00	0.00
1476226454.0 72 120209.00	998.67	23.50	-25.00	0.00	221.22	-0.00	-666.00	309.77	0.00	0.00	0.00
1476226455.0 72 120209.00	997.42	23.50	-24.84	0.00	221.22	-2.33	-666.00	309.43	0.00	0.00	0.00
1476226455.0 72 120209.00	997.42	23.50	-24.84	0.00	222.49	-0.00	-666.00	309.77	0.00	0.00	0.00
1476226456.0 70 120209.00	995.77	23.32	-24.68	0.00	218.70	-0.00	-666.00	309.27	0.00	0.00	0.00
1476226457.0 70 120209.00	997.42	23.50	-25.00	0.00	227.60	-2.33	-666.00	309.55	0.00	0.00	0.00
1476226458.0 70 120209.00	998.67	23.50	-24.84	0.00	222.49	-0.00	-666.00	309.43	0.00	0.00	0.00
1476226458.0 70 120209.00	997.42	23.50	-24.68	0.00	218.70	-0.00	-666.00	309.32	0.00	0.00	0.00
1476226459.0 70 120209.00	997.02	23.32	-24.68	0.00	225.04	-0.00	-666.00	309.55	0.00	0.00	0.00
1476226460.0 70 120209.00	998.67	23.50	-24.68	0.00	222.49	-0.00	-666.00	309.83	0.00	0.00	0.00
1476226460.0 70 120209.00	997.02	23.32	-24.68	0.00	235.40	-0.00	-666.00	309.60	344.01	0.00	0.00
1476226461.0 70 120209.00	997.42	23.50	-24.84	0.00	222.49	-2.33	-666.00	309.60	0.00	0.00	0.00
1476226462.0 70 120209.00	997.87	23.13	-24.68	0.00	225.04	-2.33	-666.00	309.66	0.00	0.00	0.00
1476226463.0 70 120209.00	997.42	23.50	-24.84	0.00	222.49	-0.00	-666.00	309.38	0.00	0.00	0.00
1476226463.0 70 120209.00	997.82	23.69	-25.00	0.00	222.49	-0.00	-666.00	309.60	0.00	0.00	0.00
1476226464.0 70 120209.00	997.82	23.69	-24.68	0.00	228.89	-0.00	-666.00	309.66	0.00	0.00	0.00
1476226465.0 70 120209.00	997.82	23.69	-25.00	0.00	221.22	-0.00	-666.00	309.83	0.00	0.00	0.00
1476226466.0 70 120209.00	998.27	23.32	-25.00	0.00	222.49	-0.00	-666.00	309.60	0.00	0.00	0.00
1476226466.0 70 120209.00	998.67	23.50	-24.84	0.00	225.04	-2.33	-666.00	309.38	0.00	0.00	0.00
1476226467.0 70 120209.00	997.02	23.32	-24.84	0.00	221.22	-0.00	-666.00	309.38	0.00	0.00	0.00
1476226468.0 70 120209.00	998.67	23.50	-24.68	0.00	228.89	-2.33	-666.00	309.60	344.01	0.00	0.00
1476226468.0 72 120209.00	997.42	23.50	-24.84	0.00	226.32	-0.00	-666.00	309.55	0.00	0.00	0.00
1476226469.0 72 120209.00	997.42	23.50	-24.84	1.76	223.76	-0.00	-666.00	309.43	0.00	0.00	0.00
1476226470.0 72 120209.00	997.02	23.32	-24.84	0.00	221.22	-2.33	-666.00	309.43	0.00	0.00	0.00
1476226471.0 72 120209.00	997.42	23.50	-25.00	0.00	221.22	-0.00	-666.00	309.72	0.00	0.00	0.00
1476226471.0 72 120209.00	999.07	23.69	-24.84	0.00	231.48	-0.00	-666.00	309.89	0.00	0.00	0.00
1476226472.0 72 120209.00	998.67	23.50	-24.84	0.00	219.96	-0.00	-666.00	309.43	0.00	0.00	0.00
1476226473.0 72 120209.00	997.02	23.32	-24.84	0.00	231.48	-0.00	-666.00	309.83	0.00	0.00	0.00
1476226474.0 72 120209.00	997.02	23.32	-24.84	0.00	227.60	-2.33	-666.00	309.55	0.00	0.00	0.00
1476226474.0 72 120209.00	997.42	23.50	-24.68	0.00	223.76	-0.00	-666.00	309.55	0.00	0.00	0.00
1476226475.0 72 120209.00	997.42	23.50	-24.84	0.00	219.96	-0.00	-666.00	309.43	0.00	0.00	0.00
1476226476.0 72 120209.00	997.42	23.50	-24.84	0.00	222.49	-0.00	-666.00	309.43	0.00	0.00	0.00
1476226476.0 72 120209.00	997.82	23.69	-24.84	0.00	226.32	-0.00	-666.00	309.77	0.00	0.00	0.00
1476226477.0 72 120209.00	999.07	23.69	-24.84	0.00	228.89	3.69	-666.00	309.66	0.00	0.00	0.00
1476226478.0 72 120209.00	997.42	23.50	-24.84	0.00	222.49	-0.00	-666.00	309.55	0.00	0.00	0.00
1476226479.0 72 120209.00	997.02	23.32	-24.84	0.00	219.96	-0.00	-666.00	309.43	473.68	0.00	0.00
1476226479.0 72 120209.00	997.42	23.50	-24.84	1.76	225.04	-2.33	-666.00	309.49	0.00	0.00	0.00
1476226480.0 72 120209.00	997.02	23.32	-24.84	0.00	221.22	-0.00	-666.00	309.43	0.00	0.00	0.00
1476226481.0 72 120209.00	999.07	23.69	-24.84	0.00	221.22	-2.33	-666.00	309.38	0.00	0.00	0.00
1476226482.0 72 120209.00	997.42	23.50	-24.84	1.76	219.96	-0.00	-666.00	309.38	0.00	0.00	0.00
1476226482.0 72 120209.00	998.67	23.50	-24.84	0.00	219.96	-2.33	-666.00	309.77	0.00	0.00	0.00
1476226483.0 72 120209.00	997.42	23.50	-24.68	0.00	227.60	-2.33	-666.00	309.60	0.00	0.00	0.00
1476226484.0 72 120209.00	997.42	23.50	-25.00	0.00	225.04	-0.00	-666.00	309.72	0.00	0.00	0.00
1476226484.0 72 120209.00	998.67	23.50	-24.84	0.00	235.40	0.68	-666.00	309.60	0.00	0.00	0.00
1476226485.0 72 120209.00	997.02	23.32	-24.84	0.00	221.22	-0.00	-666.00	309.43	0.00	0.00	0.00
1476226486.0 72 120209.00	997.42	23.50	-24.84	0.00	232.78	-2.33	-666.00	309.72	0.00	0.00	0.00
1476226487.0 72 120209.00	998.67	23.50	-24.84	0.00	221.22	-0.00	-666.00	309.49	0.00	0.00	0.00
1476226487.0 72 120209.00	997.42	23.50	-24.84	0.00	219.96	-0.00	-666.00	309.38	0.00	0.00	0.00
1476226488.0 72 120209.00	997.42	23.50	-24.84	0.00	228.89	-0.00	-666.00	309.72	0.00	0.00	0.00
1476226489.0 72 120209.00	997.42	23.50	-25.00	0.00	223.76	-2.33	-666.00	309.55	0.00	0.00	0.00
1476226490.0 72 120209.00	997.02	23.32	-24.68	0.00	223.76	-2.33	-666.00	309.55	0.00	0.00	0.00
1476226490.0 72 120209.00	999.07	23.69	-24.68	0.00	226.32	-0.00	-666.00	309.66	0.00	0.00	0.00
1476226491.0 72 120209.00	997.42	23.50	-24.68	1.76	225.04	-0.00	-666.00	309.43	0.00	0.00	0.00
1476226492.0 72 120209.00	997.42	23.50	-25.16	0.00	221.22	-2.33	-666.00	309.72	0.00	0.00	0.00
1476226492.0 72 120209.00	998.67	23.50	-24.68	0.00	228.89	-2.33	-666.00	309.83	0.00	0.00	0.00
1476226493.0 72 120209.00	997.42	23.50	-24.68	0.00	222.49	-0.00	-666.00	309.60	0.00	0.00	0.00
1476226494.0 72 120209.00	997.42	23.50	-25.00	0.00	219.96	-0.00	-666.00	309.38	0.00	0.00	0.00
1476226495.0 72 120209.00	999.07	23.69	-24.84	0.00	225.04	-0.00	-666.00	309.60	0.00	0.00	0.00
1476226495.0 72 120209.00	997.42	23.50	-24.84	0.00	219.96	-2.33	-666.00	309.43	0.00	0.00	0.00
1476226496.0 72 120209.00	997.42	23.50	-24.84	0.00	218.70	-0.00	-666.00	309.27	0.00	0.00	0.00
1476226497.0 72 120209.00	998.67	23.50	-24.84	0.00	230.18	-2.33	-666.00	309.72	0.00	0.00	0.00
1476226498.0 72 120209.00	997.82	23.69	-24.84	0.00	226.32	-0.00	-666.00	309.43	0.00	0.00	0.00
1476226498.0 72 120209.00	998.67	23.50	-24.84	0.00	225.04	-0.00	-666.00	309.55	0.00	0.00	0.00
1476226499.0 72 120209.00	997.42	23.50	-25.00	0.00	230.18	-0.00	-666.00	309.83	0.00	0.00	0.00
1476226500.0 72 120209.00	997.42	23.50	-24.84	0.00	221.22	-2.33	-666.00	309.55	0.00	0.00	0.00
1476226500.0 72 120209.00	997.42	23.50	-24.84	0.00	222.49	-0.00	-666.00	309.49	0.00	0.00	0.00
1476226501.0 72 120209.00	997.42	23.50	-25.00	0.00	222.49	-0.00	-666.00	309.77	0.00	0.00	0.00
1476226502.0 72 120209.00	997.42	23.50	-24.68	0.00	230.18	-0.00	-666.00	309.55	0.00	0.00	0.00
1476226503.0 72 120209.00	997.42	23.50	-25.00	0.00	221.22	-0.00	-666.00	309.49	0.00	0.00	0.00
1476226503.0 72 120209.00	998.27	23.32	-24.84	0.00	219.96	-2.33	-666.00	309.43	0.00	0.00	0.00
1476226504.0 72 120209.00	997.42	23.50	-24.68	0.00	228.89	-2.33	-666.00	309.66	0.00	0.00	0.00
1476226505.0 72 120209.00	997.42	23.50	-25.00	0.00	221.22	-0.00	-666.00	309.43	0.00	0.00	0.00
1476226505.0 72 120209.00	998.67	23.50	-25.00	0.00	221.22	-0.00	-666.00	309.77	0.00	0.00	0.00
1476226506.0 72 120209.00	998.67	23.50	-24.84	0.00	222.49	-0.00	-666.00	309.49	0.00	0.00	0.00
1476226507.0 72 120209.00	998.27	23.32	-25.00	0.00	225.04	-0.00	-666.00	309.89	0.00	0.00	0.00
1476226508.0 72 120209.00	999.07	23.69	-24.68	0.00	228.89	-0.00	-666.00	309.66	0.00	0.00	0.00
1476226508.0 72 120209.00	997.42	23.50	-24.68	0.00	226.32	-2.33	-666.00	309.55	473.68	0.00	0.00
1476226509.0 72 120209.00	997.82	23.69	-24.84	0.00	225.04	-0.00	-666.00	309.49	0.00	0.00	0.00
1476226510.0 72 120209.00	997.42	23.50	-25.00	0.00	228.89	-2.33	-666.00	309.77	0.00	0.00	0.00
1476226511.0 72 120209.00	998.67	23.50	-24.84	0.00	226.32	-2.33	-666.00	309.38	0.00	0.00	0.00
1476226511.0 72 120209.00	999.07	23.69	-24.84	0.00	222.49	-0.00	-666.00	309.43	0.00	0.00	0.00
1476226512.0 72 120209.00	997.82	23.69	-24.84	0.00	221.22	-0.00	-666.00	309.55	0.00	0.00	0.00
1476226513.0 72 120209.00	998.67	23.50	-24.84	0.00	219.96	-2.33	-666.00	309.38	0.00	0.00	0.00
1476226513.0 72 120209.00	999.07	23.69	-24.84	0.00	227.60	-0.00	-666.00	309.72	0.00	0.00	0.00
1476226514.0 72 120209.00	997.42	23.50	-24.68	0.00	225.04	-0.00	-666.00	309.55	0.00	0.00	0.00
1476226515.0 72 120209.00	997.42	23.50	-25.16	0.00	221.22	-0.00	-666.00	309.83	0.00	0.00	0.00
1476226516.0 72 120209.00	998.67	23.50	-25.00	0.00	221.22	-0.00	-666.00	309.83	0.00	0.00	0.00
1476226516.0 72 120209.00	997.42	23.50	-24.68	0.00	225.04	-0.00	-666.00	309.49	0.00	0.00	0.00
1476226517.0 72 120209.00	997.82	23.69	-24.68	0.00	223.76	-0.00	-666.00	309.43	0.00	0.00	0.00
1476226518.0 72 120209.00	997.42	23.50	-24.68	0.00	228.89	-0.00	-666.00	309.49	0.00	0.00	0.00
1476226519.0 72 120209.00	997.02	23.32	-24.84	0.00	222.49	-0.00	-666.00	309.43	0.00	0.00	0.00
1476226519.0 71 120209.00	998.67	23.50	-24.68	0.00	226.32	-0.00	-666.00	309.60	0.00	0.00	0.00
1476226520.0 71 120209.00	997.02	23.32	-25.00	0.00	219.96	-0.00	-666.00	309.60	0.00	0.00	0.00
1476226521.0 71 120209.00	997.02	23.32	-24.84	0.00	231.48	-0.00	-666.00	309.66	0.00	0.00	0.00
1476226521.0 71 120209.00	997.42	23.50	-25.00	0.00	221.22	-0.00	-666.00	309.49	0.00	0.00	0.00
1476226522.0 71 120209.00	997.42	23.50	-24.68	0.00	226.32	-0.00	-666.00	309.77	0.00	0.00	0.00
1476226523.0 71 120209.00	997.42	23.50	-24.84	0.00	223.76	-0.00	-666.00	309.60	0.00	0.00	0.00
1476226524.0 71 120209.00	997.42	23.50	-24.84	0.00	231.48	-0.00	-666.00	309.77	0.00	0.00	0.00
1476226524.0 71 120209.00	998.27	23.32	-24.84	0.00	228.89	-2.33	-666.00	309.60	0.00	0.00	0.00
1476226525.0 71 120209.00	997.42	23.50	-24.68	0.00	221.22	-2.33	-666.00	309.49	0.00	0.00	0.00
1476226526.0 71 120209.00	997.42	23.50	-25.00	0.00	225.04	-2.33	-666.00	309.66	0.00	0.00	0.00
1476226527.0 71 120209.00	997.42	23.50	-24.84	0.00	228.89	-0.00	-666.00	309.49	0.00	0.00	0.00
1476226527.0 71 120209.00	997.82	23.69	-24.84	0.00	222.49	4.66	-666.00	309.49	0.00	0.00	0.00
1476226528.0 71 120209.00	997.82	23.69	-25.00	0.00	222.49	-2.33	-666.00	309.77	0.00	0.00	0.00
1476226529.0 71 120209.00	997.42	23.50	-24.84	0.00	222.49	-0.00	-666.00	309.55	0.00	0.00	0.00
1476226529.0 71 120209.00	998.67	23.50	-24.84	0.00	218.70	-0.00	-666.00	309.38	0.00	0.00	0.00
1476226530.0 71 120209.00	999.07	23.69	-25.00	0.00	222.49	-0.00	-666.00	309.72	0.00	0.00	0.00
1476226531.0 71 120209.00	997.42	23.50	-24.68	0.00	221.22	-0.00	-666.00	309.49	0.00	0.00	0.00
1476226532.0 72 120209.00	997.42	23.50	-24.84	0.00	226.32	-0.00	-666.00	309.43	0.00	0.00	0.00
1476226532.0 72 120209.00	997.42	23.50	-24.84	0.00	221.22	-0.00	-666.00	309.38	0.00	0.00	0.00
1476226533.0 72 120209.00	997.42	23.50	-24.84	0.00	225.04	-0.00	-666.00	309.66	0.00	0.00	0.00
1476226534.0 72 120209.00	997.02	23.32	-24.84	0.00	222.49	-2.33	-666.00	309.43	0.00	0.00	0.00
1476226535.0 72 120209.00	998.67	23.50	-24.68	0.00	218.70	-0.00	-666.00	309.32	0.00	0.00	0.00
1476226535.0 72 120209.00	997.42	23.50	-24.84	0.00	219.96	-0.00	-666.00	309.32	0.00	0.00	0.00
1476226536.0 72 120209.00	997.82	23.69	-24.84	0.00	219.96	-0.00	-666.00	309.77	0.00	0.00	0.00
1476226537.0 72 120209.00	997.42	23.50	-24.84	0.00	225.04	-0.00	-666.00	309.43	0.00	0.00	0.00
1476226537.0 72 120209.00	997.02	23.32	-24.68	0.00	222.49	-0.00	-666.00	309.49	0.00	0.00	0.00
1476226538.0 72 120209.00	996.17	23.50	-25.00	0.00	219.96	-2.33	-666.00	309.49	0.00	0.00	0.00
1476226539.0 72 120209.00	997.02	23.32	-24.84	0.00	230.18	0.68	-666.00	309.55	0.00	0.00	0.00
1476226540.0 72 120209.00	997.42	23.50	-24.84	0.00	222.49	-0.00	-666.00	309.43	0.00	0.00	0.00
1476226540.0 72 120209.00	997.02	23.32	-25.00	0.00	221.22	-2.33	-666.00	309.77	0.00	0.00	0.00
1476226541.0 72 120209.00	997.42	23.50	-25.00	0.00	225.04	-2.33	-666.00	309.55	0.00	0.00	0.00
1476226542.0 72 120209.00	997.42	23.50	-24.68	0.00	225.04	-2.33	-666.00	309.43	0.00	0.00	0.00
1476226543.0 72 120209.00	998.67	23.50	-25.00	0.00	219.96	-0.00	-666.00	309.60	0.00	0.00	0.00
1476226543.0 72 120209.00	997.82	23.69	-25.00	0.00	226.32	-0.00	-666.00	309.66	0.00	0.00	0.00
1476226544.0 72 120209.00	997.42	23.50	-24.84	0.00	222.49	-0.00	-666.00	309.55	0.00	0.00	0.00
1476226545.0 72 120209.00	997.02	23.32	-24.84	0.00	225.04	-0.00	-666.00	309.49	0.00	0.00	0.00
1476226545.0 72 120209.00	997.42	23.50	-24.84	0.00	219.96	-0.00	-666.00	309.38	0.00	0.00	0.00
1476226546.0 72 120209.00	997.42	23.50	-24.84	0.00	219.96	-0.00	-666.00	309.66	0.00	0.00	0.00
1476226547.0 72 120209.00	997.82	23.69	-24.84	0.00	223.76	-0.00	-666.00	309.66	0.00	0.00	0.00
1476226548.0 72 120209.00	997.42	23.50	-24.84	0.00	225.04	-0.00	-666.00	309.55	0.00	0.00	0.00
1476226548.0 72 120209.00	997.42	23.50	-24.84	0.00	221.22	-2.33	-666.00	309.43	0.00	0.00	0.00
1476226549.0 72 120209.00	998.67	23.50	-24.84	0.00	221.22	-0.00	-666.00	309.66	0.00	0.00	0.00
1476226550.0 72 120209.00	998.27	23.32	-24.68	0.00	222.49	-2.33	-666.00	309.55	0.00	0.00	0.00
1476226550.0 72 120209.00	997.42	23.50	-24.84	0.00	225.04	-0.00	-666.00	309.43	0.00	0.00	0.00
1476226551.0 72 120209.00	997.02	23.32	-25.16	0.00	221.22	-0.00	-666.00	309.60	0.00	0.00	0.00
1476226552.0 72 120209.00	997.42	23.50	-24.84	0.00	228.89	-0.00	-666.00	309.66	0.00	0.00	0.00
1476226553.0 72 120209.00	997.42	23.50	-24.84	0.00	221.22	-0.00	-666.00	309.66	0.00	0.00	0.00
1476226553.0 72 120209.00	997.82	23.69	-24.68	0.00	221.22	-2.33	-666.00	309.43	0.00	0.00	0.00
1476226554.0 72 120209.00	997.42	23.50	-24.84	0.00	221.22	-0.00	-666.00	309.38	0.00	0.00	0.00
1476226555.0 72 120209.00	996.17	23.50	-24.84	0.00	222.49	-0.00	-666.00	309.66	0.00	0.00	0.00
1476226556.0 72 120209.00	997.42	23.50	-25.00	0.00	228.89	-0.00	-666.00	309.60	473.68	0.00	0.00
1476226556.0 100 120209.00	997.82	23.69	-25.00	0.00	223.76	-0.00	-666.00	309.72	0.00	0.00	0.00
1476226557.0 100 120209.00	999.07	23.69	-24.84	0.00	227.60	-0.00	-666.00	309.49	0.00	0.00	0.00
1476226558.0 100 120209.00	998.67	23.50	-24.84	0.00	226.32	-0.00	-666.00	309.49	0.00	0.00	0.00
1476226558.0 100 120209.00	999.07	23.69	-24.84	0.00	225.04	-0.00	-666.00	309.55	0.00	0.00	0.00
1476226559.0 100 120209.00	997.82	23.69	-24.84	0.00	221.22	-0.00	-666.00	309.43	0.00	0.00	0.00
1476226560.0 100 120209.00	998.27	23.32	-25.00	0.00	219.96	-0.00	-666.00	309.60	0.00	0.00	0.00
1476226561.0 100 120209.00	998.67	23.50	-25.00	0.00	221.22	-0.00	-666.00	309.49	0.00	0.00	0.00
1476226561.0 100 120209.00	997.42	23.50	-25.00	0.00	222.49	-0.00	-666.00	309.66	0.00	0.00	0.00
1476226562.0 100 120209.00	997.82	23.69	-24.84	0.00	226.32	-0.00	-666.00	309.55	0.00	0.00	0.00
1476226563.0 100 120209.00	997.42	23.50	-24.68	0.00	222.49	-2.33	-666.00	309.49	0.00	0.00	0.00
1476226564.0 100 120209.00	998.67	23.50	-25.00	0.00	221.22	-0.00	-666.00	309.43	0.00	0.00	0.00
1476226564.0 100 120209.00	999.07	23.69	-25.00	0.00	225.04	-0.00	-666.00	309.55	473.68	0.00	0.00
1476226565.0 100 120209.00	999.07	23.69	-24.84	0.00	223.76	-0.00	-666.00	309.60	0.00	0.00	0.00
1476226566.0 100 120209.00	997.82	23.69	-25.00	0.00	227.60	-0.00	-666.00	309.72	0.00	0.00	0.00
1476226566.0 100 120209.00	998.67	23.50	-25.00	0.00	223.76	-0.00	-666.00	309.43	473.68	0.00	0.00
1476226567.0 100 120209.00	999.07	23.69	-24.84	0.00	218.70	-0.00	-666.00	309.43	0.00	0.00	0.00
1476226568.0 100 120209.00	998.27	23.32	-25.00	0.00	219.96	-2.33	-666.00	309.55	0.00	0.00	0.00
1476226569.0 100 120209.00	998.67	23.50	-24.84	0.00	227.60	-0.00	-666.00	309.60	0.00	0.00	0.00
1476226569.0 100 120209.00	997.42	23.50	-24.68	0.00	222.49	-0.00	-666.00	309.43	0.00	0.00	0.00
1476226570.0 100 120209.00	997.42	23.50	-24.84	0.00	222.49	-0.00	-666.00	309.49	0.00	0.00	0.00
1476226571.0 100 120209.00	998.67	23.50	-24.84	0.00	225.04	-0.00	-666.00	309.43	0.00	0.00	0.00
1476226572.0 100 120209.00	996.17	23.50	-25.00	0.00	223.76	-0.00	-666.00	309.72	0.00	0.00	0.00
1476226572.0 100 120209.00	997.42	23.50	-24.84	0.00	219.96	-2.33	-666.00	309.49	0.00	0.00	0.00
1476226573.0 100 120209.00	998.27	23.32	-24.68	0.00	223.76	-0.00	-666.00	309.38	0.00	0.00	0.00
1476226574.0 100 120209.00	997.82	23.69	-24.84	0.00	223.76	-0.00	-666.00	309.49	0.00	0.00	0.00
1476226574.0 100 120209.00	999.07	23.69	-24.84	0.00	226.32	-0.00	-666.00	309.72	0.00	0.00	0.00
1476226575.0 100 120209.00	998.67	23.50	-24.84	0.00	222.49	-0.00	-666.00	309.55	0.00	0.00	0.00
1476226576.0 100 120209.00	997.02	23.32	-24.84	0.00	219.96	-0.00	-666.00	309.43	0.00	0.00	0.00
1476226577.0 100 120209.00	997.42	23.50	-24.84	0.00	227.60	-0.00	-666.00	309.55	0.00	0.00	0.00
1476226577.0 100 120209.00	998.67	23.50	-24.84	0.00	227.60	-2.33	-666.00	309.55	0.00	0.00	0.00
1476226578.0 100 120209.00	997.42	23.50	-24.84	0.00	221.22	-0.00	-666.00	309.49	0.00	0.00	0.00
1476226579.0 100 120209.00	998.27	23.32	-24.84	0.00	223.76	-0.00	-666.00	309.49	0.00	0.00	0.00
1476226580.0 100 120209.00	997.82	23.69	-24.68	0.00	216.20	-2.33	-666.00	309.15	0.00	0.00	0.00
1476226580.0 100 120209.00	997.82	23.69	-25.00	0.00	219.96	-0.00	-666.00	309.60	0.00	0.00	0.00
1476226581.0 100 120209.00	997.42	23.50	-24.84	0.00	223.76	-0.00	-666.00	309.60	0.00	0.00	0.00
1476226582.0 100 120209.00	997.42	23.50	-24.84	0.00	222.49	-0.00	-666.00	309.66	0.00	0.00	0.00
1476226582.0 100 120209.00	997.82	23.69	-25.00	0.00	226.32	-0.00	-666.00	309.77	0.00	0.00	0.00
1476226583.0 100 120209.00	997.82	23.69	-24.84	0.00	222.49	-0.00	-666.00	309.49	0.00	0.00	0.00
1476226584.0 100 120209.00	997.82	23.69	-24.84	0.00	219.96	-0.00	-666.00	309.38	0.00	0.00	0.00
1476226585.0 100 120209.00	997.82	23.69	-24.68	0.00	226.32	-0.00	-666.00	309.55	0.00	0.00	0.00
1476226585.0 100 120209.00	997.42	23.50	-24.84	0.00	225.04	-0.00	-666.00	309.49	0.00	0.00	0.00
1476226586.0 100 120209.00	997.42	23.50	-24.84	0.00	223.76	-0.00	-666.00	309.49	0.00	0.00	0.00
1476226587.0 100 120209.00	999.07	23.69	-24.84	0.00	221.22	-0.00	-666.00	309.43	0.00	0.00	0.00
1476226588.0 100 120209.00	997.42	23.50	-25.00	0.00	223.76	-2.33	-666.00	309.60	0.00	0.00	0.00
1476226588.0 100 120209.00	997.02	23.32	-25.00	0.00	222.49	-2.33	-666.00	309.43	0.00	0.00	0.00
1476226589.0 100 120209.00	998.67	23.50	-24.68	0.00	225.04	-2.33	-666.00	309.66	0.00	0.00	0.00
1476226590.0 100 120209.00	998.67	23.50	-24.84	0.00	223.76	0.68	-666.00	309.55	0.00	0.00	0.00
1476226590.0 100 120209.00	996.17	23.50	-24.84	0.00	222.49	-0.00	-666.00	309.49	0.00	0.00	0.00
1476226591.0 100 120209.00	997.02	23.32	-24.68	0.00	219.96	-0.00	-666.00	309.43	0.00	0.00	0.00
1476226592.0 100 120209.00	997.42	23.50	-25.00	0.00	226.32	-2.33	-666.00	309.66	0.00	0.00	0.00
1476226593.0 100 120209.00	999.07	23.69	-24.68	0.00	219.96	-0.00	-666.00	309.43	0.00	0.00	0.00
1476226593.0 100 120209.00	999.07	23.69	-24.84	0.00	221.22	-0.00	-666.00	309.38	0.00	0.00	0.00
1476226594.0 100 120209.00	997.02	23.32	-24.68	0.00	225.04	-0.00	-666.00	309.49	0.00	0.00	0.00
1476226595.0 100 120209.00	997.82	23.69	-24.84	0.00	226.32	0.68	-666.00	309.43	0.00	0.00	0.00
1476226596.0 100 120209.00	997.82	23.69	-24.84	0.00	223.76	-0.00	-666.00	309.43	0.00	0.00	0.00
1476226596.0 100 120209.00	997.82	23.69	-24.84	0.00	218.70	-0.00	-666.00	309.43	0.00	0.00	0.00
1476226597.0 100 120209.00	999.07	23.69	-24.84	0.00	225.04	-0.00	-666.00	309.66	0.00	0.00	0.00
1476226598.0 100 120209.00	997.82	23.69	-25.00	0.00	222.49	-0.00	-666.00	309.49	0.00	0.00	0.00
1476226598.0 100 120209.00	999.07	23.69	-25.00	0.00	222.49	-0.00	-666.00	309.83	0.00	0.00	0.00
1476226599.0 100 120209.00	997.82	23.69	-24.84	0.00	222.49	-2.33	-666.00	309.49	0.00	0.00	0.00
1476226600.0 100 120209.00	997.42	23.50	-24.84	0.00	221.22	-0.00	-666.00	309.38	0.00	0.00	0.00
1476226601.0 100 120209.00	998.67	23.50	-24.68	0.00	222.49	-0.00	-666.00	309.66	0.00	0.00	0.00
1476226601.0 100 120209.00	997.82	23.69	-24.68	0.00	228.89	-2.33	-666.00	309.55	0.00	0.00	0.00
1476226602.0 100 120209.00	997.42	23.50	-24.84	0.00	222.49	-2.33	-666.00	309.43	0.00	0.00	0.00
1476226603.0 100 120209.00	998.67	23.50	-25.00	0.00	216.20	-0.00	-666.00	309.10	0.00	0.00	0.00
1476226603.0 100 120209.00	996.57	23.69	-25.00	0.00	221.22	-0.00	-666.00	309.60	0.00	0.00	0.00
1476226604.0 100 120209.00	999.07	23.69	-25.00	0.00	228.89	0.68	-666.00	309.72	0.00	0.00	0.00
1476226605.0 100 120209.00	998.27	23.32	-24.84	0.00	219.96	-2.33	-666.00	309.43	0.00	0.00	0.00
1476226606.0 100 120209.00	997.82	23.69	-24.84	0.00	228.89	-2.33	-666.00	309.66	0.00	0.00	0.00
1476226606.0 100 120209.00	999.07	23.69	-24.84	0.00	222.49	-0.00	-666.00	309.55	0.00	0.00	0.00
1476226607.0 100 120209.00	997.82	23.69	-24.84	0.00	225.04	-0.00	-666.00	309.83	0.00	0.00	0.00
1476226608.0 100 120209.00	998.67	23.50	-24.84	0.00	222.49	-0.00	-666.00	309.66	0.00	0.00	0.00
1476226609.0 100 120209.00	997.82	23.69	-24.84	0.00	222.49	-0.00	-666.00	309.43	0.00	0.00	0.00
1476226609.0 100 120209.00	997.42	23.50	-24.68	0.00	223.76	-0.00	-666.00	309.43	0.00	0.00	0.00
1476226610.0 100 120209.00	999.07	23.69	-24.84	0.00	222.49	-2.33	-666.00	309.49	0.00	0.00	0.00
1476226611.0 100 120209.00	997.42	23.50	-24.84	0.00	226.32	-0.00	-666.00	309.66	0.00	0.00	0.00
1476226611.0 100 120209.00	997.42	23.50	-24.84	0.00	223.76	-0.00	-666.00	309.43	0.00	0.00	0.00
1476226612.0 100 120209.00	997.42	23.50	-25.00	0.00	218.70	-0.00	-666.00	309.32	0.00	0.00	0.00
1476226613.0 100 120209.00	997.82	23.69	-24.84	0.00	223.76	-2.33	-666.00	309.38	0.00	0.00	0.00
1476226614.0 100 120209.00	997.42	23.50	-24.84	0.00	226.32	-0.00	-666.00	309.60	0.00	0.00	0.00
1476226614.0 100 120209.00	998.67	23.50	-25.00	0.00	226.32	-2.33	-666.00	309.89	0.00	0.00	0.00
1476226615.0 100 120209.00	997.42	23.50	-24.84	0.00	226.32	-0.00	-666.00	309.72	0.00	0.00	0.00
1476226616.0 100 120209.00	997.82	23.69	-24.84	0.00	226.32	-2.33	-666.00	309.43	0.00	0.00	0.00
1476226617.0 100 120209.00	997.82	23.69	-24.84	0.00	223.76	-0.00	-666.00	309.55	0.00	0.00	0.00
1476226617.0 100 120209.00	998.67	23.50	-24.84	0.00	225.04	-0.00	-666.00	309.49	0.00	0.00	0.00
1476226618.0 100 120209.00	997.82	23.69	-24.84	0.00	218.70	-0.00	-666.00	309.43	0.00	0.00	0.00
1476226619.0 100 120209.00	997.82	23.69	-24.84	0.00	225.04	-2.33	-666.00	309.49	0.00	0.00	0.00
1476226619.0 100 120209.00	997.82	23.69	-24.84	0.00	221.22	-0.00	-666.00	309.43	0.00	0.00	0.00
1476226620.0 100 120209.00	997.42	23.50	-25.00	0.00	221.22	-0.00	-666.00	309.72	0.00	0.00	0.00
1476226621.0 100 120209.00	997.42	23.50	-24.84	0.00	221.22	-0.00	-666.00	309.43	0.00	0.00	0.00
1476226622.0 100 120209.00	998.67	23.50	-24.84	0.00	221.22	-0.00	-666.00	309.38	0.00	0.00	0.00
1476226622.0 100 120209.00	997.42	23.50	-24.84	0.00	227.60	-0.00	-666.00	309.60	0.00	0.00	0.00
1476226623.0 100 120209.00	997.02	23.32	-25.00	0.00	226.32	-0.00	-666.00	309.60	0.00	0.00	0.00
1476226624.0 100 120209.00	997.82	23.69	-25.00	0.00	221.22	-2.33	-666.00	309.60	0.00	0.00	0.00
1476226625.0 100 120209.00	997.42	23.50	-24.84	0.00	222.49	-0.00	-666.00	309.43	0.00	0.00	0.00
1476226625.0 100 120209.00	997.82	23.69	-24.68	0.00	225.04	-2.33	-666.00	309.32	0.00	0.00	0.00
1476226626.0 100 120209.00	997.42	23.50	-24.84	0.00	216.20	-2.33	-666.00	309.21	0.00	0.00	0.00
1476226627.0 100 120209.00	998.67	23.50	-24.84	0.00	225.04	-0.00	-666.00	309.60	0.00	0.00	0.00
1476226627.0 100 120209.00	997.82	23.69	-24.84	0.00	221.22	-0.00	-666.00	309.38	0.00	0.00	0.00
1476226628.0 100 120209.00	997.82	23.69	-24.84	0.00	216.20	-0.00	-666.00	309.27	0.00	0.00	0.00
1476226629.0 100 120209.00	997.42	23.50	-24.84	0.00	226.32	0.68	-666.00	309.55	0.00	0.00	0.00
1476226630.0 100 120209.00	997.82	23.69	-24.84	0.00	221.22	-0.00	-666.00	309.43	0.00	0.00	0.00
1476226630.0 100 120209.00	997.82	23.69	-25.00	0.00	221.22	-0.00	-666.00	309.38	0.00	0.00	0.00
1476226631.0 100 120209.00	999.07	23.69	-24.84	0.00	227.60	-0.00	-666.00	309.55	0.00	0.00	0.00
1476226632.0 100 120209.00	999.07	23.69	-24.84	0.00	226.32	-0.00	-666.00	309.60	344.01	0.00	0.00
1476226633.0 100 120209.00	997.82	23.69	-25.00	0.00	222.49	-0.00	-666.00	309.43	0.00	0.00	0.00
1476226633.0 100 120209.00	997.42	23.50	-24.84	0.00	222.49	-2.33	-666.00	309.72	0.00	0.00	0.00
1476226634.0 100 120209.00	996.57	23.69	-24.84	0.00	221.22	-0.00	-666.00	309.49	0.00	0.00	0.00
1476226635.0 100 120209.00	997.82	23.69	-24.84	0.00	222.49	-0.00	-666.00	309.43	0.00	0.00	0.00
1476226635.0 100 120209.00	999.07	23.69	-25.00	0.00	223.76	-2.33	-666.00	309.43	0.00	0.00	0.00
1476226636.0 100 120209.00	997.42	23.50	-24.84	0.00	221.22	-0.00	-666.00	309.66	0.00	0.00	0.00
1476226637.0 100 120209.00	997.42	23.50	-24.84	0.00	225.04	-0.00	-666.00	309.43	0.00	0.00	0.00
1476226638.0 100 120209.00	999.07	23.69	-24.84	0.00	225.04	-2.33	-666.00	309.60	0.00	0.00	0.00
1476226638.0 100 120209.00	997.42	23.50	-24.84	0.00	227.60	-0.00	-666.00	309.49	0.00	0.00	0.00
1476226639.0 100 120209.00	997.82	23.69	-24.68	0.00	223.76	2.44	-666.00	309.66	0.00	0.00	0.00
1476226640.0 100 120209.00	999.07	23.69	-24.84	0.00	218.70	-0.00	-666.00	309.32	0.00	0.00	0.00
1476226641.0 100 120209.00	997.82	23.69	-25.00	0.00	223.76	-0.00	-666.00	309.43	473.68	0.00	0.00
1476226641.0 100 120209.00	996.17	23.50	-24.68	0.00	223.76	-0.00	-666.00	309.38	0.00	0.00	0.00
1476226642.0 100 120209.00	997.82	23.69	-24.84	0.00	219.96	-0.00	-666.00	309.43	0.00	0.00	0.00
1476226643.0 100 120209.00	997.82	23.69	-24.84	0.00	221.22	-0.00	-666.00	309.43	0.00	0.00	0.00
1476226643.0 100 120209.00	996.57	23.69	-24.84	0.00	221.22	-0.00	-666.00	309.66	0.00	0.00	0.00
1476226644.0 100 120209.00	998.67	23.50	-24.84	0.00	221.22	-0.00	-666.00	309.49	0.00	0.00	0.00
1476226645.0 100 120209.00	997.82	23.69	-24.84	0.00	221.22	-0.00	-666.00	309.38	0.00	0.00	0.00
1476226646.0 100 120209.00	997.42	23.50	-25.00	0.00	219.96	-0.00	-666.00	309.72	0.00	0.00	0.00
1476226646.0 100 120209.00	999.07	23.69	-24.84	0.00	226.32	-2.33	-666.00	309.66	0.00	0.00	0.00
1476226647.0 100 120209.00	997.42	23.50	-24.84	0.00	223.76	-0.00	-666.00	309.55	0.00	0.00	0.00
1476226648.0 100 120209.00	997.82	23.69	-24.84	0.00	221.22	-0.00	-666.00	309.55	0.00	0.00	0.00
1476226649.0 100 120209.00	997.82	23.69	-24.84	0.00	225.04	-0.00	-666.00	309.72	0.00	0.00	0.00
1476226649.0 100 120209.00	997.82	23.69	-24.84	0.00	228.89	-2.33	-666.00	309.77	0.00	0.00	0.00
1476226650.0 100 120209.00	997.82	23.69	-24.84	0.00	223.76	-0.00	-666.00	309.60	0.00	0.00	0.00
1476226651.0 100 120209.00	999.07	23.69	-24.84	0.00	221.22	-0.00	-666.00	309.43	0.00	0.00	0.00
1476226651.0 100 120209.00	999.07	23.69	-24.84	0.00	218.70	-2.33	-666.00	309.32	0.00	0.00	0.00
1476226652.0 100 120209.00	997.42	23.50	-25.00	0.00	227.60	-0.00	-666.00	309.72	0.00	0.00	0.00
1476226653.0 100 120209.00	996.57	23.69	-25.00	0.00	223.76	-2.33	-666.00	309.49	0.00	0.00	0.00
1476226654.0 100 120209.00	997.82	23.69	-24.84	0.00	221.22	-0.00	-666.00	309.49	0.00	0.00	0.00
1476226654.0 100 120209.00	997.82	23.69	-24.68	0.00	225.04	-0.00	-666.00	309.60	0.00	0.00	0.00
1476226655.0 100 120209.00	999.07	23.69	-24.84	0.00	223.76	-0.00	-666.00	309.60	0.00	0.00	0.00
1476226656.0 100 120209.00	999.07	23.69	-24.84	0.00	226.32	-0.00	-666.00	309.55	0.00	0.00	0.00
1476226656.0 100 120209.00	997.82	23.69	-24.84	0.00	219.96	-0.00	-666.00	309.43	0.00	0.00	0.00
1476226657.0 100 120209.00	997.42	23.50	-25.00	0.00	218.70	-0.00	-666.00	309.43	0.00	0.00	0.00
1476226658.0 100 120209.00	997.82	23.69	-25.00	0.00	225.04	-0.00	-666.00	309.72	0.00	0.00	0.00
1476226659.0 100 120209.00	997.82	23.69	-24.84	0.00	228.89	-0.00	-666.00	309.77	473.68	0.00	0.00
1476226659.0 100 120209.00	997.82	23.69	-24.84	0.00	222.49	-0.00	-666.00	309.43	0.00	0.00	0.00
1476226660.0 100 120209.00	997.42	23.50	-24.84	0.00	222.49	-2.33	-666.00	309.66	0.00	0.00	0.00
1476226661.0 100 120209.00	997.82	23.69	-24.68	0.00	221.22	-0.00	-666.00	309.43	0.00	0.00	0.00
1476226662.0 100 120209.00	998.67	23.50	-24.84	0.00	225.04	-0.00	-666.00	309.55	0.00	0.00	0.00
1476226662.0 100 120209.00	997.42	23.50	-24.68	0.00	221.22	-0.00	-666.00	309.49	0.00	0.00	0.00
1476226663.0 100 120209.00	999.07	23.69	-24.68	0.00	228.89	-2.33	-666.00	309.60	0.00	0.00	0.00
1476226664.0 100 120209.00	999.07	23.69	-24.84	0.00	218.70	-0.00	-666.00	309.43	0.00	0.00	0.00
1476226664.0 100 120209.00	997.82	23.69	-24.84	0.00	223.76	0.68	-666.00	309.55	0.00	0.00	0.00
1476226665.0 100 120209.00	997.42	23.50	-25.00	0.00	222.49	-0.00	-666.00	309.49	0.00	0.00	0.00
1476226666.0 100 120209.00	997.82	23.69	-25.00	0.00	227.60	-2.33	-666.00	309.55	0.00	0.00	0.00
1476226667.0 100 120209.00	999.07	23.69	-24.84	0.00	221.22	-2.33	-666.00	309.43	0.00	0.00	0.00
1476226667.0 100 120209.00	999.07	23.69	-24.84	0.00	219.96	-2.33	-666.00	309.43	0.00	0.00	0.00
1476226668.0 100 120209.00	996.57	23.69	-24.68	0.00	226.32	-2.33	-666.00	309.43	473.68	0.00	0.00
1476226669.0 100 120209.00	997.42	23.50	-24.84	0.00	227.60	2.44	-666.00	309.49	0.00	0.00	0.00
1476226670.0 100 120209.00	997.82	23.69	-25.00	0.00	223.76	-0.00	-666.00	309.43	0.00	0.00	0.00
1476226670.0 100 120209.00	997.42	23.50	-25.00	0.00	225.04	-0.00	-666.00	309.83	0.00	0.00	0.00
1476226671.0 100 120209.00	997.42	23.50	-24.84	0.00	222.49	-0.00	-666.00	309.55	0.00	0.00	0.00
1476226672.0 100 120209.00	997.82	23.69	-24.84	0.00	225.04	-2.33	-666.00	309.38	0.00	0.00	0.00
1476226672.0 100 120209.00	997.42	23.50	-24.68	0.00	228.89	-0.00	-666.00	309.55	0.00	0.00	0.00
1476226673.0 100 120209.00	999.07	23.69	-24.68	0.00	222.49	-0.00	-666.00	309.38	0.00	0.00	0.00
1476226674.0 100 120209.00	999.07	23.69	-24.68	0.00	222.49	-0.00	-666.00	309.32	0.00	0.00	0.00
1476226675.0 100 120209.00	997.82	23.69	-24.84	0.00	226.32	-0.00	-666.00	309.89	0.00	0.00	0.00
1476226675.0 100 120209.00	997.82	23.69	-25.00	0.00	225.04	-0.00	-666.00	309.89	0.00	0.00	0.00
1476226676.0 100 120209.00	997.82	23.69	-25.00	0.00	228.89	-2.33	-666.00	309.66	0.00	0.00	0.00
1476226677.0 100 120209.00	997.42	23.50	-24.84	0.00	223.76	-0.00	-666.00	309.43	0.00	0.00	0.00
1476226678.0 100 120209.00	997.42	23.50	-24.84	0.00	219.96	-0.00	-666.00	309.43	0.00	0.00	0.00
1476226678.0 100 120209.00	997.42	23.50	-24.84	0.00	227.60	2.44	-666.00	309.66	0.00	0.00	0.00
1476226679.0 100 120209.00	997.42	23.50	-24.84	0.00	223.76	-0.00	-666.00	309.49	0.00	0.00	0.00
1476226680.0 100 120209.00	997.82	23.69	-24.84	0.00	219.96	-0.00	-666.00	309.60	473.68	0.00	0.00
1476226680.0 100 120209.00	997.82	23.69	-24.68	0.00	223.76	-2.33	-666.00	309.43	0.00	0.00	0.00
1476226681.0 100 120209.00	997.82	23.69	-24.84	0.00	221.22	-0.00	-666.00	309.38	0.00	0.00	0.00
1476226682.0 100 120209.00	996.57	23.69	-24.68	0.00	222.49	-0.00	-666.00	309.60	473.68	0.00	0.00
1476226683.0 100 120209.00	997.42	23.50	-24.84	0.00	225.04	-0.00	-666.00	309.43	0.00	0.00	0.00
1476226683.0 100 120209.00	997.82	23.69	-24.84	0.00	222.49	-2.33	-666.00	309.43	0.00	0.00	0.00
1476226684.0 100 120209.00	997.82	23.69	-24.68	0.00	216.20	-0.00	-666.00	309.15	0.00	0.00	0.00
1476226685.0 100 120209.00	997.42	23.50	-24.84	0.00	223.76	-0.00	-666.00	309.49	0.00	0.00	0.00
1476226686.0 100 120209.00	997.82	23.69	-25.00	0.00	225.04	-0.00	-666.00	309.83	0.00	0.00	0.00
1476226686.0 100 120209.00	997.42	23.50	-24.68	0.00	219.96	-0.00	-666.00	309.38	0.00	0.00	0.00
1476226687.0 100 120209.00	999.07	23.69	-24.84	0.00	222.49	-2.33	-666.00	309.55	0.00	0.00	0.00
1476226688.0 100 120209.00	997.42	23.50	-25.00	0.00	219.96	-0.00	-666.00	309.38	0.00	0.00	0.00
1476226688.0 100 120209.00	999.07	23.69	-24.84	0.00	221.22	-0.00	-666.00	309.55	0.00	0.00	0.00
1476226689.0 100 120209.00	999.07	23.69	-24.84	0.00	226.32	-0.00	-666.00	309.55	0.00	0.00	0.00
1476226690.0 100 120209.00	997.82	23.69	-25.00	0.00	221.22	-0.00	-666.00	309.66	0.00	0.00	0.00
1476226691.0 100 120209.00	997.82	23.69	-24.84	0.00	221.22	-0.00	-666.00	309.43	0.00	0.00	0.00
1476226691.0 100 120209.00	997.42	23.50	-24.84	0.00	221.22	-0.00	-666.00	309.43	0.00	0.00	0.00
1476226692.0 100 120209.00	999.07	23.69	-24.68	0.00	222.49	-0.00	-666.00	309.55	473.68	0.00	0.00
1476226693.0 100 120209.00	999.07	23.69	-24.68	0.00	221.22	-2.33	-666.00	309.43	0.00	0.00	0.00
1476226694.0 100 120209.00	996.57	23.69	-25.00	0.00	225.04	-0.00	-666.00	309.83	0.00	0.00	0.00
1476226694.0 100 120209.00	999.47	23.88	-24.84	0.00	222.49	-0.00	-666.00	309.43	0.00	0.00	0.00
1476226695.0 100 120209.00	997.82	23.69	-24.84	0.00	222.49	-0.00	-666.00	309.38	0.00	0.00	0.00
1476226696.0 100 120209.00	997.82	23.69	-24.68	0.00	217.45	-0.00	-666.00	309.10	0.00	0.00	0.00
1476226696.0 100 120209.00	997.82	23.69	-24.84	0.00	222.49	-0.00	-666.00	309.55	0.00	0.00	0.00
1476226697.0 100 120209.00	999.07	23.69	-25.00	0.00	223.76	-0.00	-666.00	309.60	473.68	0.00	0.00
1476226698.0 100 120209.00	997.82	23.69	-24.84	0.00	221.22	-0.00	-666.00	309.38	0.00	0.00	0.00
1476226699.0 100 120209.00	999.07	23.69	-24.84	0.00	222.49	-0.00	-666.00	309.72	0.00	0.00	0.00
1476226699.0 100 120209.00	997.82	23.69	-24.84	0.00	227.60	-2.33	-666.00	309.55	0.00	0.00	0.00
1476226700.0 100 120209.00	997.42	23.50	-24.84	0.00	222.49	-2.33	-666.00	309.43	0.00	0.00	0.00
1476226701.0 100 120209.00	997.82	23.69	-25.00	0.00	221.22	-0.00	-666.00	309.55	0.00	0.00	0.00
1476226702.0 100 120209.00	997.82	23.69	-24.84	0.00	227.60	0.68	-666.00	309.38	0.00	0.00	0.00
1476226702.0 100 120209.00	996.57	23.69	-24.84	0.00	222.49	-2.33	-666.00	309.43	0.00	0.00	0.00
1476226703.0 100 120209.00	997.82	23.69	-24.84	0.00	226.32	-2.33	-666.00	309.72	473.68	0.00	0.00
1476226704.0 100 120209.00	999.07	23.69	-24.84	0.00	221.22	-0.00	-666.00	309.66	0.00	0.00	0.00
1476226704.0 100 120209.00	996.57	23.69	-24.84	0.00	222.49	-0.00	-666.00	309.49	473.68	0.00	0.00
1476226705.0 100 120209.00	997.82	23.69	-24.84	0.00	219.96	-0.00	-666.00	309.32	0.00	0.00	0.00
1476226706.0 100 120209.00	997.82	23.69	-24.84	0.00	223.76	-0.00	-666.00	309.66	0.00	0.00	0.00
1476226707.0 100 120209.00	997.82	23.69	-24.84	0.00	225.04	-0.00	-666.00	309.43	0.00	0.00	0.00
1476226707.0 100 120209.00	996.57	23.69	-24.84	0.00	214.96	-0.00	-666.00	309.27	0.00	0.00	0.00
1476226708.0 100 120209.00	996.17	23.50	-24.84	1.76	222.49	-2.33	-666.00	309.43	0.00	0.00	0.00
1476226709.0 100 120209.00	997.82	23.69	-25.00	0.00	221.22	-0.00	-666.00	309.49	0.00	0.00	0.00
1476226710.0 100 120209.00	997.82	23.69	-24.68	0.00	226.32	-0.00	-666.00	309.55	0.00	0.00	0.00
1476226710.0 100 120209.00	998.22	23.88	-25.00	0.00	223.76	0.68	-666.00	309.55	0.00	0.00	0.00
1476226711.0 100 120209.00	997.82	23.69	-24.68	0.00	226.32	-2.33	-666.00	309.49	0.00	0.00	0.00
1476226712.0 100 120209.00	996.57	23.69	-24.84	0.00	223.76	-0.00	-666.00	309.55	0.00	0.00	0.00
1476226712.0 100 120209.00	999.07	23.69	-24.84	0.00	225.04	-2.33	-666.00	309.43	0.00	0.00	0.00
1476226713.0 100 120209.00	999.07	23.69	-24.84	0.00	221.22	-2.33	-666.00	309.43	0.00	0.00	0.00
1476226714.0 100 120209.00	999.07	23.69	-25.00	0.00	223.76	-0.00	-666.00	309.55	0.00	0.00	0.00
1476226715.0 100 120209.00	996.57	23.69	-24.68	0.00	226.32	-2.33	-666.00	309.43	0.00	0.00	0.00
1476226715.0 100 120209.00	997.82	23.69	-24.84	0.00	221.22	0.68	-666.00	309.43	0.00	0.00	0.00
1476226716.0 100 120209.00	997.42	23.50	-24.84	0.00	221.22	-0.00	-666.00	309.66	0.00	0.00	0.00
1476226717.0 100 120209.00	999.07	23.69	-25.00	0.00	228.89	0.68	-666.00	309.77	0.00	0.00	0.00
1476226718.0 100 120209.00	998.67	23.50	-24.84	0.00	222.49	-0.00	-666.00	309.49	0.00	0.00	0.00
1476226718.0 100 120209.00	997.82	23.69	-24.68	0.00	222.49	-0.00	-666.00	309.38	0.00	0.00	0.00
1476226719.0 100 120209.00	999.07	23.69	-25.00	0.00	222.49	-2.33	-666.00	309.66	0.00	0.00	0.00
1476226720.0 100 120209.00	997.82	23.69	-24.84	0.00	219.96	-0.00	-666.00	309.49	0.00	0.00	0.00
1476226720.0 100 120209.00	997.82	23.69	-24.84	0.00	219.96	-0.00	-666.00	309.49	0.00	0.00	0.00
1476226721.0 100 120209.00	999.07	23.69	-24.84	0.00	221.22	-0.00	-666.00	309.60	0.00	0.00	0.00
1476226722.0 100 120209.00	998.22	23.88	-24.84	0.00	223.76	-0.00	-666.00	309.66	0.00	0.00	0.00
1476226723.0 100 120209.00	996.57	23.69	-24.84	0.00	222.49	-2.33	-666.00	309.55	0.00	0.00	0.00
1476226723.0 100 120209.00	997.82	23.69	-24.84	0.00	219.96	-0.00	-666.00	309.38	0.00	0.00	0.00
1476226724.0 100 120209.00	996.57	23.69	-24.84	0.00	222.49	-2.33	-666.00	309.77	0.00	0.00	0.00
1476226725.0 100 120209.00	997.82	23.69	-24.68	0.00	227.60	-0.00	-666.00	309.49	473.68	0.00	0.00
1476226725.0 100 120209.00	996.57	23.69	-24.84	0.00	221.22	-0.00	-666.00	309.66	0.00	0.00	0.00
1476226726.0 100 120209.00	997.82	23.69	-24.68	0.00	223.76	-2.33	-666.00	309.49	0.00	0.00	0.00
1476226727.0 100 120209.00	998.67	23.50	-24.84	0.00	223.76	-2.33	-666.00	309.43	0.00	0.00	0.00
1476226728.0 100 120209.00	999.07	23.69	-24.84	0.00	221.22	-0.00	-666.00	309.60	0.00	0.00	0.00
1476226728.0 100 120209.00	997.82	23.69	-25.00	0.00	227.60	0.68	-666.00	309.60	0.00	0.00	0.00
1476226729.0 100 120209.00	999.47	23.88	-24.68	0.00	221.22	-0.00	-666.00	309.55	0.00	0.00	0.00
1476226730.0 100 120209.00	996.57	23.69	-25.00	0.00	219.96	-0.00	-666.00	309.43	0.00	0.00	0.00
1476226731.0 100 120209.00	997.82	23.69	-24.68	0.00	213.72	-0.00	-666.00	309.21	0.00	0.00	0.00
1476226731.0 100 120209.00	999.07	23.69	-24.84	0.00	219.96	-0.00	-666.00	309.60	0.00	0.00	0.00
1476226732.0 100 120209.00	999.07	23.69	-24.68	0.00	221.22	-2.33	-666.00	309.38	0.00	0.00	0.00
1476226733.0 100 120209.00	997.42	23.50	-24.84	0.00	218.70	-0.00	-666.00	309.43	0.00	0.00	0.00
1476226733.0 100 120209.00	999.07	23.69	-24.68	0.00	226.32	-0.00	-666.00	309.49	0.00	0.00	0.00
1476226734.0 100 120209.00	997.82	23.69	-24.84	0.00	226.32	-0.00	-666.00	309.60	0.00	0.00	0.00
1476226735.0 100 120209.00	997.82	23.69	-24.84	0.00	225.04	-2.33	-666.00	309.49	0.00	0.00	0.00
1476226736.0 100 120209.00	998.22	23.88	-24.84	0.00	219.96	-0.00	-666.00	309.32	0.00	0.00	0.00
1476226736.0 100 120209.00	997.82	23.69	-24.84	0.00	222.49	-0.00	-666.00	309.55	0.00	0.00	0.00
1476226737.0 100 120209.00	997.82	23.69	-24.84	0.00	226.32	-0.00	-666.00	309.49	0.00	0.00	0.00
1476226738.0 100 120209.00	997.82	23.69	-24.84	0.00	221.22	-0.00	-666.00	309.43	0.00	0.00	0.00
1476226739.0 100 120209.00	997.82	23.69	-25.00	0.00	219.96	-0.00	-666.00	309.43	0.00	0.00	0.00
1476226739.0 100 120209.00	997.82	23.69	-24.84	0.00	223.76	0.68	-666.00	309.55	0.00	0.00	0.00
1476226740.0 100 120209.00	997.82	23.69	-24.68	0.00	221.22	-0.00	-666.00	309.43	0.00	0.00	0.00
1476226741.0 100 120209.00	999.07	23.69	-25.00	0.00	226.32	-0.00	-666.00	309.55	0.00	0.00	0.00
1476226741.0 100 120209.00	995.32	23.69	-24.84	0.00	222.49	-0.00	-666.00	309.49	0.00	0.00	0.00
1476226742.0 100 120209.00	997.82	23.69	-24.84	0.00	222.49	-0.00	-666.00	309.49	0.00	0.00	0.00
1476226743.0 100 120209.00	999.07	23.69	-24.84	0.00	221.22	-2.33	-666.00	309.55	473.68	0.00	0.00
1476226744.0 100 120209.00	997.82	23.69	-24.84	0.00	219.96	-0.00	-666.00	309.43	0.00	0.00	0.00
1476226744.0 100 120209.00	999.07	23.69	-24.84	0.00	221.22	-0.00	-666.00	309.72	0.00	0.00	0.00
1476226745.0 100 120209.00	999.07	23.69	-24.68	0.00	228.89	-0.00	-666.00	309.60	0.00	0.00	0.00
1476226746.0 100 120209.00	997.82	23.69	-24.84	0.00	223.76	-0.00	-666.00	309.55	473.68	0.00	0.00
1476226747.0 100 120209.00	999.47	23.88	-24.84	0.00	222.49	0.68	-666.00	309.43	0.00	0.00	0.00
1476226747.0 100 120209.00	997.82	23.69	-25.00	0.00	219.96	-0.00	-666.00	309.72	0.00	0.00	0.00
1476226748.0 100 120209.00	998.22	23.88	-24.68	0.00	221.22	-0.00	-666.00	309.43	473.68	0.00	0.00
1476226749.0 100 120209.00	997.82	23.69	-24.84	0.00	222.49	-0.00	-666.00	309.55	0.00	0.00	0.00
1476226749.0 100 120209.00	999.07	23.69	-24.68	0.00	227.60	-2.33	-666.00	309.66	0.00	0.00	0.00
1476226750.0 100 120209.00	998.22	23.88	-25.00	0.00	225.04	0.68	-666.00	309.43	0.00	0.00	0.00
1476226751.0 100 120209.00	997.82	23.69	-24.84	0.00	221.22	-0.00	-666.00	309.72	0.00	0.00	0.00
1476226752.0 100 120209.00	997.82	23.69	-24.84	0.00	221.22	-0.00	-666.00	309.55	0.00	0.00	0.00
1476226752.0 100 120209.00	996.57	23.69	-24.84	0.00	219.96	-0.00	-666.00	309.32	0.00	0.00	0.00
1476226753.0 100 120209.00	998.22	23.88	-25.00	0.00	221.22	-0.00	-666.00	309.66	0.00	0.00	0.00
1476226754.0 100 120209.00	997.82	23.69	-24.84	0.00	226.32	-0.00	-666.00	309.60	0.00	0.00	0.00
1476226755.0 100 120209.00	997.82	23.69	-24.84	0.00	226.32	-2.33	-666.00	309.60	0.00	0.00	0.00
1476226755.0 100 120209.00	999.07	23.69	-24.84	0.00	225.04	0.68	-666.00	309.49	0.00	0.00	0.00
1476226756.0 100 120209.00	997.82	23.69	-24.68	0.00	225.04	-0.00	-666.00	309.60	0.00	0.00	0.00
1476226757.0 100 120209.00	997.82	23.69	-24.84	0.00	221.22	-0.00	-666.00	309.32	0.00	0.00	0.00
1476226757.0 100 120209.00	999.07	23.69	-24.84	0.00	221.22	-0.00	-666.00	309.66	0.00	0.00	0.00
1476226758.0 100 120209.00	997.82	23.69	-25.00	0.00	230.18	3.69	-666.00	309.60	0.00	0.00	0.00
1476226759.0 100 120209.00	997.82	23.69	-25.00	0.00	225.04	-0.00	-666.00	309.66	0.00	0.00	0.00
1476226760.0 100 120209.00	998.22	23.88	-24.84	0.00	230.18	0.68	-666.00	309.72	0.00	0.00	0.00
1476226760.0 100 120209.00	997.82	23.69	-25.00	0.00	225.04	-2.33	-666.00	309.66	0.00	0.00	0.00
1476226761.0 100 120209.00	998.62	24.07	-24.84	0.00	223.76	-0.00	-666.00	309.60	0.00	0.00	0.00
1476226762.0 100 120209.00	996.57	23.69	-24.84	0.00	223.76	-0.00	-666.00	309.66	0.00	0.00	0.00
1476226763.0 100 120209.00	997.82	23.69	-25.00	0.00	223.76	-0.00	-666.00	309.43	0.00	0.00	0.00
1476226763.0 100 120209.00	997.42	23.50	-24.84	0.00	221.22	-0.00	-666.00	309.43	0.00	0.00	0.00
1476226764.0 100 120209.00	997.82	23.69	-25.00	0.00	222.49	-0.00	-666.00	309.55	0.00	0.00	0.00
1476226765.0 100 120209.00	997.82	23.69	-24.84	0.00	226.32	-0.00	-666.00	309.49	0.00	0.00	0.00
1476226765.0 100 120209.00	999.07	23.69	-24.84	0.00	221.22	-0.00	-666.00	309.49	0.00	0.00	0.00
1476226766.0 100 120209.00	998.22	23.88	-24.84	0.00	222.49	-0.00	-666.00	309.60	473.68	0.00	0.00
1476226767.0 100 120209.00	997.82	23.69	-25.00	0.00	226.32	-2.33	-666.00	309.66	0.00	0.00	0.00
1476226768.0 100 120209.00	996.57	23.69	-24.68	0.00	223.76	-2.33	-666.00	309.60	0.00	0.00	0.00
1476226768.0 100 120209.00	997.82	23.69	-24.84	0.00	222.49	-2.33	-666.00	309.49	0.00	0.00	0.00
1476226769.0 100 120209.00	999.07	23.69	-24.84	0.00	223.76	0.68	-666.00	309.77	0.00	0.00	0.00
1476226770.0 100 120209.00	998.22	23.88	-24.84	0.00	221.22	-2.33	-666.00	309.43	0.00	0.00	0.00
1476226770.0 100 120209.00	998.22	23.88	-24.84	0.00	225.04	-2.33	-666.00	309.38	0.00	0.00	0.00
1476226771.0 100 120209.00	997.82	23.69	-25.16	0.00	221.22	-0.00	-666.00	309.66	0.00	0.00	0.00
1476226772.0 100 120209.00	996.57	23.69	-24.84	0.00	226.32	-0.00	-666.00	309.60	0.00	0.00	0.00
1476226773.0 100 120209.00	998.22	23.88	-24.84	0.00	221.22	0.68	-666.00	309.43	0.00	0.00	0.00
1476226773.0 100 120209.00	997.82	23.69	-24.84	0.00	219.96	-0.00	-666.00	309.49	0.00	0.00	0.00
1476226774.0 100 120209.00	997.82	23.69	-25.32	0.00	226.32	-0.00	-666.00	309.77	0.00	0.00	0.00
1476226775.0 100 120209.00	997.82	23.69	-24.84	0.00	225.04	-2.33	-666.00	309.43	0.00	0.00	0.00
1476226776.0 100 120209.00	996.57	23.69	-24.84	0.00	222.49	-0.00	-666.00	309.43	0.00	0.00	0.00
1476226776.0 100 120209.00	997.82	23.69	-24.84	0.00	225.04	-0.00	-666.00	309.66	0.00	0.00	0.00
1476226777.0 100 120209.00	996.57	23.69	-24.68	0.00	227.60	-0.00	-666.00	309.49	0.00	0.00	0.00
1476226778.0 100 120209.00	999.07	23.69	-24.84	0.00	219.96	-0.00	-666.00	309.55	0.00	0.00	0.00
1476226778.0 100 120209.00	998.22	23.88	-25.00	0.00	221.22	-0.00	-666.00	309.49	0.00	0.00	0.00
1476226779.0 100 120209.00	997.82	23.69	-24.84	0.00	222.49	-2.33	-666.00	309.38	0.00	0.00	0.00
1476226780.0 100 120209.00	997.82	23.69	-24.68	0.00	216.20	-0.00	-666.00	309.21	0.00	0.00	0.00
1476226781.0 100 120209.00	997.82	23.69	-24.84	0.00	230.18	-2.33	-666.00	309.77	0.00	0.00	0.00
1476226781.0 100 120209.00	999.07	23.69	-24.84	0.00	221.22	-0.00	-666.00	309.55	0.00	0.00	0.00
1476226782.0 100 120209.00	999.07	23.69	-24.68	0.00	218.70	-0.00	-666.00	309.32	0.00	0.00	0.00
1476226783.0 100 120209.00	997.82	23.69	-25.00	0.00	219.96	-0.00	-666.00	309.43	0.00	0.00	0.00
1476226784.0 100 120209.00	999.07	23.69	-24.84	0.00	225.04	-0.00	-666.00	309.60	0.00	0.00	0.00
1476226784.0 100 120209.00	999.07	23.69	-25.00	0.00	223.76	-0.00	-666.00	309.43	0.00	0.00	0.00
1476226785.0 100 120209.00	997.82	23.69	-24.68	0.00	221.22	-0.00	-666.00	309.49	0.00	0.00	0.00
1476226786.0 100 120209.00	997.82	23.69	-25.00	0.00	221.22	-0.00	-666.00	309.49	0.00	0.00	0.00
1476226786.0 100 120209.00	999.07	23.69	-25.00	1.76	223.76	-2.33	-666.00	309.43	0.00	0.00	0.00
1476226787.0 100 120209.00	998.22	23.88	-24.84	0.00	219.96	-0.00	-666.00	309.43	0.00	0.00	0.00
1476226788.0 100 120209.00	996.57	23.69	-24.84	0.00	226.32	-0.00	-666.00	309.60	0.00	0.00	0.00
1476226789.0 100 120209.00	998.22	23.88	-24.84	0.00	223.76	-0.00	-666.00	309.49	0.00	0.00	0.00
1476226789.0 100 120209.00	997.82	23.69	-24.68	0.00	217.45	-0.00	-666.00	309.15	0.00	0.00	0.00
1476226790.0 100 120209.00	998.22	23.88	-24.84	0.00	221.22	-0.00	-666.00	309.49	0.00	0.00	0.00
1476226791.0 100 120209.00	997.82	23.69	-24.84	0.00	225.04	-0.00	-666.00	309.49	0.00	0.00	0.00
1476226792.0 100 120209.00	999.07	23.69	-24.68	0.00	221.22	-0.00	-666.00	309.43	0.00	0.00	0.00
1476226792.0 100 120209.00	998.22	23.88	-24.84	0.00	228.89	0.68	-666.00	309.60	0.00	0.00	0.00
1476226793.0 100 120209.00	999.47	23.88	-24.84	0.00	221.22	-0.00	-666.00	309.43	0.00	0.00	0.00
1476226794.0 100 120209.00	997.82	23.69	-25.16	0.00	221.22	-0.00	-666.00	309.66	0.00	0.00	0.00
1476226794.0 100 120209.00	997.82	23.69	-24.84	0.00	222.49	-0.00	-666.00	309.43	0.00	0.00	0.00
1476226795.0 100 120209.00	996.57	23.69	-24.84	0.00	222.49	-0.00	-666.00	309.38	0.00	0.00	0.00
1476226796.0 100 120209.00	998.22	23.88	-24.68	0.00	221.22	-0.00	-666.00	309.49	0.00	0.00	0.00
1476226797.0 100 120209.00	997.82	23.69	-24.84	0.00	223.76	-0.00	-666.00	309.38	0.00	0.00	0.00
1476226797.0 100 120209.00	997.82	23.69	-25.16	0.00	221.22	-0.00	-666.00	309.60	0.00	0.00	0.00
1476226798.0 100 120209.00	997.82	23.69	-24.53	0.00	228.89	-0.00	-666.00	309.60	0.00	0.00	0.00
1476226799.0 100 120209.00	997.82	23.69	-24.68	0.00	222.49	-0.00	-666.00	309.49	0.00	0.00	0.00
1476226800.0 100 120209.00	997.82	23.69	-24.84	0.00	219.96	-0.00	-666.00	309.43	0.00	0.00	0.00
