# Name = UIS1
# Version = 1.0
# Location = Universidad Industrial de Santander
# Sensors = Presion, Temperatura, Humedad, Irradiancia, Iluminancia, Ruido, LLuvia, CO2, NO2, Latitud, Longitud, Nubosidad
# Power = Red
# GPS = si
# Time Zone = UTC-5
# Data = UTCtime GPStime Presion Temperatura Humedad Irradiancia Iluminancia  Ruido Lluvia CO2 NO2 Latitud Longitud Nubosidad 
1481918400.0 35 -0.00	997.87	27.24	56.65	478.84	219.96	-2.33	0.00	309.15	0.00	0.00	0.00
1481918401.0 35 -0.00	998.26	27.43	55.70	466.58	210.02	-0.00	0.00	308.93	0.00	0.00	0.00
1481918402.0 35 -0.00	997.40	27.62	56.49	463.08	207.58	-0.00	0.00	309.04	0.00	0.00	0.00
1481918404.0 35 -0.00	999.52	27.43	55.85	463.08	208.80	-0.00	0.00	308.87	0.00	0.00	0.00
1481918405.0 35 -0.00	998.26	27.43	56.01	471.84	214.96	-2.33	0.00	308.87	473.68	0.00	0.00
1481918406.0 35 -0.00	998.26	27.43	55.54	466.58	211.25	-2.33	0.00	309.04	0.00	0.00	0.00
1481918407.0 35 -0.00	998.26	27.43	55.54	468.33	212.48	-0.00	0.00	309.15	0.00	0.00	0.00
1481918408.0 35 -0.00	997.00	27.43	55.38	478.84	219.96	-2.33	0.00	309.21	0.00	0.00	0.00
1481918409.0 35 -0.00	999.52	27.43	55.22	475.34	214.96	-0.00	0.00	309.10	0.00	0.00	0.00
1481918410.0 35 -0.00	999.52	27.43	55.54	470.08	214.96	-2.33	0.00	309.55	0.00	0.00	0.00
1481918411.0 35 -0.00	998.26	27.43	56.17	480.59	222.49	3.69	0.00	309.32	0.00	0.00	0.00
1481918412.0 35 -0.00	997.40	27.62	55.70	464.83	212.48	-0.00	0.00	308.98	0.00	0.00	0.00
1481918413.0 35 -0.00	997.40	27.62	54.75	463.08	212.48	-0.00	0.00	309.32	0.00	0.00	0.00
1481918414.0 35 -0.00	999.52	27.43	56.01	464.83	212.48	2.44	0.00	309.04	0.00	0.00	0.00
1481918415.0 35 -0.00	998.66	27.62	55.54	475.34	216.20	-0.00	0.00	309.21	0.00	0.00	0.00
1481918416.0 35 -0.00	997.40	27.62	55.70	470.08	213.72	-2.33	0.00	309.21	0.00	0.00	0.00
1481918417.0 35 -0.00	997.00	27.43	55.54	475.34	217.45	-2.33	0.00	309.04	0.00	0.00	0.00
1481918418.0 35 -0.00	998.66	27.62	55.54	457.82	206.36	-2.33	0.00	309.04	0.00	0.00	0.00
1481918419.0 35 -0.00	997.40	27.62	55.38	464.83	211.25	-2.33	0.00	308.98	0.00	0.00	0.00
1481918420.0 35 -0.00	998.66	27.62	56.17	464.83	214.96	-0.00	0.00	309.10	0.00	0.00	0.00
1481918421.0 35 -0.00	998.66	27.62	55.38	457.82	210.02	-0.00	0.00	309.27	0.00	0.00	0.00
1481918422.0 35 -0.00	997.80	27.80	55.85	456.07	213.72	-0.00	0.00	309.04	0.00	0.00	0.00
1481918423.0 35 -0.00	997.80	27.80	55.54	450.82	211.25	-2.33	0.00	309.04	0.00	0.00	0.00
1481918425.0 35 -0.00	999.92	27.62	55.54	445.56	211.25	-0.00	0.00	309.04	0.00	0.00	0.00
1481918426.0 35 -0.00	998.66	27.62	55.22	456.07	221.22	-2.33	0.00	309.04	473.68	0.00	0.00
1481918427.0 35 -0.00	997.00	27.43	55.54	449.06	214.96	-2.33	0.00	308.93	0.00	0.00	0.00
1481918428.0 35 -0.00	998.66	27.62	55.22	445.56	214.96	4.66	0.00	309.43	0.00	0.00	0.00
1481918429.0 35 -0.00	998.66	27.62	55.38	450.82	214.96	0.68	0.00	309.10	0.00	0.00	0.00
1481918430.0 35 -0.00	997.40	27.62	55.06	449.06	214.96	-0.00	0.00	309.10	0.00	0.00	0.00
1481918431.0 35 -0.00	997.40	27.62	54.75	442.06	212.48	-0.00	0.00	309.27	0.00	0.00	0.00
1481918432.0 35 -0.00	999.06	27.80	55.22	433.30	206.36	-2.33	0.00	308.87	0.00	0.00	0.00
1481918433.0 35 -0.00	997.80	27.80	55.38	443.81	219.96	-0.00	0.00	309.32	0.00	0.00	0.00
1481918434.0 35 -0.00	999.06	27.80	55.06	436.80	214.96	0.68	0.00	308.87	0.00	0.00	0.00
1481918435.0 35 -0.00	997.40	27.62	54.75	422.78	212.48	-2.33	0.00	309.15	0.00	0.00	0.00
1481918436.0 35 -0.00	997.40	27.62	46.36	419.28	223.76	-0.00	0.00	309.38	344.01	0.00	0.00
1481918437.0 36 -0.00	999.06	27.80	55.38	398.25	213.72	-0.00	0.00	308.93	0.00	0.00	0.00
1481918438.0 36 -0.00	997.80	27.80	55.38	380.73	213.72	-0.00	0.00	309.04	0.00	0.00	0.00
1481918439.0 36 -0.00	997.40	27.62	55.22	375.47	218.70	3.69	0.00	309.27	0.00	0.00	0.00
1481918440.0 36 -0.00	997.80	27.80	54.91	364.95	212.48	0.68	0.00	308.82	0.00	0.00	0.00
1481918441.0 36 -0.00	998.66	27.62	55.22	363.20	207.58	-0.00	0.00	308.87	0.00	0.00	0.00
1481918442.0 36 -0.00	997.40	27.62	55.38	364.95	206.36	-0.00	0.00	308.87	0.00	0.00	0.00
1481918443.0 36 -0.00	998.66	27.62	54.91	382.48	214.96	-2.33	0.00	309.10	0.00	0.00	0.00
1481918444.0 36 -0.00	997.80	27.80	55.38	375.47	208.80	-0.00	0.00	308.93	0.00	0.00	0.00
1481918445.0 36 -0.00	997.00	27.43	55.22	382.48	213.72	-0.00	0.00	309.38	0.00	0.00	0.00
1481918446.0 36 -0.00	997.40	27.62	54.91	387.74	212.48	0.68	0.00	309.32	0.00	0.00	0.00
1481918447.0 36 -0.00	996.14	27.62	54.59	393.00	213.72	-0.00	0.00	309.04	0.00	0.00	0.00
1481918448.0 36 -0.00	999.06	27.80	54.91	405.26	213.72	-0.00	0.00	309.10	0.00	0.00	0.00
1481918449.0 36 -0.00	997.80	27.80	54.75	400.01	207.58	-2.33	0.00	309.21	0.00	0.00	0.00
1481918450.0 36 -0.00	997.80	27.80	55.22	405.26	207.58	-0.00	0.00	308.98	473.68	0.00	0.00
1481918451.0 36 -0.00	999.06	27.80	55.06	414.02	210.02	-0.00	0.00	308.82	0.00	0.00	0.00
1481918452.0 36 -0.00	997.80	27.80	55.06	414.02	207.58	-0.00	0.00	308.87	0.00	0.00	0.00
1481918453.0 36 -0.00	997.40	27.62	55.38	431.55	221.22	2.44	0.00	309.21	0.00	0.00	0.00
1481918454.0 36 -0.00	997.40	27.62	55.22	424.54	214.96	-2.33	0.00	308.93	0.00	0.00	0.00
1481918456.0 36 -0.00	997.40	27.62	55.06	422.78	211.25	-0.00	0.00	309.10	0.00	0.00	0.00
1481918457.0 36 -0.00	997.80	27.80	54.59	433.30	221.22	-2.33	0.00	309.55	0.00	0.00	0.00
1481918458.0 36 -0.00	997.00	27.43	55.22	426.29	214.96	-0.00	0.00	309.15	0.00	0.00	0.00
1481918459.0 36 -0.00	997.80	27.80	55.06	424.54	214.96	-2.33	0.00	309.15	0.00	0.00	0.00
1481918460.0 36 -0.00	997.00	27.43	55.38	419.28	208.80	-0.00	0.00	308.82	473.68	0.00	0.00
1481918461.0 36 -0.00	997.80	27.80	55.22	417.53	207.58	-0.00	0.00	309.15	0.00	0.00	0.00
1481918462.0 36 -0.00	997.80	27.80	55.22	421.03	208.80	-0.00	0.00	309.15	0.00	0.00	0.00
1481918463.0 36 -0.00	997.80	27.80	55.38	422.78	210.02	3.69	0.00	308.87	0.00	0.00	0.00
1481918464.0 36 -0.00	997.80	27.80	55.70	428.04	213.72	-2.33	0.00	309.43	0.00	0.00	0.00
1481918465.0 36 -0.00	997.80	27.80	55.70	428.04	217.45	0.68	0.00	308.98	0.00	0.00	0.00
1481918466.0 36 -0.00	999.06	27.80	55.38	414.02	213.72	-0.00	0.00	309.04	0.00	0.00	0.00
1481918467.0 36 -0.00	998.66	27.62	54.75	396.50	210.02	-0.00	0.00	309.21	0.00	0.00	0.00
1481918468.0 36 -0.00	997.40	27.62	55.70	382.48	212.48	-2.33	0.00	309.10	0.00	0.00	0.00
1481918469.0 36 -0.00	996.54	27.80	55.22	373.72	212.48	-0.00	0.00	309.04	0.00	0.00	0.00
1481918470.0 36 -0.00	998.66	27.62	55.22	363.20	213.72	-0.00	0.00	309.10	473.68	0.00	0.00
1481918471.0 36 -0.00	997.40	27.62	55.85	393.00	225.04	-0.00	0.00	309.21	0.00	0.00	0.00
1481918472.0 36 -0.00	997.00	27.43	55.22	408.77	211.25	-0.00	0.00	309.04	0.00	0.00	0.00
1481918473.0 36 -0.00	998.66	27.62	55.85	412.27	207.58	-0.00	0.00	308.87	0.00	0.00	0.00
1481918474.0 36 -0.00	998.26	27.43	55.38	414.02	210.02	-0.00	0.00	309.21	0.00	0.00	0.00
1481918475.0 36 -0.00	999.52	27.43	55.70	414.02	212.48	-0.00	0.00	309.04	0.00	0.00	0.00
1481918476.0 36 -0.00	998.26	27.43	55.54	414.02	213.72	-0.00	0.00	309.10	473.68	0.00	0.00
1481918477.0 36 -0.00	999.52	27.43	55.54	408.77	210.02	-0.00	0.00	309.27	0.00	0.00	0.00
1481918478.0 36 -0.00	997.00	27.43	55.70	410.52	212.48	-2.33	0.00	309.10	0.00	0.00	0.00
1481918479.0 36 -0.00	998.26	27.43	56.01	410.52	212.48	-0.00	0.00	308.98	473.68	0.00	0.00
1481918480.0 36 -0.00	998.26	27.43	56.33	405.26	212.48	-0.00	0.00	309.21	0.00	0.00	0.00
1481918481.0 36 -0.00	998.26	27.43	56.17	405.26	214.96	-0.00	0.00	309.10	0.00	0.00	0.00
1481918482.0 36 -0.00	999.52	27.43	56.65	398.25	210.02	-2.33	0.00	308.76	0.00	0.00	0.00
1481918483.0 36 -0.00	998.26	27.43	56.49	391.24	207.58	-0.00	0.00	308.82	0.00	0.00	0.00
1481918485.0 36 -0.00	998.26	27.43	56.65	389.49	213.72	-2.33	0.00	309.15	0.00	0.00	0.00
1481918486.0 36 -0.00	998.26	27.43	56.80	385.99	214.96	-2.33	0.00	309.15	0.00	0.00	0.00
1481918487.0 36 -0.00	997.87	27.24	56.49	377.22	210.02	-0.00	0.00	308.98	0.00	0.00	0.00
1481918488.0 36 -0.00	999.52	27.43	56.33	377.22	210.02	-0.00	0.00	308.87	0.00	0.00	0.00
1481918489.0 36 -0.00	999.13	27.24	56.49	373.72	210.02	-2.33	0.00	309.27	0.00	0.00	0.00
1481918490.0 37 -0.00	997.47	27.06	56.65	373.72	213.72	-2.33	0.00	309.04	0.00	0.00	0.00
1481918491.0 37 -0.00	998.73	27.06	56.96	371.96	210.02	-0.00	0.00	308.98	0.00	0.00	0.00
1481918492.0 37 -0.00	997.47	27.06	57.12	373.72	208.80	-0.00	0.00	309.27	0.00	0.00	0.00
1481918493.0 37 -0.00	998.33	26.87	57.59	384.23	213.72	0.68	0.00	308.93	0.00	0.00	0.00
1481918494.0 37 -0.00	998.26	27.43	56.96	384.23	207.58	-0.00	0.00	308.87	0.00	0.00	0.00
1481918495.0 37 -0.00	997.87	27.24	56.33	394.75	207.58	-0.00	0.00	309.10	0.00	0.00	0.00
1481918496.0 37 -0.00	999.13	27.24	57.28	414.02	213.72	-2.33	0.00	309.04	473.68	0.00	0.00
1481918497.0 37 -0.00	997.47	27.06	57.28	426.29	211.25	-0.00	0.00	309.04	0.00	0.00	0.00
1481918498.0 37 -0.00	997.47	27.06	56.49	433.30	211.25	-0.00	0.00	309.15	0.00	0.00	0.00
1481918499.0 37 -0.00	997.47	27.06	59.81	452.57	219.96	3.69	0.00	309.15	0.00	0.00	0.00
1481918500.0 37 -0.00	997.47	27.06	56.80	445.56	212.48	-2.33	0.00	308.93	0.00	0.00	0.00
1481918501.0 37 -0.00	997.47	27.06	57.44	450.82	213.72	-0.00	0.00	308.98	0.00	0.00	0.00
1481918502.0 35 -0.00	998.33	26.87	57.28	461.33	212.48	-0.00	0.00	308.98	0.00	0.00	0.00
1481918503.0 35 -0.00	997.07	26.87	57.59	471.84	211.25	-2.33	0.00	308.87	0.00	0.00	0.00
1481918504.0 35 -0.00	997.47	27.06	57.91	468.33	210.02	-0.00	0.00	308.82	0.00	0.00	0.00
1481918505.0 35 -0.00	997.47	27.06	58.70	459.57	210.02	-0.00	0.00	308.98	0.00	0.00	0.00
1481918506.0 35 -0.00	998.33	26.87	57.91	449.06	216.20	-0.00	0.00	309.27	0.00	0.00	0.00
1481918507.0 35 -0.00	997.47	27.06	57.59	433.30	214.96	-2.33	0.00	309.04	0.00	0.00	0.00
1481918508.0 35 -0.00	998.33	26.87	57.91	426.29	211.25	-0.00	0.00	308.93	0.00	0.00	0.00
1481918509.0 35 -0.00	997.07	26.87	57.44	445.56	214.96	-0.00	0.00	309.38	0.00	0.00	0.00
1481918510.0 35 -0.00	997.47	27.06	57.44	473.59	219.96	-2.33	0.00	309.10	0.00	0.00	0.00
1481918511.0 35 -0.00	997.47	27.06	57.12	475.34	213.72	-0.00	0.00	309.04	0.00	0.00	0.00
1481918512.0 35 -0.00	997.47	27.06	57.59	477.09	211.25	-2.33	0.00	309.27	0.00	0.00	0.00
1481918514.0 35 -0.00	998.73	27.06	59.18	487.60	212.48	-2.33	0.00	308.98	0.00	0.00	0.00
1481918515.0 35 -0.00	997.47	27.06	57.59	499.86	218.70	-0.00	0.00	309.04	0.00	0.00	0.00
1481918516.0 34 -0.00	998.73	27.06	58.07	494.60	207.58	-0.00	0.00	308.87	0.00	0.00	0.00
1481918517.0 34 -0.00	997.47	27.06	57.75	510.36	217.45	-2.33	0.00	309.55	0.00	0.00	0.00
1481918518.0 34 -0.00	997.47	27.06	55.22	512.12	218.70	-2.33	0.00	309.10	0.00	0.00	0.00
1481918519.0 34 -0.00	998.73	27.06	57.75	496.36	206.36	-0.00	0.00	308.76	0.00	0.00	0.00
1481918520.0 34 -0.00	997.47	27.06	58.54	496.36	207.58	-0.00	0.00	309.15	0.00	0.00	0.00
1481918521.0 34 -0.00	997.87	27.24	59.02	508.61	212.48	-2.33	0.00	308.98	0.00	0.00	0.00
1481918522.0 34 -0.00	997.47	27.06	58.07	508.61	211.25	-2.33	0.00	309.04	0.00	0.00	0.00
1481918523.0 34 -0.00	999.13	27.24	58.39	505.11	210.02	-0.00	0.00	309.32	0.00	0.00	0.00
1481918524.0 34 -0.00	997.47	27.06	59.18	506.86	211.25	-0.00	0.00	309.04	0.00	0.00	0.00
1481918525.0 34 -0.00	996.21	27.06	58.70	515.62	214.96	-2.33	0.00	309.04	0.00	0.00	0.00
1481918526.0 34 -0.00	998.73	27.06	58.54	506.86	212.48	-0.00	0.00	309.15	0.00	0.00	0.00
1481918527.0 34 -0.00	997.87	27.24	59.97	512.12	217.45	-2.33	0.00	309.04	473.68	0.00	0.00
1481918528.0 34 -0.00	997.47	27.06	58.07	501.61	213.72	-0.00	0.00	309.27	0.00	0.00	0.00
1481918529.0 34 -0.00	997.07	26.87	58.86	498.11	211.25	-0.00	0.00	308.93	0.00	0.00	0.00
1481918530.0 34 -0.00	997.47	27.06	58.54	498.11	212.48	-2.33	0.00	309.04	0.00	0.00	0.00
1481918531.0 34 -0.00	997.47	27.06	58.86	489.35	210.02	-0.00	0.00	309.21	0.00	0.00	0.00
1481918532.0 34 -0.00	997.47	27.06	58.70	487.60	212.48	-0.00	0.00	308.98	0.00	0.00	0.00
1481918533.0 34 -0.00	999.13	27.24	59.02	485.85	212.48	0.68	0.00	309.04	0.00	0.00	0.00
1481918534.0 34 -0.00	997.07	26.87	59.02	473.59	207.58	-0.00	0.00	308.98	473.68	0.00	0.00
1481918535.0 34 -0.00	997.47	27.06	58.70	485.85	221.22	-2.33	0.00	309.15	0.00	0.00	0.00
1481918536.0 34 -0.00	999.13	27.24	59.18	471.84	212.48	-2.33	0.00	309.04	0.00	0.00	0.00
1481918537.0 34 -0.00	997.07	26.87	58.86	459.57	210.02	-0.00	0.00	309.38	0.00	0.00	0.00
1481918538.0 34 -0.00	998.73	27.06	59.02	464.83	217.45	-2.33	0.00	309.27	0.00	0.00	0.00
1481918539.0 34 -0.00	997.47	27.06	58.70	456.07	216.20	-0.00	0.00	309.21	0.00	0.00	0.00
1481918540.0 34 -0.00	997.87	27.24	59.34	447.31	212.48	-2.33	0.00	309.32	473.68	0.00	0.00
1481918541.0 36 -0.00	998.73	27.06	59.97	443.81	212.48	-2.33	0.00	309.10	0.00	0.00	0.00
1481918542.0 36 -0.00	997.47	27.06	59.34	442.06	211.25	-2.33	0.00	309.43	0.00	0.00	0.00
1481918543.0 36 -0.00	997.47	27.06	59.65	447.31	216.20	0.68	0.00	309.15	0.00	0.00	0.00
1481918544.0 36 -0.00	998.33	26.87	61.55	438.55	208.80	-2.33	0.00	308.87	0.00	0.00	0.00
1481918546.0 36 -0.00	997.07	26.87	60.60	442.06	212.48	-2.33	0.00	309.43	0.00	0.00	0.00
1481918547.0 36 -0.00	998.33	26.87	60.28	450.82	217.45	2.44	0.00	309.21	0.00	0.00	0.00
1481918548.0 36 -0.00	998.33	26.87	60.60	447.31	212.48	-0.00	0.00	309.04	0.00	0.00	0.00
1481918549.0 36 -0.00	997.93	26.68	60.44	452.57	212.48	-0.00	0.00	309.32	0.00	0.00	0.00
1481918550.0 36 -0.00	998.33	26.87	60.60	457.82	213.72	3.69	0.00	309.04	0.00	0.00	0.00
1481918551.0 36 -0.00	997.93	26.68	60.28	463.08	212.48	-2.33	0.00	309.10	0.00	0.00	0.00
1481918552.0 36 -0.00	999.19	26.68	60.76	464.83	211.25	-0.00	0.00	308.98	0.00	0.00	0.00
1481918553.0 36 -0.00	996.68	26.68	60.92	484.10	219.96	7.21	0.00	309.21	0.00	0.00	0.00
1481918554.0 35 -0.00	998.33	26.87	60.60	482.34	213.72	-0.00	0.00	308.93	0.00	0.00	0.00
1481918555.0 35 -0.00	997.07	26.87	61.08	482.34	213.72	-0.00	0.00	309.38	0.00	0.00	0.00
1481918556.0 35 -0.00	998.33	26.87	60.76	484.10	211.25	-0.00	0.00	308.98	0.00	0.00	0.00
1481918557.0 35 -0.00	997.93	26.68	60.44	489.35	211.25	-2.33	0.00	309.27	0.00	0.00	0.00
1481918558.0 35 -0.00	998.33	26.87	60.92	492.85	212.48	-0.00	0.00	308.98	0.00	0.00	0.00
1481918559.0 35 -0.00	997.93	26.68	60.44	496.36	212.48	-0.00	0.00	309.04	0.00	0.00	0.00
1481918560.0 35 -0.00	999.59	26.87	60.13	498.11	212.48	-0.00	0.00	309.15	0.00	0.00	0.00
1481918561.0 35 -0.00	997.07	26.87	60.76	505.11	216.20	-2.33	0.00	309.10	0.00	0.00	0.00
1481918562.0 35 -0.00	999.59	26.87	60.13	498.11	208.80	-0.00	0.00	308.93	0.00	0.00	0.00
1481918563.0 35 -0.00	997.54	26.50	59.97	501.61	217.45	-0.00	0.00	309.43	0.00	0.00	0.00
1481918564.0 35 -0.00	998.33	26.87	60.44	515.62	225.04	-0.00	0.00	309.21	0.00	0.00	0.00
1481918565.0 35 -0.00	998.73	27.06	60.76	499.86	212.48	-2.33	0.00	309.10	0.00	0.00	0.00
1481918566.0 35 -0.00	999.19	26.68	60.28	494.60	213.72	-2.33	0.00	309.27	0.00	0.00	0.00
1481918567.0 35 -0.00	997.93	26.68	60.28	496.36	213.72	-0.00	0.00	309.04	0.00	0.00	0.00
1481918568.0 35 -0.00	999.19	26.68	60.44	487.60	211.25	-2.33	0.00	308.98	0.00	0.00	0.00
1481918569.0 35 -0.00	997.07	26.87	60.76	492.85	213.72	3.69	0.00	308.87	0.00	0.00	0.00
1481918570.0 35 -0.00	996.68	26.68	60.28	484.10	211.25	-0.00	0.00	308.93	0.00	0.00	0.00
1481918571.0 35 -0.00	998.33	26.87	60.28	477.09	210.02	-2.33	0.00	309.04	0.00	0.00	0.00
1481918572.0 35 -0.00	997.93	26.68	60.28	484.10	217.45	0.68	0.00	308.93	0.00	0.00	0.00
1481918573.0 35 -0.00	997.93	26.68	60.76	471.84	211.25	-0.00	0.00	308.98	0.00	0.00	0.00
1481918574.0 35 -0.00	997.93	26.68	59.97	466.58	214.96	-0.00	0.00	309.21	0.00	0.00	0.00
1481918576.0 35 -0.00	998.79	26.50	60.28	464.83	213.72	0.68	0.00	309.10	0.00	0.00	0.00
1481918577.0 35 -0.00	996.68	26.68	60.13	449.06	207.58	-0.00	0.00	308.87	0.00	0.00	0.00
1481918578.0 35 -0.00	997.93	26.68	60.92	438.55	205.15	-0.00	0.00	308.82	0.00	0.00	0.00
1481918579.0 35 -0.00	997.93	26.68	59.81	445.56	214.96	-0.00	0.00	308.93	0.00	0.00	0.00
1481918580.0 37 -0.00	997.93	26.68	60.60	433.30	207.58	-0.00	0.00	308.82	0.00	0.00	0.00
1481918581.0 37 -0.00	997.93	26.68	60.60	424.54	208.80	-0.00	0.00	309.21	473.68	0.00	0.00
1481918582.0 37 -0.00	997.93	26.68	60.44	431.55	217.45	-2.33	0.00	309.15	0.00	0.00	0.00
1481918583.0 37 -0.00	996.68	26.68	61.55	408.77	205.15	-0.00	0.00	308.87	0.00	0.00	0.00
1481918584.0 37 -0.00	997.93	26.68	58.07	417.53	212.48	-2.33	0.00	308.98	0.00	0.00	0.00
1481918585.0 37 -0.00	997.93	26.68	58.07	398.25	206.36	-0.00	0.00	308.82	0.00	0.00	0.00
1481918586.0 37 -0.00	997.93	26.68	58.39	394.75	206.36	-2.33	0.00	308.82	0.00	0.00	0.00
1481918587.0 37 -0.00	997.93	26.68	58.70	407.01	217.45	-2.33	0.00	309.15	0.00	0.00	0.00
1481918588.0 37 -0.00	997.54	26.50	58.70	393.00	208.80	-0.00	0.00	308.87	0.00	0.00	0.00
1481918589.0 37 -0.00	997.54	26.50	58.07	398.25	211.25	-0.00	0.00	309.32	0.00	0.00	0.00
1481918590.0 37 -0.00	998.33	26.87	58.86	408.77	216.20	-2.33	0.00	309.04	0.00	0.00	0.00
1481918591.0 37 -0.00	997.93	26.68	57.91	414.02	212.48	-0.00	0.00	308.98	0.00	0.00	0.00
1481918592.0 37 -0.00	998.33	26.87	57.75	421.03	211.25	-0.00	0.00	309.43	0.00	0.00	0.00
1481918593.0 36 -0.00	997.93	26.68	58.07	426.29	208.80	-0.00	0.00	308.93	0.00	0.00	0.00
1481918594.0 36 -0.00	998.73	27.06	58.39	440.31	208.80	-0.00	0.00	308.76	0.00	0.00	0.00
1481918595.0 36 -0.00	996.68	26.68	57.59	443.81	205.15	-0.00	0.00	308.82	0.00	0.00	0.00
1481918596.0 36 -0.00	998.33	26.87	58.23	454.32	205.15	-0.00	0.00	308.76	0.00	0.00	0.00
1481918597.0 36 -0.00	998.33	26.87	57.75	475.34	219.96	-0.00	0.00	309.32	0.00	0.00	0.00
1481918598.0 36 -0.00	997.07	26.87	58.54	480.59	210.02	-0.00	0.00	308.93	0.00	0.00	0.00
1481918599.0 36 -0.00	997.07	26.87	58.07	496.36	212.48	-0.00	0.00	308.98	0.00	0.00	0.00
1481918600.0 36 -0.00	998.33	26.87	57.75	503.36	213.72	-0.00	0.00	309.21	0.00	0.00	0.00
1481918601.0 36 -0.00	997.47	27.06	57.91	520.87	216.20	2.44	0.00	309.21	0.00	0.00	0.00
1481918602.0 36 -0.00	998.73	27.06	58.23	526.12	216.20	-0.00	0.00	309.15	0.00	0.00	0.00
1481918603.0 36 -0.00	998.73	27.06	57.59	513.87	205.15	-0.00	0.00	308.98	0.00	0.00	0.00
1481918605.0 36 -0.00	997.47	27.06	57.75	534.88	216.20	-0.00	0.00	308.98	0.00	0.00	0.00
1481918606.0 35 -0.00	997.47	27.06	58.86	526.12	207.58	-0.00	0.00	308.82	0.00	0.00	0.00
1481918607.0 35 -0.00	997.47	27.06	57.59	527.87	210.02	-0.00	0.00	309.27	0.00	0.00	0.00
1481918608.0 35 -0.00	997.87	27.24	58.07	547.13	222.49	0.68	0.00	309.38	0.00	0.00	0.00
1481918609.0 35 -0.00	997.47	27.06	64.87	536.63	213.72	-2.33	0.00	309.15	0.00	0.00	0.00
1481918610.0 35 -0.00	997.87	27.24	56.17	531.38	210.02	-0.00	0.00	308.93	0.00	0.00	0.00
1481918611.0 35 -0.00	997.47	27.06	58.23	533.13	211.25	-0.00	0.00	308.87	473.68	0.00	0.00
1481918612.0 35 -0.00	999.13	27.24	57.28	533.13	214.96	-0.00	0.00	309.27	473.68	0.00	0.00
1481918613.0 35 -0.00	997.87	27.24	57.59	545.38	217.45	-0.00	0.00	309.15	0.00	0.00	0.00
1481918614.0 35 -0.00	997.87	27.24	57.44	533.13	208.80	-0.00	0.00	308.93	0.00	0.00	0.00
1481918615.0 35 -0.00	997.87	27.24	57.44	534.88	211.25	-2.33	0.00	309.32	0.00	0.00	0.00
1481918616.0 35 -0.00	998.73	27.06	57.59	545.38	218.70	-2.33	0.00	309.15	0.00	0.00	0.00
1481918617.0 35 -0.00	999.13	27.24	57.44	536.63	212.48	-0.00	0.00	309.04	0.00	0.00	0.00
1481918618.0 35 -0.00	997.87	27.24	57.91	536.63	212.48	-0.00	0.00	309.27	0.00	0.00	0.00
1481918619.0 35 -0.00	998.73	27.06	57.44	536.63	216.20	-2.33	0.00	309.10	0.00	0.00	0.00
1481918620.0 35 -0.00	999.52	27.43	57.59	536.63	212.48	-0.00	0.00	309.04	0.00	0.00	0.00
1481918621.0 35 -0.00	997.87	27.24	57.44	533.13	211.25	2.44	0.00	309.04	0.00	0.00	0.00
1481918622.0 35 -0.00	997.47	27.06	58.07	548.88	221.22	3.69	0.00	309.21	0.00	0.00	0.00
1481918623.0 35 -0.00	999.13	27.24	57.28	540.13	212.48	-0.00	0.00	309.04	0.00	0.00	0.00
1481918624.0 35 -0.00	998.73	27.06	57.59	534.88	210.02	-2.33	0.00	309.04	0.00	0.00	0.00
1481918625.0 35 -0.00	997.47	27.06	57.59	540.13	211.25	-2.33	0.00	309.04	0.00	0.00	0.00
1481918626.0 35 -0.00	999.52	27.43	60.13	538.38	214.96	-0.00	0.00	309.49	0.00	0.00	0.00
1481918627.0 35 -0.00	997.47	27.06	58.39	534.88	211.25	-2.33	0.00	309.04	0.00	0.00	0.00
1481918628.0 35 -0.00	998.26	27.43	57.59	541.88	213.72	-0.00	0.00	309.04	0.00	0.00	0.00
1481918629.0 35 -0.00	998.26	27.43	67.25	533.13	210.02	-0.00	0.00	309.10	0.00	0.00	0.00
1481918630.0 35 -0.00	998.26	27.43	58.54	555.88	225.04	-2.33	0.00	309.43	0.00	0.00	0.00
1481918631.0 34 -0.00	999.13	27.24	58.70	541.88	213.72	-0.00	0.00	309.04	0.00	0.00	0.00
1481918632.0 34 -0.00	998.26	27.43	59.18	538.38	212.48	-0.00	0.00	309.04	0.00	0.00	0.00
1481918633.0 34 -0.00	998.26	27.43	58.54	548.88	219.96	0.68	0.00	309.43	0.00	0.00	0.00
1481918635.0 34 -0.00	997.87	27.24	59.18	540.13	212.48	-2.33	0.00	309.10	0.00	0.00	0.00
1481918636.0 34 -0.00	998.26	27.43	59.02	540.13	213.72	-0.00	0.00	309.04	0.00	0.00	0.00
1481918637.0 34 -0.00	997.87	27.24	64.24	545.38	216.20	-0.00	0.00	309.27	0.00	0.00	0.00
1481918638.0 34 -0.00	998.26	27.43	60.60	541.88	211.25	-0.00	0.00	309.27	0.00	0.00	0.00
1481918639.0 34 -0.00	999.52	27.43	59.02	548.88	216.20	-2.33	0.00	309.10	473.68	0.00	0.00
1481918640.0 34 -0.00	997.40	27.62	60.44	540.13	211.25	-0.00	0.00	308.98	0.00	0.00	0.00
1481918641.0 34 -0.00	998.26	27.43	58.39	540.13	211.25	-0.00	0.00	309.32	0.00	0.00	0.00
1481918642.0 34 -0.00	999.52	27.43	58.54	552.38	218.70	4.66	0.00	309.32	0.00	0.00	0.00
1481918643.0 34 -0.00	998.26	27.43	58.86	540.13	211.25	-0.00	0.00	309.04	0.00	0.00	0.00
1481918644.0 34 -0.00	998.26	27.43	58.54	541.88	212.48	-2.33	0.00	309.27	0.00	0.00	0.00
1481918645.0 34 -0.00	998.66	27.62	58.39	538.38	211.25	-0.00	0.00	309.10	0.00	0.00	0.00
1481918646.0 34 -0.00	998.26	27.43	59.02	540.13	211.25	-0.00	0.00	308.82	473.68	0.00	0.00
1481918647.0 34 -0.00	998.66	27.62	58.70	531.38	206.36	-0.00	0.00	308.93	0.00	0.00	0.00
1481918648.0 34 -0.00	997.00	27.43	58.23	541.88	216.20	-0.00	0.00	309.49	0.00	0.00	0.00
1481918649.0 34 -0.00	997.40	27.62	58.39	550.63	221.22	-2.33	0.00	309.10	0.00	0.00	0.00
1481918650.0 34 -0.00	998.26	27.43	58.54	547.13	216.20	0.68	0.00	309.21	0.00	0.00	0.00
1481918651.0 34 -0.00	998.66	27.62	58.07	548.88	217.45	-2.33	0.00	309.15	0.00	0.00	0.00
1481918652.0 34 -0.00	998.66	27.62	58.39	540.13	212.48	-0.00	0.00	309.10	0.00	0.00	0.00
1481918653.0 34 -0.00	999.06	27.80	58.07	550.63	219.96	-0.00	0.00	309.66	0.00	0.00	0.00
1481918654.0 34 -0.00	999.06	27.80	57.75	552.38	219.96	-0.00	0.00	309.21	0.00	0.00	0.00
1481918655.0 34 -0.00	997.40	27.62	58.07	540.13	213.72	-2.33	0.00	309.10	0.00	0.00	0.00
1481918656.0 34 -0.00	998.66	27.62	58.07	545.38	219.96	-2.33	0.00	309.60	0.00	0.00	0.00
1481918657.0 34 -0.00	998.66	27.62	57.91	555.88	223.76	0.68	0.00	309.21	0.00	0.00	0.00
1481918658.0 34 -0.00	998.26	27.43	58.39	545.38	216.20	-0.00	0.00	309.27	0.00	0.00	0.00
1481918659.0 34 -0.00	998.66	27.62	58.54	543.63	217.45	-0.00	0.00	309.49	0.00	0.00	0.00
1481918660.0 34 -0.00	997.40	27.62	58.07	547.13	217.45	-0.00	0.00	309.27	0.00	0.00	0.00
1481918661.0 34 -0.00	997.40	27.62	58.39	541.88	214.96	-2.33	0.00	309.21	0.00	0.00	0.00
1481918662.0 34 -0.00	997.00	27.43	57.59	541.88	214.96	-0.00	0.00	309.43	473.68	0.00	0.00
1481918663.0 34 -0.00	998.66	27.62	58.39	555.88	223.76	-2.33	0.00	309.21	0.00	0.00	0.00
1481918664.0 34 -0.00	996.14	27.62	58.07	540.13	213.72	0.68	0.00	309.15	0.00	0.00	0.00
1481918666.0 34 -0.00	997.00	27.43	58.07	543.63	214.96	-0.00	0.00	309.15	0.00	0.00	0.00
1481918667.0 34 -0.00	997.40	27.62	57.75	541.88	214.96	-0.00	0.00	309.15	0.00	0.00	0.00
1481918668.0 34 -0.00	997.40	27.62	58.07	555.88	227.60	5.45	0.00	309.60	0.00	0.00	0.00
1481918669.0 34 -0.00	998.66	27.62	58.07	545.38	217.45	-2.33	0.00	309.27	0.00	0.00	0.00
1481918670.0 34 -0.00	997.40	27.62	57.59	541.88	216.20	-2.33	0.00	309.21	0.00	0.00	0.00
1481918671.0 34 -0.00	997.40	27.62	57.91	533.13	212.48	-0.00	0.00	309.15	0.00	0.00	0.00
1481918672.0 34 -0.00	997.40	27.62	57.91	543.63	214.96	4.66	0.00	309.04	0.00	0.00	0.00
1481918673.0 34 -0.00	998.26	27.43	57.91	531.38	211.25	-0.00	0.00	308.98	0.00	0.00	0.00
1481918674.0 34 -0.00	997.40	27.62	58.54	540.13	217.45	-0.00	0.00	309.60	0.00	0.00	0.00
1481918675.0 34 -0.00	999.06	27.80	58.39	534.88	211.25	-0.00	0.00	309.32	0.00	0.00	0.00
1481918676.0 34 -0.00	997.40	27.62	57.91	534.88	213.72	-0.00	0.00	309.04	0.00	0.00	0.00
1481919465.0 40 -0.00	997.80	27.80	53.16	552.38	211.25	-2.33	391.65	308.98	0.00	0.00	0.00
