# Name = UIS1
# Version = 1.0
# Location = Universidad Industrial de Santander
# Sensors = Presion, Temperatura, Humedad, Irradiancia, Iluminancia, Ruido, LLuvia, CO2, NO2, Latitud, Longitud, Nubosidad
# Power = Red
# GPS = si
# Time Zone = UTC-5
# Data = UTCtime GPStime Presion Temperatura Humedad Irradiancia Iluminancia  Ruido Lluvia CO2 NO2 Latitud Longitud Nubosidad 
1468299600.0 100 170042.23	1000.16	19.58	90.51	0.00	226.32	8.81	-666.00	309.60	0.00	708.35	7307.28
1468299601.0 100 170042.23	996.85	19.77	89.87	0.00	230.18	13.58	-666.00	309.72	344.01	708.35	7307.28
1468299602.0 100 170042.23	998.09	19.77	90.66	0.00	225.04	13.23	-666.00	309.60	0.00	708.35	7307.28
1468299603.0 100 170042.23	1000.57	19.77	90.03	0.00	231.48	15.30	-666.00	309.77	0.00	708.35	7307.28
1468299603.0 100 170042.23	999.76	19.39	87.18	0.00	234.09	7.67	-666.00	309.89	0.00	708.35	7307.28
1468299604.0 100 170042.23	998.09	19.77	84.02	0.00	228.89	7.21	-666.00	310.05	0.00	708.35	7307.28
1468299605.0 100 170042.23	997.69	19.58	85.76	0.00	230.18	10.89	-666.00	310.05	0.00	708.35	7307.28
1468299606.0 100 170042.23	997.69	19.58	90.51	0.00	227.60	12.85	-666.00	309.72	344.01	708.35	7307.28
1468299606.0 100 170042.23	998.92	19.58	90.66	0.00	227.60	12.58	-666.00	309.60	0.00	708.35	7307.28
1468299607.0 100 170042.23	1000.16	19.58	90.66	0.00	227.60	11.98	-666.00	309.66	0.00	708.35	7307.28
1468299608.0 100 170042.23	999.33	19.77	89.72	0.00	232.78	9.97	-666.00	309.77	0.00	708.35	7307.28
1468299608.0 100 170042.23	1000.57	19.77	90.51	0.00	225.04	11.65	-666.00	309.60	0.00	708.35	7307.28
