# Name = UIS1
# Version = 1.0
# Location = Universidad Industrial de Santander
# Sensors = Presion, Temperatura, Humedad, Irradiancia, Iluminancia, Ruido, LLuvia, CO2, NO2, Latitud, Longitud, Nubosidad
# Power = Red
# GPS = si
# Time Zone = UTC-5
# Data = UTCtime GPStime Presion Temperatura Humedad Irradiancia Iluminancia  Ruido Lluvia CO2 NO2 Latitud Longitud Nubosidad 
1467781200.0 100 153448.71	990.33	18.46	90.98	0.00	223.76	-0.00	-666.00	309.60	0.00	709.16	7307.07
1467781201.0 100 153448.71	990.33	18.46	89.56	0.00	223.76	-0.00	-666.00	309.83	0.00	709.16	7307.07
1467781202.0 100 153448.71	989.09	18.46	90.19	0.00	230.18	2.44	-666.00	309.77	0.00	709.16	7307.07
1467781202.0 100 153448.71	989.09	18.46	90.35	0.00	225.04	-0.00	-666.00	309.60	473.68	709.16	7307.07
1467781203.0 100 153448.71	990.33	18.46	90.66	0.00	227.60	-0.00	-666.00	309.66	0.00	709.16	7307.07
1467781204.0 100 153448.71	989.09	18.46	90.66	0.00	225.04	-0.00	-666.00	309.60	0.00	709.16	7307.07
1467781205.0 100 153448.71	990.33	18.46	90.82	0.00	223.76	-0.00	-666.00	309.60	0.00	709.16	7307.07
1467781205.0 100 153448.71	988.69	18.27	91.14	0.00	222.49	8.08	-666.00	309.43	0.00	709.16	7307.07
1467781206.0 100 153448.71	989.09	18.46	90.51	0.00	228.89	0.68	-666.00	309.72	0.00	709.16	7307.07
1467781207.0 100 153448.71	990.33	18.46	89.87	0.00	223.76	-2.33	-666.00	309.66	0.00	709.16	7307.07
