# Name = UIS1
# Version = 1.0
# Location = Universidad Industrial de Santander
# Sensors = Presion, Temperatura, Humedad, Irradiancia, Iluminancia, Ruido, LLuvia, CO2, NO2, Latitud, Longitud, Nubosidad
# Power = Red
# GPS = si
# Time Zone = UTC-5
# Data = UTCtime GPStime Presion Temperatura Humedad Irradiancia Iluminancia  Ruido Lluvia CO2 NO2 Latitud Longitud Nubosidad 
1477346401.0 33 184205.62	998.46	25.75	61.08	0.00	218.70	-2.33	0.00	309.27	0.00	708.54	7307.44
# Name = UIS1
# Version = 1.0
# Location = Universidad Industrial de Santander
# Sensors = Presion, Temperatura, Humedad, Irradiancia, Iluminancia, Ruido, LLuvia, CO2, NO2, Latitud, Longitud, Nubosidad
# Power = Red
# GPS = si
# Time Zone = UTC-5
# Data = UTCtime GPStime Presion Temperatura Humedad Irradiancia Iluminancia  Ruido Lluvia CO2 NO2 Latitud Longitud Nubosidad 
1477346402.0 33 184205.62	998.46	25.75	61.23	0.00	221.22	-0.00	0.00	309.55	0.00	708.54	7307.44
1477346403.0 33 184205.62	997.20	25.75	60.76	0.00	221.22	-0.00	0.00	309.38	0.00	708.54	7307.44
1477346404.0 33 184205.62	998.46	25.75	60.92	0.00	212.48	-0.00	0.00	309.27	0.00	708.54	7307.44
1477346405.0 33 184205.62	997.20	25.75	61.08	0.00	219.96	2.44	0.00	309.21	0.00	708.54	7307.44
1477346406.0 33 184205.62	997.20	25.75	61.23	0.00	213.72	0.68	0.00	309.21	0.00	708.54	7307.44
1477346407.0 33 184205.62	998.85	25.93	60.76	0.00	217.45	-0.00	0.00	309.43	0.00	708.54	7307.44
1477346408.0 33 184205.62	997.20	25.75	61.08	0.00	225.04	-2.33	0.00	309.38	0.00	708.54	7307.44
1477346409.0 33 184205.62	997.20	25.75	60.60	0.00	216.20	-0.00	0.00	309.15	0.00	708.54	7307.44
1477346410.0 33 184205.62	998.06	25.56	61.55	0.00	225.04	-0.00	0.00	309.32	0.00	708.54	7307.44
1477346411.0 33 184205.62	997.20	25.75	60.28	0.00	214.96	-2.33	0.00	309.27	0.00	708.54	7307.44
1477346412.0 33 184205.62	998.06	25.56	60.92	1.76	222.49	-0.00	0.00	309.27	0.00	708.54	7307.44
1477346413.0 33 184205.62	997.20	25.75	61.23	0.00	214.96	-2.33	0.00	309.27	0.00	708.54	7307.44
1477346414.0 33 184205.62	998.46	25.75	60.76	0.00	222.49	2.44	0.00	309.21	0.00	708.54	7307.44
1477346414.0 33 184205.62	998.06	25.56	61.39	0.00	216.20	-2.33	0.00	309.27	0.00	708.54	7307.44
1477346415.0 33 184205.62	998.46	25.75	60.92	0.00	221.22	2.44	0.00	309.27	0.00	708.54	7307.44
1477346416.0 33 184205.62	998.46	25.75	61.55	0.00	214.96	-2.33	0.00	309.27	0.00	708.54	7307.44
1477346417.0 33 184205.62	998.06	25.56	61.39	0.00	221.22	-0.00	0.00	309.55	0.00	708.54	7307.44
1477346418.0 33 184205.62	996.80	25.56	61.39	0.00	216.20	-0.00	0.00	309.15	0.00	708.54	7307.44
1477346419.0 33 184205.62	998.06	25.56	60.92	0.00	217.45	-0.00	0.00	309.32	0.00	708.54	7307.44
1477346420.0 33 184205.62	998.46	25.75	61.39	0.00	219.96	0.68	0.00	309.32	0.00	708.54	7307.44
1477346421.0 33 184205.62	997.20	25.75	61.23	0.00	217.45	-0.00	0.00	309.21	0.00	708.54	7307.44
1477346422.0 33 184205.62	998.46	25.75	61.55	0.00	217.45	-2.33	0.00	309.27	0.00	708.54	7307.44
1477346423.0 33 184205.62	998.85	25.93	60.76	0.00	216.20	-0.00	0.00	309.27	0.00	708.54	7307.44
1477346424.0 33 184205.62	998.46	25.75	61.39	0.00	216.20	-2.33	0.00	309.27	473.68	708.54	7307.44
1477346425.0 33 184205.62	998.46	25.75	60.60	0.00	216.20	-2.33	0.00	309.27	0.00	708.54	7307.44
1477346426.0 33 184205.62	997.20	25.75	60.76	0.00	219.96	2.44	0.00	309.32	0.00	708.54	7307.44
1477346427.0 33 184205.62	998.46	25.75	60.76	0.00	216.20	-0.00	0.00	309.27	0.00	708.54	7307.44
1477346428.0 33 184205.62	997.20	25.75	60.92	0.00	218.70	0.68	0.00	309.21	0.00	708.54	7307.44
1477346429.0 33 184205.62	998.46	25.75	60.44	0.00	217.45	-0.00	0.00	309.60	0.00	708.54	7307.44
1477346430.0 32 184205.62	997.66	25.37	60.92	0.00	213.72	-0.00	0.00	309.21	0.00	708.54	7307.44
1477346431.0 32 184205.62	997.20	25.75	61.08	0.00	219.96	-2.33	0.00	309.21	473.68	708.54	7307.44
1477346432.0 32 184205.62	997.20	25.75	61.39	0.00	217.45	-2.33	0.00	309.21	0.00	708.54	7307.44
1477346433.0 32 184205.62	998.46	25.75	61.39	0.00	214.96	-0.00	0.00	309.27	0.00	708.54	7307.44
1477346434.0 32 184205.62	996.80	25.56	61.39	0.00	221.22	3.69	0.00	309.32	0.00	708.54	7307.44
1477346435.0 32 184205.62	997.20	25.75	60.60	0.00	216.20	-2.33	0.00	309.27	0.00	708.54	7307.44
1477346436.0 32 184205.62	997.60	25.93	61.55	0.00	218.70	-2.33	0.00	309.27	0.00	708.54	7307.44
1477346437.0 32 184205.62	998.06	25.56	60.92	0.00	216.20	-0.00	0.00	309.27	0.00	708.54	7307.44
1477346438.0 32 184205.62	998.46	25.75	62.66	0.00	217.45	-0.00	0.00	309.27	0.00	708.54	7307.44
1477346439.0 32 184205.62	997.20	25.75	60.92	0.00	216.20	-0.00	0.00	309.38	0.00	708.54	7307.44
1477346440.0 32 184205.62	997.20	25.75	60.76	0.00	217.45	-0.00	0.00	309.27	0.00	708.54	7307.44
1477346441.0 32 184205.62	997.20	25.75	61.39	0.00	217.45	-2.33	0.00	309.32	0.00	708.54	7307.44
1477346442.0 32 184205.62	996.80	25.56	61.23	0.00	217.45	-0.00	0.00	309.21	0.00	708.54	7307.44
1477346443.0 33 184205.62	998.85	25.93	61.08	0.00	213.72	-0.00	0.00	309.21	0.00	708.54	7307.44
1477346444.0 33 184205.62	998.46	25.75	60.76	0.00	217.45	-2.33	0.00	309.21	0.00	708.54	7307.44
1477346445.0 33 184205.62	998.46	25.75	61.23	0.00	211.25	-2.33	0.00	308.98	0.00	708.54	7307.44
1477346446.0 33 184205.62	998.06	25.56	61.39	0.00	216.20	-2.33	0.00	309.15	0.00	708.54	7307.44
1477346447.0 33 184205.62	997.20	25.75	61.55	0.00	225.04	3.69	0.00	309.38	0.00	708.54	7307.44
1477346448.0 33 184205.62	996.80	25.56	61.23	0.00	214.96	-0.00	0.00	309.15	0.00	708.54	7307.44
1477346449.0 33 184205.62	997.20	25.75	61.23	0.00	225.04	0.68	0.00	309.38	0.00	708.54	7307.44
1477346450.0 33 184205.62	997.20	25.75	60.92	0.00	214.96	-0.00	0.00	309.15	0.00	708.54	7307.44
1477346451.0 33 184205.62	998.46	25.75	61.08	0.00	223.76	0.68	0.00	309.32	0.00	708.54	7307.44
1477346452.0 33 184205.62	998.85	25.93	61.23	0.00	216.20	-0.00	0.00	309.15	0.00	708.54	7307.44
1477346453.0 33 184205.62	998.06	25.56	60.92	0.00	226.32	-0.00	0.00	309.27	0.00	708.54	7307.44
1477346454.0 33 184205.62	997.20	25.75	60.76	0.00	216.20	-0.00	0.00	309.21	0.00	708.54	7307.44
1477346455.0 33 184205.62	998.85	25.93	60.76	0.00	221.22	-2.33	0.00	309.27	0.00	708.54	7307.44
1477346456.0 33 184205.62	997.20	25.75	60.60	0.00	211.25	-0.00	0.00	308.98	0.00	708.54	7307.44
1477346457.0 33 184205.62	998.06	25.56	60.76	0.00	222.49	-0.00	0.00	309.72	0.00	708.54	7307.44
1477346458.0 33 184205.62	997.20	25.75	60.76	0.00	219.96	-0.00	0.00	309.27	0.00	708.54	7307.44
1477346459.0 33 184205.62	997.20	25.75	60.76	0.00	217.45	-0.00	0.00	309.72	0.00	708.54	7307.44
1477346460.0 33 184205.62	997.60	25.93	60.92	0.00	217.45	-0.00	0.00	309.21	0.00	708.54	7307.44
1477346461.0 33 184205.62	998.46	25.75	61.23	0.00	216.20	-2.33	0.00	309.60	0.00	708.54	7307.44
1477346462.0 33 184205.62	998.46	25.75	60.92	0.00	217.45	-0.00	0.00	309.27	0.00	708.54	7307.44
1477346463.0 33 184205.62	998.46	25.75	61.39	0.00	217.45	-2.33	0.00	309.55	0.00	708.54	7307.44
1477346464.0 33 184205.62	998.46	25.75	61.23	0.00	217.45	-0.00	0.00	309.27	0.00	708.54	7307.44
1477346465.0 33 184205.62	998.46	25.75	60.92	0.00	223.76	-0.00	0.00	309.55	0.00	708.54	7307.44
1477346466.0 33 184205.62	997.20	25.75	60.28	0.00	217.45	0.68	0.00	309.38	0.00	708.54	7307.44
1477346467.0 33 184205.62	998.85	25.93	60.13	0.00	225.04	-0.00	0.00	309.49	0.00	708.54	7307.44
1477346468.0 33 184205.62	997.20	25.75	60.44	0.00	216.20	-2.33	0.00	309.21	0.00	708.54	7307.44
1477346469.0 33 184205.62	998.46	25.75	60.76	0.00	222.49	-0.00	0.00	309.66	0.00	708.54	7307.44
1477346470.0 33 184205.62	997.20	25.75	61.08	0.00	217.45	-2.33	0.00	309.27	0.00	708.54	7307.44
1477346471.0 33 184205.62	997.20	25.75	60.60	0.00	216.20	-2.33	0.00	309.38	0.00	708.54	7307.44
1477346472.0 33 184205.62	999.71	25.75	61.08	0.00	216.20	-0.00	0.00	309.27	0.00	708.54	7307.44
1477346472.0 33 184205.62	997.20	25.75	60.60	0.00	225.04	4.66	0.00	309.32	0.00	708.54	7307.44
1477346473.0 33 184205.62	997.20	25.75	60.76	0.00	216.20	-2.33	0.00	309.60	0.00	708.54	7307.44
1477346474.0 33 184205.62	997.60	25.93	61.08	0.00	225.04	0.68	0.00	309.21	473.68	708.54	7307.44
1477346475.0 33 184205.62	998.46	25.75	60.28	0.00	217.45	-0.00	0.00	309.72	0.00	708.54	7307.44
1477346476.0 33 184205.62	998.46	25.75	62.03	0.00	219.96	3.69	0.00	309.15	0.00	708.54	7307.44
1477346477.0 33 184205.62	997.60	25.93	61.08	0.00	218.70	-2.33	0.00	309.66	0.00	708.54	7307.44
1477346478.0 33 184205.62	997.60	25.93	60.60	0.00	219.96	-2.33	0.00	309.27	0.00	708.54	7307.44
1477346479.0 33 184205.62	998.85	25.93	60.92	0.00	217.45	-0.00	0.00	309.60	0.00	708.54	7307.44
1477346480.0 33 184205.62	997.20	25.75	60.76	0.00	219.96	-2.33	0.00	309.32	0.00	708.54	7307.44
1477346481.0 33 184205.62	998.46	25.75	60.60	0.00	222.49	0.68	0.00	309.66	0.00	708.54	7307.44
1477346482.0 33 184205.62	997.20	25.75	60.60	0.00	221.22	-2.33	0.00	309.32	0.00	708.54	7307.44
1477346483.0 33 184205.62	998.06	25.56	60.28	0.00	216.20	2.44	0.00	309.38	0.00	708.54	7307.44
1477346484.0 33 184205.62	998.06	25.56	60.76	0.00	217.45	-0.00	0.00	309.27	0.00	708.54	7307.44
1477346485.0 33 184205.62	997.60	25.93	60.92	0.00	221.22	-0.00	0.00	309.43	0.00	708.54	7307.44
1477346486.0 33 184205.62	998.46	25.75	60.92	0.00	216.20	-0.00	0.00	309.27	0.00	708.54	7307.44
1477346487.0 33 184205.62	996.80	25.56	60.60	0.00	221.22	-0.00	0.00	309.21	0.00	708.54	7307.44
1477346488.0 33 184205.62	997.60	25.93	60.28	0.00	214.96	-0.00	0.00	309.21	0.00	708.54	7307.44
1477346489.0 33 184205.62	998.46	25.75	60.60	0.00	219.96	-0.00	0.00	309.32	0.00	708.54	7307.44
1477346490.0 33 184205.62	998.46	25.75	60.60	0.00	214.96	0.68	0.00	309.38	0.00	708.54	7307.44
1477346491.0 33 184205.62	997.20	25.75	60.92	0.00	221.22	-0.00	0.00	309.27	0.00	708.54	7307.44
1477346492.0 33 184205.62	998.46	25.75	60.13	0.00	216.20	-0.00	0.00	309.27	0.00	708.54	7307.44
1477346493.0 33 184205.62	997.20	25.75	60.60	1.76	217.45	-0.00	0.00	309.27	0.00	708.54	7307.44
1477346494.0 33 184205.62	996.80	25.56	60.92	0.00	217.45	0.68	0.00	309.49	0.00	708.54	7307.44
1477346495.0 33 184205.62	997.20	25.75	60.76	0.00	211.25	-2.33	0.00	309.32	0.00	708.54	7307.44
1477346496.0 33 184205.62	997.20	25.75	60.60	0.00	216.20	-0.00	0.00	309.21	0.00	708.54	7307.44
1477346497.0 33 184205.62	997.20	25.75	61.23	0.00	223.76	-2.33	0.00	309.38	0.00	708.54	7307.44
1477346498.0 33 184205.62	998.46	25.75	60.60	0.00	217.45	-2.33	0.00	309.38	0.00	708.54	7307.44
1477346499.0 33 184205.62	998.46	25.75	60.60	0.00	221.22	-0.00	0.00	309.43	0.00	708.54	7307.44
1477346500.0 33 184205.62	996.80	25.56	60.44	0.00	218.70	-0.00	0.00	309.43	0.00	708.54	7307.44
1477346501.0 33 184205.62	998.46	25.75	61.08	0.00	216.20	-0.00	0.00	309.15	0.00	708.54	7307.44
1477346502.0 33 184205.62	998.46	25.75	60.44	0.00	219.96	-0.00	0.00	309.27	0.00	708.54	7307.44
1477346503.0 33 184205.62	997.60	25.93	59.97	0.00	216.20	-2.33	0.00	309.60	0.00	708.54	7307.44
1477346504.0 33 184205.62	998.46	25.75	60.44	0.00	219.96	-2.33	0.00	309.27	0.00	708.54	7307.44
1477346505.0 33 184205.62	996.80	25.56	60.92	0.00	216.20	-2.33	0.00	309.66	473.68	708.54	7307.44
1477346506.0 33 184205.62	998.46	25.75	60.76	0.00	217.45	-2.33	0.00	309.21	0.00	708.54	7307.44
1477346507.0 33 184205.62	996.80	25.56	60.44	0.00	218.70	-0.00	0.00	309.49	473.68	708.54	7307.44
1477346508.0 33 184205.62	998.46	25.75	59.97	0.00	218.70	-0.00	0.00	309.21	0.00	708.54	7307.44
1477346509.0 33 184205.62	998.46	25.75	60.28	0.00	218.70	-2.33	0.00	309.32	0.00	708.54	7307.44
1477346510.0 33 184205.62	996.80	25.56	60.44	0.00	217.45	-2.33	0.00	309.38	0.00	708.54	7307.44
1477346511.0 33 184205.62	997.60	25.93	59.49	0.00	216.20	-0.00	0.00	309.27	0.00	708.54	7307.44
1477346512.0 33 184205.62	998.46	25.75	60.28	0.00	217.45	-2.33	0.00	309.27	0.00	708.54	7307.44
1477346513.0 33 184205.62	997.20	25.75	59.81	0.00	223.76	5.45	0.00	309.38	0.00	708.54	7307.44
1477346514.0 33 184205.62	998.46	25.75	59.34	0.00	214.96	-0.00	0.00	309.38	0.00	708.54	7307.44
1477346515.0 33 184205.62	997.20	25.75	60.13	0.00	223.76	-2.33	0.00	309.43	0.00	708.54	7307.44
1477346516.0 33 184205.62	998.46	25.75	59.49	0.00	217.45	-0.00	0.00	309.60	0.00	708.54	7307.44
1477346517.0 33 184205.62	996.41	25.37	60.13	0.00	222.49	-0.00	0.00	309.27	0.00	708.54	7307.44
1477346518.0 33 184205.62	996.41	25.37	60.28	0.00	217.45	3.69	0.00	309.66	0.00	708.54	7307.44
1477346519.0 33 184205.62	998.06	25.56	59.65	0.00	219.96	2.44	0.00	309.15	0.00	708.54	7307.44
1477346520.0 33 184205.62	998.46	25.75	59.81	0.00	216.20	-0.00	0.00	309.77	0.00	708.54	7307.44
1477346521.0 33 184205.62	999.31	25.56	60.13	0.00	219.96	-2.33	0.00	309.21	0.00	708.54	7307.44
1477346522.0 33 184205.62	996.41	25.37	60.13	0.00	226.32	-0.00	0.00	309.60	0.00	708.54	7307.44
1477346523.0 33 184205.62	998.46	25.75	59.97	0.00	218.70	-2.33	0.00	309.38	0.00	708.54	7307.44
1477346524.0 33 184205.62	996.80	25.56	60.13	0.00	217.45	-0.00	0.00	309.38	0.00	708.54	7307.44
1477346525.0 33 184205.62	998.46	25.75	58.86	0.00	217.45	-0.00	0.00	309.72	0.00	708.54	7307.44
1477346526.0 33 184205.62	998.85	25.93	59.65	0.00	225.04	-0.00	0.00	309.27	0.00	708.54	7307.44
1477346527.0 33 184205.62	996.80	25.56	59.49	0.00	217.45	-0.00	0.00	309.60	0.00	708.54	7307.44
1477346528.0 33 184205.62	998.06	25.56	60.13	0.00	218.70	0.68	0.00	309.21	0.00	708.54	7307.44
1477346529.0 33 184205.62	998.46	25.75	59.65	0.00	217.45	-0.00	0.00	309.60	0.00	708.54	7307.44
1477346530.0 33 184205.62	997.20	25.75	59.81	0.00	221.22	-2.33	0.00	309.32	0.00	708.54	7307.44
1477346530.0 33 184205.62	997.66	25.37	59.49	0.00	217.45	-2.33	0.00	309.55	473.68	708.54	7307.44
1477346531.0 33 184205.62	996.41	25.37	60.13	0.00	221.22	0.68	0.00	309.15	473.68	708.54	7307.44
1477346532.0 33 184205.62	998.46	25.75	60.13	0.00	223.76	-2.33	0.00	309.66	0.00	708.54	7307.44
1477346533.0 33 184205.62	998.06	25.56	60.13	0.00	218.70	-0.00	0.00	309.32	0.00	708.54	7307.44
1477346534.0 33 184205.62	998.06	25.56	59.65	0.00	226.32	-2.33	0.00	309.66	344.01	708.54	7307.44
1477346535.0 33 184205.62	996.80	25.56	62.82	0.00	216.20	-0.00	0.00	309.27	0.00	708.54	7307.44
1477346536.0 33 184205.62	997.66	25.37	60.13	0.00	214.96	-0.00	0.00	309.27	0.00	708.54	7307.44
1477346537.0 33 184205.62	998.46	25.75	59.34	0.00	218.70	-0.00	0.00	309.43	0.00	708.54	7307.44
1477346538.0 33 184205.62	997.66	25.37	59.97	0.00	217.45	-2.33	0.00	309.27	0.00	708.54	7307.44
1477346539.0 33 184205.62	999.31	25.56	59.81	0.00	216.20	-2.33	0.00	309.49	0.00	708.54	7307.44
1477346540.0 33 184205.62	998.06	25.56	59.49	0.00	217.45	-0.00	0.00	309.27	0.00	708.54	7307.44
1477346541.0 33 184205.62	997.20	25.75	59.34	0.00	217.45	0.68	0.00	309.32	0.00	708.54	7307.44
1477346542.0 33 184205.62	998.46	25.75	59.34	0.00	217.45	-2.33	0.00	309.27	0.00	708.54	7307.44
1477346543.0 33 184205.62	998.06	25.56	59.81	0.00	217.45	-0.00	0.00	309.27	0.00	708.54	7307.44
1477346544.0 33 184205.62	997.66	25.37	59.81	0.00	216.20	-2.33	0.00	309.38	0.00	708.54	7307.44
1477346545.0 33 184205.62	998.46	25.75	59.34	0.00	219.96	-0.00	0.00	309.32	0.00	708.54	7307.44
1477346546.0 33 184205.62	998.46	25.75	59.34	0.00	217.45	-2.33	0.00	309.55	0.00	708.54	7307.44
1477346547.0 33 184205.62	997.66	25.37	59.81	0.00	219.96	-2.33	0.00	309.27	0.00	708.54	7307.44
1477346548.0 33 184205.62	998.46	25.75	59.49	0.00	217.45	-2.33	0.00	309.15	0.00	708.54	7307.44
1477346549.0 33 184205.62	998.46	25.75	59.49	0.00	213.72	-0.00	0.00	309.27	0.00	708.54	7307.44
1477346550.0 33 184205.62	998.06	25.56	60.13	0.00	216.20	-0.00	0.00	309.49	0.00	708.54	7307.44
1477346551.0 33 184205.62	998.06	25.56	59.34	0.00	219.96	-2.33	0.00	309.15	0.00	708.54	7307.44
1477346552.0 33 184205.62	997.66	25.37	59.81	0.00	222.49	-2.33	0.00	309.66	0.00	708.54	7307.44
1477346553.0 33 184205.62	998.46	25.75	59.49	0.00	218.70	0.68	0.00	309.15	0.00	708.54	7307.44
1477346554.0 33 184205.62	998.46	25.75	59.49	0.00	226.32	3.69	0.00	309.60	473.68	708.54	7307.44
1477346555.0 33 184205.62	996.41	25.37	59.65	0.00	216.20	-0.00	0.00	309.10	473.68	708.54	7307.44
1477346556.0 33 184205.62	998.91	25.37	59.49	0.00	225.04	-0.00	0.00	309.38	473.68	708.54	7307.44
1477346557.0 33 184205.62	998.46	25.75	59.18	0.00	216.20	-2.33	0.00	309.32	0.00	708.54	7307.44
1477346558.0 33 184205.62	998.06	25.56	60.28	0.00	226.32	-2.33	0.00	309.38	0.00	708.54	7307.44
1477346559.0 33 184205.62	999.31	25.56	59.97	0.00	217.45	-2.33	0.00	309.32	0.00	708.54	7307.44
1477346560.0 33 184205.62	996.41	25.37	60.28	0.00	225.04	4.66	0.00	309.43	0.00	708.54	7307.44
1477346561.0 33 184205.62	998.06	25.56	60.13	0.00	214.96	-0.00	0.00	309.21	473.68	708.54	7307.44
1477346562.0 33 184205.62	998.06	25.56	59.65	0.00	214.96	0.68	0.00	309.27	0.00	708.54	7307.44
1477346563.0 33 184205.62	998.91	25.37	59.65	0.00	214.96	2.44	0.00	309.21	0.00	708.54	7307.44
1477346564.0 33 184205.62	998.06	25.56	59.97	0.00	228.89	-0.00	0.00	309.66	0.00	708.54	7307.44
1477346565.0 33 184205.62	998.06	25.56	60.13	0.00	216.20	0.68	0.00	309.27	473.68	708.54	7307.44
1477346566.0 33 184205.62	998.06	25.56	59.65	0.00	222.49	-0.00	0.00	309.60	0.00	708.54	7307.44
1477346567.0 33 184205.62	997.66	25.37	60.13	0.00	217.45	-0.00	0.00	309.32	0.00	708.54	7307.44
1477346568.0 33 184205.62	999.31	25.56	66.61	0.00	222.49	-2.33	0.00	309.38	473.68	708.54	7307.44
1477346569.0 33 184205.62	996.41	25.37	59.81	0.00	219.96	-2.33	0.00	309.43	0.00	708.54	7307.44
1477346570.0 33 184205.62	998.91	25.37	59.97	0.00	223.76	-2.33	0.00	309.38	0.00	708.54	7307.44
1477346571.0 33 184205.62	997.66	25.37	59.97	0.00	217.45	-0.00	0.00	309.21	473.68	708.54	7307.44
1477346572.0 33 184205.62	996.80	25.56	60.28	0.00	223.76	0.68	0.00	309.38	0.00	708.54	7307.44
1477346573.0 33 184205.62	998.91	25.37	60.13	0.00	216.20	-2.33	0.00	309.49	0.00	708.54	7307.44
1477346574.0 33 184205.62	997.26	25.19	59.65	0.00	227.60	4.66	0.00	309.43	473.68	708.54	7307.44
1477346575.0 33 184205.62	996.41	25.37	60.28	0.00	216.20	0.68	0.00	309.21	0.00	708.54	7307.44
1477346576.0 33 184205.62	996.01	25.19	59.65	0.00	222.49	0.68	0.00	309.43	0.00	708.54	7307.44
1477346577.0 33 184205.62	998.06	25.56	59.81	0.00	211.25	-2.33	0.00	308.98	0.00	708.54	7307.44
1477354886.0 100 184205.62	999.38	28.55	57.12	0.00	214.96	10.89	0.00	309.21	344.01	708.54	7307.44
1477354887.0 100 184205.62	1000.65	28.55	57.12	0.00	217.45	12.44	0.00	309.21	344.01	708.54	7307.44
