1466093962.0 52 162104.64	1002.08	30.42	-24.84	694.08	207.58	-0.00	0.00	308.65	0.00	708.39	7307.28
1466093963.0 52 162104.64	1001.68	30.23	-24.84	734.29	200.35	-0.00	0.00	308.54	0.00	708.39	7307.28
1466093964.0 52 162104.64	1002.95	30.23	-25.00	793.69	203.95	-0.00	0.00	308.98	0.00	708.39	7307.28
1466093965.0 52 162104.64	1004.61	30.42	-24.84	833.85	201.55	-0.00	0.00	308.54	0.00	708.39	7307.28
1466093966.0 52 162104.64	1004.22	30.23	-24.84	839.08	201.55	-0.00	0.00	308.70	0.00	708.39	7307.28
1466093967.0 52 162104.64	1003.35	30.42	-24.84	844.32	208.80	-0.00	0.00	308.76	0.00	708.39	7307.28
1466093968.0 52 162104.64	1001.68	30.23	-25.00	818.13	202.74	-0.00	0.00	308.65	0.00	708.39	7307.28
1466093969.0 52 162104.64	1002.95	30.23	-24.84	833.85	200.35	-0.00	0.00	308.65	0.00	708.39	7307.28
1466093970.0 52 162104.64	1004.61	30.42	-24.84	912.36	210.02	-2.33	0.00	308.76	0.00	708.39	7307.28
1466093971.0 52 162104.64	1002.95	30.23	-24.84	955.94	205.15	-2.33	0.00	308.59	0.00	708.39	7307.28
1466093972.0 52 162104.64	1003.35	30.42	-24.84	1001.23	205.15	-0.00	0.00	308.65	0.00	708.39	7307.28
1466093972.0 52 162104.64	1004.22	30.23	-24.84	1034.31	210.02	-0.00	0.00	308.93	0.00	708.39	7307.28
1466093973.0 52 162104.64	1003.35	30.42	-24.84	1046.49	206.36	-2.33	0.00	308.65	0.00	708.39	7307.28
1466093974.0 52 162104.64	1004.61	30.42	-24.84	1037.79	202.74	-0.00	0.00	308.65	0.00	708.39	7307.28
1466093975.0 52 162104.64	1002.95	30.23	-24.84	1022.13	200.35	-0.00	0.00	308.65	0.00	708.39	7307.28
1466093976.0 52 162104.64	1003.35	30.42	-24.84	1041.27	212.48	-2.33	0.00	308.82	0.00	708.39	7307.28
1466093977.0 60 162104.64	1004.22	30.23	-24.68	1018.65	207.58	-0.00	0.00	308.76	0.00	708.39	7307.28
1466093978.0 60 162104.64	1003.35	30.42	-24.84	990.79	201.55	0.68	0.00	308.65	0.00	708.39	7307.28
1466093979.0 60 162104.64	1003.82	30.05	-24.68	976.85	202.74	-0.00	0.00	308.54	0.00	708.39	7307.28
1466093980.0 60 162104.64	1004.61	30.42	-24.84	989.04	210.02	-2.33	0.00	308.93	0.00	708.39	7307.28
1466093981.0 60 162104.64	1002.95	30.23	-24.84	985.56	205.15	-2.33	0.00	308.59	0.00	708.39	7307.28
1466093982.0 60 162104.64	1004.22	30.23	-24.68	983.82	202.74	-0.00	0.00	308.65	0.00	708.39	7307.28
1466093983.0 60 162104.64	1003.82	30.05	-24.84	994.27	201.55	-0.00	0.00	308.65	0.00	708.39	7307.28
1466093984.0 60 162104.64	1003.82	30.05	-24.84	1041.27	211.25	0.68	0.00	308.82	0.00	708.39	7307.28
1466093985.0 60 162104.64	1002.16	29.86	-24.84	1041.27	206.36	-0.00	0.00	308.54	0.00	708.39	7307.28
1466093986.0 60 162104.64	1003.82	30.05	-24.84	1030.83	202.74	-0.00	0.00	308.65	473.68	708.39	7307.28
1466093987.0 60 162104.64	1002.55	30.05	-24.84	999.49	207.58	-0.00	0.00	308.87	0.00	708.39	7307.28
1466093988.0 60 162104.64	1005.09	30.05	-24.84	947.23	205.15	-0.00	0.00	308.65	0.00	708.39	7307.28
1466093989.0 60 162104.64	1003.82	30.05	-24.84	884.45	202.74	-0.00	0.00	308.65	0.00	708.39	7307.28
1466093990.0 60 162104.64	1002.16	29.86	-24.68	828.61	196.79	-0.00	0.00	308.31	0.00	708.39	7307.28
1466093991.0 60 162104.64	1003.82	30.05	-24.84	849.55	202.74	-0.00	0.00	308.65	0.00	708.39	7307.28
1466093992.0 60 162104.64	1003.82	30.05	-25.00	893.17	201.55	-0.00	0.00	308.87	0.00	708.39	7307.28
1466093993.0 60 162104.64	1003.03	29.67	-25.00	961.17	212.48	-0.00	0.00	309.15	0.00	708.39	7307.28
1466093994.0 60 162104.64	1001.76	29.67	-24.68	964.65	202.74	-0.00	0.00	308.65	0.00	708.39	7307.28
1466093995.0 60 162104.64	1003.03	29.67	-24.84	976.85	202.74	-2.33	0.00	308.65	0.00	708.39	7307.28
1466093996.0 60 162104.64	1003.42	29.86	-24.84	992.53	202.74	-0.00	0.00	308.70	0.00	708.39	7307.28
1466093997.0 60 162104.64	1003.42	29.86	-24.84	1034.31	210.02	-2.33	0.00	308.70	0.00	708.39	7307.28
1466093998.0 60 162104.64	1003.42	29.86	-24.84	1037.79	203.95	-0.00	0.00	308.54	0.00	708.39	7307.28
1466093999.0 60 162104.64	1001.76	29.67	-25.00	1044.75	202.74	-0.00	0.00	308.93	0.00	708.39	7307.28
1466094000.0 60 162104.64	1003.03	29.67	-25.00	1083.02	210.02	-0.00	0.00	308.98	0.00	708.39	7307.28
1466094001.0 60 162104.64	1001.76	29.67	-24.84	1060.41	203.95	-0.00	0.00	308.65	0.00	708.39	7307.28
1466094002.0 60 162104.64	1002.16	29.86	-24.84	1053.45	203.95	-2.33	0.00	308.65	0.00	708.39	7307.28
1466094005.0 58 5	30.05	68	197	80	-2.300	37	0.9	7328
1466094006.0 58 100386	-4	109	21	-2.33	0.76		7087307
1466094019.0 66 .16	24.818.61.5500		3080.00.39	.42	6	-2	751206.2.3300	36	0.08.307.216210	100	29.24.30.32.748	0.08.600	79	738
1466094026.0 66 162104.64	1003.42	29.86	-24.68	1100.41	208.80	-0.00	0.00	308.87	0.00	708.39	7307.28
1466094027.0 66 162104.64	1003.42	29.86	-24.84	1072.59	202.74	-0.00	0.00	308.59	0.00	708.39	7307.28
1466094028.0 66 162104.64	1002.16	29.86	-25.00	1069.11	202.74	-0.00	0.00	308.65	0.00	708.39	7307.28
1466094029.0 66 162104.64	1003.42	29.86	-24.84	1065.63	202.74	-0.00	0.00	308.65	0.00	708.39	7307.28
1466094030.0 66 162104.64	1002.55	30.05	-24.68	1086.50	207.58	-0.00	0.00	308.65	0.00	708.39	7307.28
1466094031.0 56 162104.64	1002.1.8684	.80	58	20.00.87		7087307
1466094032.0 56 002.0.054.84104	201-0.000	300	79	738
1466094032.0 56 162104.64	1003.82	30.05	-24.84	1034.31	201.55	-0.00	0.00	308.48	0.00	708.39	7307.28
1466094033.0 56 162104.64	1002.95	30.23	-24.68	1043.01	203.95	-0.00	0.00	308.87	0.00	708.39	7307.28
1466094034.0 56 162104.64	1002.55	30.05	-24.84	1036.05	202.74	-0.00	0.00	308.54	0.00	708.39	7307.28
1466094035.0 56 162104.64	1002.95	30.23	-24.84	1034.31	201.55	-0.00	0.00	308.48	0.00	708.39	7307.28
1466094036.0 56 162104.64	1002.95	30.23	-24.84	1030.83	199.16	-0.00	0.00	308.48	0.00	708.39	7307.28
1466094037.0 56 162104.64	1003.35	30.42	-24.84	1069.11	208.80	-0.00	0.00	308.76	0.00	708.39	7307.28
1466094038.0 56 162104.64	1002.95	30.23	-24.68	1079.54	211.25	-2.33	0.00	308.59	0.00	708.39	7307.28
1466094039.0 56 162104.64	1003.42	29.86	-24.84	1041.27	197.98	-0.00	0.00	308.37	0.00	708.39	7307.28
1466094040.0 56 162104.64	1002.95	30.23	-24.68	1046.49	197.98	-2.33	0.00	308.70	0.00	708.39	7307.28
1466094041.0 56 162104.64	1002.55	30.05	-24.84	1041.27	197.98	-0.00	0.00	308.42	0.00	708.39	7307.28
1466094042.0 56 162104.64	1002.95	30.23	-24.84	1048.23	200.35	-2.33	0.00	308.42	0.00	708.39	7307.28
1466094043.0 71 2	29	-24907.01.5.00		308	0.08.397.26	29	-24.1077207..44		3080.00.39	.28162104.64	155	3	-2	6.49.55	0	0.08.48	0.08.307.22.9523	-8	1055.1	0.600	35	0.00	39	728
1466094044.0 71 162104.64	100	30.24.69	206.368	0.08.6708.307.162104.64	1002.5.05	011.00.3.00	0.00	0.08.397.28
1466094045.0 71 162104.64	1004.0.23.68	.11	197.98	-0.00	0.00	308.37	0.00	70	730
1466094046.0 71 162104.64	1004.22	30.23	-25.00	966.40	208.80	-0.00	0.00	308.93	0.00	708.39	7307.28
1466094047.0 71 162104.64	1001.68	30.23	-24.84	907.13	202.74	-0.00	0.00	308.59	0.00	708.39	7307.28
1466094048.0 71 162104.64	1004.61	30.42	-24.84	873.98	202.74	-0.00	0.00	308.65	0.00	708.39	7307.28
1466094049.0 71 162104.64	1004.61	30.42	-24.84	847.81	196.79	-0.00	0.00	308.37	0.00	708.39	7307.28
1466094050.0 71 162104.64	1002.95	30.23	-24.84	889.69	205.15	0.68	0.00	308.54	0.00	708.39	7307.28
1466094051.0 71 162104.64	1004.61	30.42	-24.68	905.38	199.16	-0.00	0.00	308.31	0.00	708.39	7307.28
1466094052.0 71 162104.64	1002.95	30.23	-25.00	917.59	197.98	-0.00	0.00	308.65	0.00	708.39	7307.28
1466094053.0 71 162104.64	1003.74	30.61	-24.84	959.43	210.02	-0.00	0.00	308.87	0.00	708.39	7307.28
1466094054.0 71 162104.64	1004.61	30.42	-24.84	936.77	205.15	-0.00	0.00	308.59	0.00	708.39	7307.28
1466094055.0 71 162104.64	1004.61	30.42	-24.84	921.08	201.55	-0.00	0.00	308.59	0.00	708.39	7307.28
1466094056.0 71 5	30-24.84	168	25	-0	308.540	70	73022	3	-249758.397.2835	3	-24	922199.2.330	308.708.307.
1466094057.0 71 100330.-25.47.21.55.00		30800	739	728
1466094058.0 71 162104.64	1003.0.42.84.82	16	-	0.042	0.00	39	728162104.64	.35	42	00	93	20	-00.00.87	0.08.307.162104.64	1003.3542	-24.80.79.74	0	0.08.500	39	728
1466094059.0 71 162104.64	1003.35	30.42	-24.84	1048.23	205.15	0.68	0.00	308.48	0.00	708.39	7307.28
1466094060.0 71 162104.64	1003.35	30.42	-24.84	1079.54	201.55	-0.00	0.00	308.59	0.00	708.39	7307.28
1466094061.0 71 162104.64	1003.35	30.42	-24.84	1100.41	207.58	-0.00	0.00	308.82	0.00	708.39	7307.28
1466094062.0 71 162104.64	1003.35	30.42	-24.68	1107.36	203.95	-0.00	0.00	308.65	0.00	708.39	7307.28
1466094063.0 71 162104.64	1003.74	30.61	-24.84	1124.73	211.25	-2.33	0.00	308.82	0.00	708.39	7307.28
1466094064.0 71 162104.64	1003.35	30.42	-24.84	1086.50	201.55	-0.00	0.00	308.42	0.00	708.39	7307.28
1466094065.0 71 162104.64	1003.35	30.42	-25.00	1056.93	197.98	-0.00	0.00	308.54	0.00	708.39	7307.28
1466094066.0 71 162104.64	1003.35	30.42	-24.68	1053.45	205.15	-2.33	0.00	308.70	0.00	708.39	7307.28
1466094067.0 71 162104.64	1003.35	30.42	-24.68	1015.16	200.35	-0.00	0.00	308.37	0.00	708.39	7307.28
1466094068.0 71 162104.64	1003.35	30.42	-24.84	1013.42	202.74	-2.33	0.00	308.65	0.00	708.39	7307.28
1466094069.0 65 	30.4	99	202-0.000	34	0.708.307..35	2	-2.56	0	0.00	308.25	0.00	708.39	7307.28
1466094070.0 65 162104.64	1004.61	30.42	-24.84	1001.23	201.55	-0.00	0.00	308.48	0.00	708.39	7307.28
1466094071.0 65 162104.64	1003.74	30.61	-24.84	1004.72	200.35	-0.00	0.00	308.76	0.00	708.39	7307.28
1466094072.0 65 162104.64	1003.35	30.42	-24.84	1032.57	210.02	-0.00	0.00	308.76	0.00	708.39	7307.28
1466094073.0 65 162104.64	1003.35	30.42	-24.84	1001.23	202.74	-0.00	0.00	308.59	0.00	708.39	7307.28
1466094074.0 65 162104.64	1003.35	30.42	-24.84	973.37	199.16	-2.33	0.00	308.70	0.00	708.39	7307.28
1466094075.0 65 162104.64	1003.35	30.42	-24.84	945.48	199.16	-2.33	0.00	308.54	0.00	708.39	7307.28
1466094076.0 65 162104.64	1002.55	30.05	-24.68	940.25	201.55	-0.00	0.00	308.42	0.00	708.39	7307.28
1466094077.0 65 162104.64	1002.95	30.23	-24.84	921.08	196.79	-0.00	0.00	308.25	0.00	708.39	7307.28
1466094078.0 65 162104.64	1003.82	30.05	-24.84	943.74	203.95	-0.00	0.00	308.98	0.00	708.39	7307.28
1466094079.0 65 162104.64	1002.95	30.23	-24.84	950.71	206.36	-2.33	0.00	308.76	0.00	708.39	7307.28
1466094080.0 65 162104.64	1003.42	29.86	-24.84	917.59	202.74	-0.00	0.00	308.65	0.00	708.39	7307.28
1466094081.0 65 162104.64	1003.42	29.86	-24.84	880.96	201.55	-0.00	0.00	308.54	0.00	708.39	7307.28
1466094082.0 67 162104.64	1003.03	29.67	-24.84	879.22	201.55	-0.00	0.00	308.70	0.00	708.39	7307.28
1466094083.0 67 162104.64	1003.42	29.86	-24.84	886.20	201.55	-0.00	0.00	308.59	0.00	708.39	7307.28
1466094084.0 67 162104.64	1003.03	29.67	-24.68	896.66	201.55	-0.00	0.00	308.37	0.00	708.39	7307.28
1466094085.0 67 162104.64	1003.03	29.67	-24.68	912.36	199.16	-0.00	0.00	308.42	0.00	708.39	7307.28
1466094086.0 67 162104.64	1002.16	29.86	-24.68	938.51	201.55	-0.00	0.00	308.54	473.68	708.39	7307.28
1466094087.0 67 162104.64	1003.03	29.67	-24.84	983.82	205.15	-2.33	0.00	308.54	0.00	708.39	7307.28
1466094088.0 67 162104.64	1003.42	29.86	-24.84	982.08	200.35	-2.33	0.00	308.31	0.00	708.39	7307.28
1466094089.0 67 162104.64	1003.42	29.86	-24.84	976.85	202.74	-0.00	0.00	308.76	0.00	708.39	7307.28
1466094090.0 67 162104.64	1003.03	29.67	-24.84	968.14	210.02	-0.00	0.00	308.82	0.00	708.39	7307.28
1466094091.0 67 162104.64	1003.03	29.67	-25.00	948.97	202.74	-0.00	0.00	308.70	0.00	708.39	7307.28
1466094092.0 67 162104.64	1002.16	29.86	-24.84	950.71	201.55	-0.00	0.00	308.59	0.00	708.39	7307.28
1466094092.0 67 162104.64	1001.76	29.67	-24.84	962.91	200.35	-0.00	0.00	308.54	0.00	708.39	7307.28
1466094093.0 67 162104.64	1003.03	29.67	-24.84	1011.68	210.02	-2.33	0.00	308.82	0.00	708.39	7307.28
1466094094.0 67 162104.64	1003.42	29.86	-24.84	1011.68	203.95	-2.33	0.00	308.48	0.00	708.39	7307.28
1466094095.0 67 162104.64	1001.76	29.67	-24.68	1016.91	201.55	-2.33	0.00	308.54	0.00	708.39	7307.28
1466094096.0 67 162104.64	1001.76	29.67	-24.84	1034.31	200.35	-2.33	0.00	308.54	0.00	708.39	7307.28
1466094097.0 67 162104.64	1001.76	29.67	-24.68	1044.75	200.35	-0.00	0.00	308.48	0.00	708.39	7307.28
1466094098.0 67 162104.64	1001.76	29.67	-24.84	1065.63	202.74	-0.00	0.00	308.65	0.00	708.39	7307.28
1466094099.0 67 162104.64	1002.63	29.49	-24.68	1069.11	201.55	-2.33	0.00	308.37	473.68	708.39	7307.28
1466094100.0 67 162104.64	1003.03	29.67	-24.84	1044.75	196.79	-0.00	0.00	308.48	0.00	708.39	7307.28
1466094101.0 67 162104.64	1000.97	29.30	-24.84	1030.83	199.16	-2.33	0.00	308.70	0.00	708.39	7307.28
1466094102.0 67 162104.64	1002.63	29.49	-24.84	1025.61	203.95	3.69	0.00	308.54	0.00	708.39	7307.28
1466094103.0 67 162104.64	1002.63	29.49	-24.84	1006.46	202.74	-0.00	0.00	308.65	0.00	708.39	7307.28
1466094104.0 67 162104.64	1002.63	29.49	-24.84	980.33	202.74	-0.00	0.00	308.59	0.00	708.39	7307.28
1466094105.0 67 162104.64	1003.89	29.49	-25.00	954.20	200.35	-0.00	0.00	308.65	0.00	708.39	7307.28
1466094106.0 67 162104.64	1002.63	29.49	-24.84	964.65	205.15	-2.33	0.00	308.59	0.00	708.39	7307.28
1466094107.0 67 162104.64	1001.36	29.49	-24.84	945.48	199.16	-0.00	0.00	308.42	0.00	708.39	7307.28
1466094108.0 67 162104.64	1003.89	29.49	-24.84	961.17	203.95	-2.33	0.00	308.76	0.00	708.39	7307.28
1466094109.0 67 162104.64	1000.97	29.30	-24.84	969.88	199.16	-2.33	0.00	308.42	0.00	708.39	7307.28
1466094110.0 67 162104.64	1002.63	29.49	-24.84	1004.72	202.74	-0.00	0.00	308.65	0.00	708.39	7307.28
1466094111.0 67 162104.64	1002.63	29.49	-24.84	1020.39	203.95	-2.33	0.00	308.48	0.00	708.39	7307.28
1466094112.0 67 162104.64	1002.23	29.30	-24.68	1018.65	200.35	-0.00	0.00	308.54	0.00	708.39	7307.28
1466094113.0 67 162104.64	1003.03	29.67	-24.84	1023.87	200.35	-0.00	0.00	308.65	0.00	708.39	7307.28
1466094114.0 67 162104.64	1002.63	29.49	-24.84	1029.09	206.36	-2.33	0.00	308.59	0.00	708.39	7307.28
1466094115.0 67 162104.64	1004.29	29.67	-24.68	996.01	200.35	-2.33	0.00	308.31	0.00	708.39	7307.28
1466094116.0 67 162104.64	1002.63	29.49	-24.84	950.71	199.16	-0.00	0.00	308.42	0.00	708.39	7307.28
1466094117.0 67 162104.64	1003.03	29.67	-24.84	891.43	197.98	-2.33	0.00	308.65	0.00	708.39	7307.28
1466094118.0 67 162104.64	1004.29	29.67	-24.68	839.08	205.15	-0.00	0.00	308.65	0.00	708.39	7307.28
1466094119.0 67 162104.64	1002.63	29.49	-24.84	755.26	201.55	-0.00	0.00	308.54	0.00	708.39	7307.28
1466094120.0 67 162104.64	1003.03	29.67	-24.84	676.60	200.35	-0.00	0.00	308.59	0.00	708.39	7307.28
1466094121.0 71 162104.64	1003.89	29.49	-24.84	625.88	195.62	-0.00	0.00	308.25	0.00	708.39	7307.28
1466094122.0 71 162104.64	1003.03	29.67	-24.84	618.88	199.16	-0.00	0.00	308.76	0.00	708.39	7307.28
1466094123.0 71 162104.64	1004.29	29.67	-24.84	625.88	203.95	-2.33	0.00	308.59	0.00	708.39	7307.28
1466094124.0 71 162104.64	1003.03	29.67	-24.68	634.63	199.16	-0.00	0.00	308.48	0.00	708.39	7307.28
1466094125.0 71 162104.64	1003.89	29.49	-24.84	632.88	196.79	-0.00	0.00	308.76	0.00	708.39	7307.28
1466094126.0 71 162104.64	1003.03	29.67	-24.84	629.38	197.98	0.68	0.00	308.42	0.00	708.39	7307.28
1466094127.0 71 162104.64	1003.89	29.49	-24.84	632.88	201.55	-0.00	0.00	308.37	0.00	708.39	7307.28
1466094128.0 71 162104.64	1003.03	29.67	-24.84	611.88	201.55	-2.33	0.00	308.54	0.00	708.39	7307.28
1466094129.0 71 162104.64	1004.29	29.67	-24.84	597.89	202.74	-0.00	0.00	308.93	0.00	708.39	7307.28
1466094130.0 71 162104.64	1003.89	29.49	-24.84	604.89	207.58	-0.00	0.00	308.70	0.00	708.39	7307.28
1466094131.0 71 162104.64	1004.29	29.67	-24.68	603.14	203.95	2.44	0.00	308.59	0.00	708.39	7307.28
1466094132.0 71 162104.64	1003.89	29.49	-25.16	639.87	201.55	-0.00	0.00	308.82	0.00	708.39	7307.28
1466094133.0 71 162104.64	1002.63	29.49	-24.84	694.08	203.95	-2.33	0.00	308.82	0.00	708.39	7307.28
1466094134.0 71 162104.64	1003.03	29.67	-24.68	737.78	205.15	-0.00	0.00	308.54	0.00	708.39	7307.28
1466094135.0 73 162104.64	1003.89	29.49	-24.84	762.24	206.36	0.68	0.00	308.65	0.00	708.39	7307.28
1466094136.0 73 162104.64	1003.89	29.49	-24.84	737.78	202.74	-2.33	0.00	308.54	0.00	708.39	7307.28
1466094137.0 73 162104.64	1003.03	29.67	-24.84	678.35	200.35	-0.00	0.00	308.54	0.00	708.39	7307.28
1466094138.0 73 162104.64	1003.89	29.49	-25.00	624.13	206.36	-0.00	0.00	308.93	0.00	708.39	7307.28
1466094139.0 73 162104.64	1004.29	29.67	-24.84	559.38	203.95	-0.00	0.00	308.65	0.00	708.39	7307.28
1466094140.0 73 162104.64	1003.03	29.67	-24.84	522.62	197.98	-0.00	0.00	308.37	0.00	708.39	7307.28
1466094141.0 73 162104.64	1003.03	29.67	-24.84	541.88	197.98	-2.33	0.00	308.37	0.00	708.39	7307.28
1466094142.0 73 162104.64	1004.29	29.67	-24.68	608.38	205.15	-2.33	0.00	308.42	0.00	708.39	7307.28
1466094142.0 73 162104.64	1004.29	29.67	-24.68	664.36	199.16	-0.00	0.00	308.31	0.00	708.39	7307.28
1466094143.0 73 162104.64	1001.36	29.49	-25.00	730.79	203.95	-2.33	0.00	308.93	0.00	708.39	7307.28
1466094144.0 73 162104.64	1003.03	29.67	-25.00	779.71	207.58	-0.00	0.00	308.93	0.00	708.39	7307.28
1466094145.0 73 162104.64	1003.03	29.67	-24.68	776.22	203.95	-0.00	0.00	308.54	0.00	708.39	7307.28
1466094146.0 73 162104.64	1003.03	29.67	-24.68	777.97	201.55	-0.00	0.00	308.59	0.00	708.39	7307.28
1466094147.0 65 162104.64	1003.03	29.67	-24.84	784.95	195.62	-0.00	0.00	308.31	0.00	708.39	7307.28
1466094148.0 65 162104.64	1003.03	29.67	-25.00	825.12	201.55	-0.00	0.00	308.93	0.00	708.39	7307.28
1466094149.0 65 162104.64	1002.16	29.86	-24.84	856.54	202.74	-0.00	0.00	308.54	473.68	708.39	7307.28
1466094150.0 65 162104.64	1003.03	29.67	-24.84	889.69	203.95	-0.00	0.00	308.48	0.00	708.39	7307.28
1466094151.0 65 162104.64	1001.76	29.67	-24.84	903.64	199.16	-0.00	0.00	308.42	0.00	708.39	7307.28
1466094152.0 65 162104.64	1003.03	29.67	-24.84	952.46	206.36	-0.00	0.00	308.70	0.00	708.39	7307.28
1466094153.0 65 162104.64	1001.76	29.67	-25.00	987.30	203.95	-0.00	0.00	308.65	0.00	708.39	7307.28
1466094154.0 65 162104.64	1003.03	29.67	-24.84	1002.98	199.16	-0.00	0.00	308.42	0.00	708.39	7307.28
1466094155.0 65 162104.64	1003.42	29.86	-24.84	1006.46	196.79	-2.33	0.00	308.42	0.00	708.39	7307.28
1466094156.0 65 162104.64	1003.03	29.67	-24.84	1041.27	205.15	-0.00	0.00	308.54	0.00	708.39	7307.28
1466094157.0 65 162104.64	1001.76	29.67	-24.84	1029.09	201.55	-2.33	0.00	308.31	473.68	708.39	7307.28
1466094158.0 65 162104.64	1001.76	29.67	-24.68	1036.05	203.95	-0.00	0.00	308.65	0.00	708.39	7307.28
1466094159.0 65 162104.64	1003.03	29.67	-24.84	1029.09	207.58	-2.33	0.00	308.82	0.00	708.39	7307.28
1466094160.0 65 162104.64	1001.76	29.67	-24.84	1029.09	205.15	-0.00	0.00	308.59	0.00	708.39	7307.28
1466094161.0 64 162104.64	1001.76	29.67	-24.84	1013.42	200.35	-0.00	0.00	308.82	0.00	708.39	7307.28
1466094162.0 64 162104.64	1003.03	29.67	-24.68	1011.68	206.36	-0.00	0.00	308.65	473.68	708.39	7307.28
1466094163.0 64 162104.64	1001.76	29.67	-24.68	982.08	205.15	-0.00	0.00	308.65	0.00	708.39	7307.28
1466094164.0 64 162104.64	1001.76	29.67	-25.00	948.97	201.55	-0.00	0.00	308.82	0.00	708.39	7307.28
1466094165.0 64 162104.64	1003.03	29.67	-24.84	957.68	208.80	-0.00	0.00	308.76	0.00	708.39	7307.28
1466094166.0 64 162104.64	1003.03	29.67	-24.84	947.23	205.15	-2.33	0.00	308.59	0.00	708.39	7307.28
1466094167.0 64 162104.64	1003.03	29.67	-24.84	942.00	201.55	-0.00	0.00	308.54	0.00	708.39	7307.28
1466094168.0 64 162104.64	1003.03	29.67	-24.84	948.97	200.35	-2.33	0.00	308.65	0.00	708.39	7307.28
1466094169.0 64 162104.64	1003.03	29.67	-24.84	969.88	205.15	3.69	0.00	308.54	0.00	708.39	7307.28
1466094170.0 64 162104.64	1003.89	29.49	-24.68	961.17	201.55	-0.00	0.00	308.42	0.00	708.39	7307.28
1466094171.0 64 162104.64	1002.63	29.49	-24.68	964.65	197.98	-2.33	0.00	308.48	0.00	708.39	7307.28
1466094172.0 64 162104.64	1003.89	29.49	-24.84	976.85	205.15	-0.00	0.00	308.65	0.00	708.39	7307.28
1466094173.0 64 162104.64	1001.36	29.49	-24.84	980.33	203.95	-0.00	0.00	308.65	0.00	708.39	7307.28
1466094174.0 63 162104.64	1003.03	29.67	-24.68	989.04	208.80	-0.00	0.00	308.59	0.00	708.39	7307.28
1466094175.0 63 162104.64	1001.36	29.49	-24.68	973.37	201.55	-0.00	0.00	308.48	0.00	708.39	7307.28
1466094176.0 63 162104.64	1005.16	29.49	-24.68	961.17	201.55	-0.00	0.00	308.54	0.00	708.39	7307.28
1466094177.0 63 162104.64	1001.36	29.49	-24.84	980.33	208.80	-0.00	0.00	308.70	0.00	708.39	7307.28
1466094178.0 63 162104.64	1002.63	29.49	-24.68	971.62	206.36	0.68	0.00	308.54	0.00	708.39	7307.28
1466094179.0 63 162104.64	1001.36	29.49	-24.68	943.74	199.16	-0.00	0.00	308.42	0.00	708.39	7307.28
1466094180.0 63 162104.64	1004.29	29.67	-24.84	933.28	197.98	2.44	0.00	308.65	0.00	708.39	7307.28
1466094181.0 63 162104.64	1002.63	29.49	-24.68	936.77	201.55	-0.00	0.00	308.42	0.00	708.39	7307.28
1466094182.0 63 162104.64	1001.36	29.49	-24.84	950.71	199.16	-0.00	0.00	308.48	0.00	708.39	7307.28
1466094183.0 63 162104.64	1003.03	29.67	-24.84	966.40	201.55	-0.00	0.00	308.59	0.00	708.39	7307.28
1466094184.0 63 162104.64	1001.76	29.67	-24.84	1002.98	210.02	-2.33	0.00	308.76	0.00	708.39	7307.28
1466094185.0 63 162104.64	1001.36	29.49	-24.84	1016.91	205.15	-0.00	0.00	308.54	0.00	708.39	7307.28
1466094186.0 63 162104.64	1003.89	29.49	-24.84	999.49	202.74	-0.00	0.00	308.65	0.00	708.39	7307.28
1466094187.0 58 162104.64	1003.03	29.67	-24.68	992.53	197.98	-2.33	0.00	308.31	0.00	708.39	7307.28
1466094188.0 58 162104.64	1003.03	29.67	-25.00	1001.23	200.35	-0.00	0.00	308.54	0.00	708.39	7307.28
1466094189.0 58 162104.64	1003.03	29.67	-24.84	1002.98	202.74	-0.00	0.00	308.93	0.00	708.39	7307.28
1466094190.0 58 162104.64	1003.03	29.67	-24.84	1030.83	210.02	0.68	0.00	308.70	0.00	708.39	7307.28
1466094191.0 58 162104.64	1001.76	29.67	-24.84	1004.72	202.74	-0.00	0.00	308.42	0.00	708.39	7307.28
1466094192.0 58 162104.64	1003.03	29.67	-25.00	992.53	200.35	0.68	0.00	308.82	0.00	708.39	7307.28
1466094192.0 58 162104.64	1003.03	29.67	-24.84	1002.98	207.58	-0.00	0.00	308.76	0.00	708.39	7307.28
1466094193.0 58 162104.64	1003.03	29.67	-24.84	985.56	205.15	-0.00	0.00	308.82	0.00	708.39	7307.28
1466094194.0 58 162104.64	1003.42	29.86	-24.68	959.43	197.98	-0.00	0.00	308.42	0.00	708.39	7307.28
1466094195.0 58 162104.64	1001.76	29.67	-24.68	945.48	195.62	-0.00	0.00	308.37	0.00	708.39	7307.28
1466094196.0 58 162104.64	1003.03	29.67	-24.68	976.85	206.36	4.66	0.00	308.59	0.00	708.39	7307.28
1466094197.0 58 162104.64	1003.03	29.67	-24.84	968.14	200.35	-0.00	0.00	308.31	0.00	708.39	7307.28
1466094198.0 58 162104.64	1003.03	29.67	-25.00	978.59	203.95	-0.00	0.00	308.65	0.00	708.39	7307.28
1466094199.0 58 162104.64	1003.03	29.67	-24.84	994.27	207.58	-0.00	0.00	308.82	0.00	708.39	7307.28
1466094200.0 57 162104.64	1003.03	29.67	-24.68	975.11	197.98	-0.00	0.00	308.54	0.00	708.39	7307.28
1466094201.0 57 162104.64	1001.76	29.67	-24.84	1002.98	207.58	-0.00	0.00	308.70	0.00	708.39	7307.28
1466094202.0 57 162104.64	1003.03	29.67	-24.68	982.08	200.35	-0.00	0.00	308.54	0.00	708.39	7307.28
1466094203.0 57 162104.64	1002.16	29.86	-25.00	982.08	202.74	-0.00	0.00	308.65	0.00	708.39	7307.28
1466094204.0 57 162104.64	1003.03	29.67	-24.68	997.75	206.36	-0.00	0.00	308.65	344.01	708.39	7307.28
1466094205.0 57 162104.64	1001.76	29.67	-24.68	996.01	205.15	-0.00	0.00	308.37	0.00	708.39	7307.28
1466094206.0 57 162104.64	1003.03	29.67	-24.84	975.11	199.16	-2.33	0.00	308.42	0.00	708.39	7307.28
1466094207.0 57 162104.64	1003.42	29.86	-24.68	971.62	197.98	-0.00	0.00	308.65	473.68	708.39	7307.28
1466094208.0 57 162104.64	1003.03	29.67	-24.84	999.49	207.58	-0.00	0.00	308.76	0.00	708.39	7307.28
1466094209.0 57 162104.64	1001.76	29.67	-24.68	987.30	201.55	-0.00	0.00	308.48	0.00	708.39	7307.28
1466094210.0 57 162104.64	1001.76	29.67	-24.84	971.62	197.98	-0.00	0.00	308.48	0.00	708.39	7307.28
1466094211.0 57 162104.64	1003.03	29.67	-24.84	989.04	207.58	-0.00	0.00	308.82	0.00	708.39	7307.28
1466094212.0 57 162104.64	1002.16	29.86	-24.68	992.53	207.58	-0.00	0.00	308.59	0.00	708.39	7307.28
1466094213.0 64 162104.64	1003.03	29.67	-24.84	980.33	203.95	-0.00	0.00	308.54	0.00	708.39	7307.28
1466094214.0 64 162104.64	1002.63	29.49	-24.68	969.88	200.35	-0.00	0.00	308.48	0.00	708.39	7307.28
1466094215.0 64 162104.64	1003.03	29.67	-24.68	948.97	193.27	-0.00	0.00	308.20	0.00	708.39	7307.28
1466094216.0 64 162104.64	1002.63	29.49	-24.84	964.65	200.35	-0.00	0.00	308.54	0.00	708.39	7307.28
1466094217.0 64 162104.64	1003.03	29.67	-24.84	976.85	202.74	-0.00	0.00	308.42	0.00	708.39	7307.28
1466094218.0 64 162104.64	1003.42	29.86	-24.84	975.11	202.74	-0.00	0.00	308.59	0.00	708.39	7307.28
1466094219.0 64 162104.64	1003.03	29.67	-24.84	957.68	201.55	-0.00	0.00	308.76	0.00	708.39	7307.28
1466094220.0 64 162104.64	1003.03	29.67	-25.00	975.11	203.95	0.68	0.00	308.54	0.00	708.39	7307.28
1466094221.0 64 162104.64	1002.16	29.86	-24.84	954.20	196.79	-0.00	0.00	308.42	0.00	708.39	7307.28
1466094222.0 64 162104.64	1003.03	29.67	-25.00	955.94	199.16	-0.00	0.00	308.65	0.00	708.39	7307.28
1466094223.0 64 162104.64	1003.42	29.86	-25.00	973.37	203.95	-0.00	0.00	308.82	0.00	708.39	7307.28
1466094224.0 64 162104.64	1001.76	29.67	-24.84	973.37	206.36	-0.00	0.00	308.59	0.00	708.39	7307.28
1466094225.0 64 162104.64	1002.55	30.05	-24.84	957.68	200.35	-0.00	0.00	308.48	0.00	708.39	7307.28
1466094226.0 59 162104.64	1003.42	29.86	-24.84	959.43	201.55	-0.00	0.00	308.59	0.00	708.39	7307.28
1466094227.0 59 162104.64	1003.03	29.67	-24.84	952.46	200.35	-0.00	0.00	308.82	0.00	708.39	7307.28
1466094228.0 59 162104.64	1002.63	29.49	-24.68	942.00	196.79	-0.00	0.00	308.42	0.00	708.39	7307.28
1466094229.0 59 162104.64	1001.76	29.67	-24.84	948.97	199.16	-0.00	0.00	308.48	0.00	708.39	7307.28
1466094230.0 59 162104.64	1003.03	29.67	-24.84	945.48	197.98	-0.00	0.00	308.37	0.00	708.39	7307.28
1466094231.0 59 162104.64	1003.42	29.86	-24.84	947.23	200.35	-0.00	0.00	308.59	0.00	708.39	7307.28
1466094232.0 59 162104.64	1003.42	29.86	-24.84	969.88	207.58	-0.00	0.00	308.48	0.00	708.39	7307.28
1466094233.0 59 162104.64	1002.16	29.86	-24.84	964.65	202.74	-0.00	0.00	308.54	0.00	708.39	7307.28
1466094234.0 59 162104.64	1003.42	29.86	-25.00	955.94	200.35	-2.33	0.00	308.87	0.00	708.39	7307.28
1466094235.0 59 162104.64	1003.42	29.86	-24.84	971.62	207.58	-0.00	0.00	308.82	0.00	708.39	7307.28
1466094236.0 59 162104.64	1003.42	29.86	-24.84	952.46	201.55	-2.33	0.00	308.65	0.00	708.39	7307.28
1466094237.0 59 162104.64	1003.42	29.86	-24.84	948.97	200.35	-2.33	0.00	308.54	0.00	708.39	7307.28
1466094238.0 59 162104.64	1003.03	29.67	-24.84	935.03	195.62	-0.00	0.00	308.37	0.00	708.39	7307.28
1466094239.0 62 162104.64	1002.55	30.05	-24.84	955.94	201.55	-0.00	0.00	308.65	0.00	708.39	7307.28
1466094240.0 62 162104.64	1003.42	29.86	-24.84	948.97	202.74	-2.33	0.00	308.65	0.00	708.39	7307.28
1466094241.0 62 162104.64	1003.03	29.67	-24.68	921.08	193.27	-0.00	0.00	308.14	0.00	708.39	7307.28
1466094242.0 62 162104.64	1003.42	29.86	-24.84	954.20	202.74	-0.00	0.00	308.54	0.00	708.39	7307.28
1466094242.0 62 162104.64	1003.03	29.67	-24.84	940.25	197.98	-0.00	0.00	308.76	0.00	708.39	7307.28
1466094243.0 62 162104.64	1003.42	29.86	-24.84	952.46	202.74	-0.00	0.00	308.65	0.00	708.39	7307.28
1466094244.0 62 162104.64	1002.16	29.86	-24.84	959.43	206.36	-0.00	0.00	308.59	0.00	708.39	7307.28
1466094245.0 62 162104.64	1003.03	29.67	-24.84	942.00	200.35	-0.00	0.00	308.48	0.00	708.39	7307.28
1466094246.0 62 162104.64	1003.42	29.86	-25.00	948.97	206.36	-0.00	0.00	308.93	0.00	708.39	7307.28
1466094247.0 62 162104.64	1003.42	29.86	-24.84	964.65	207.58	-2.33	0.00	308.70	0.00	708.39	7307.28
1466094248.0 62 162104.64	1003.42	29.86	-24.84	948.97	203.95	0.68	0.00	308.59	0.00	708.39	7307.28
1466094249.0 62 162104.64	1002.55	30.05	-25.00	940.25	199.16	-0.00	0.00	308.76	0.00	708.39	7307.28
1466094250.0 62 162104.64	1002.16	29.86	-24.84	942.00	200.35	-2.33	0.00	308.65	0.00	708.39	7307.28
1466094251.0 62 162104.64	1004.29	29.67	-24.68	948.97	202.74	-0.00	0.00	308.48	0.00	708.39	7307.28
1466094252.0 57 162104.64	1003.42	29.86	-24.68	952.46	203.95	-0.00	0.00	308.65	0.00	708.39	7307.28
1466094253.0 57 162104.64	1003.42	29.86	-24.84	945.48	202.74	-0.00	0.00	308.59	0.00	708.39	7307.28
1466094254.0 57 162104.64	1003.42	29.86	-24.68	940.25	200.35	-0.00	0.00	308.59	0.00	708.39	7307.28
1466094255.0 57 162104.64	1002.16	29.86	-24.84	948.97	203.95	-0.00	0.00	308.65	0.00	708.39	7307.28
1466094256.0 57 162104.64	1003.82	30.05	-24.68	935.03	200.35	-0.00	0.00	308.42	0.00	708.39	7307.28
1466094257.0 57 162104.64	1002.55	30.05	-24.84	947.23	202.74	-0.00	0.00	308.59	0.00	708.39	7307.28
1466094258.0 57 162104.64	1002.95	30.23	-24.84	938.51	200.35	-0.00	0.00	308.65	0.00	708.39	7307.28
1466094259.0 57 162104.64	1002.16	29.86	-24.84	966.40	210.02	-0.00	0.00	308.82	0.00	708.39	7307.28
1466094260.0 57 162104.64	1004.22	30.23	-24.84	952.46	206.36	-0.00	0.00	308.70	0.00	708.39	7307.28
1466094261.0 57 162104.64	1002.55	30.05	-24.68	943.74	202.74	-0.00	0.00	308.65	0.00	708.39	7307.28
