# Name = UIS1
# Version = 1.0
# Location = Universidad Industrial de Santander
# Sensors = Presion, Temperatura, Humedad, Irradiancia, Iluminancia, Ruido, LLuvia, CO2, NO2, Latitud, Longitud, Nubosidad
# Power = Red
# GPS = si
# Time Zone = UTC-5
# Data = UTCtime GPStime Presion Temperatura Humedad Irradiancia Iluminancia  Ruido Lluvia CO2 NO2 Latitud Longitud Nubosidad 
1466917201.0 100 142233.17	1001.00	19.39	90.66	0.00	223.76	6.12	-666.00	309.66	0.00	711.19	7307.73
1466917201.0 100 142233.17	999.35	19.21	88.61	0.00	234.09	0.68	-666.00	309.89	0.00	711.19	7307.73
1466917202.0 100 142233.17	999.35	19.21	85.76	0.00	234.09	6.70	-666.00	309.94	0.00	711.19	7307.73
1466917203.0 100 142233.17	999.35	19.21	86.23	0.00	227.60	0.68	-666.00	309.77	473.68	711.19	7307.73
1466917204.0 100 142233.17	999.76	19.39	90.35	0.00	232.78	2.44	-666.00	309.55	473.68	711.19	7307.73
1466917204.0 100 142233.17	999.35	19.21	90.03	0.00	228.89	4.66	-666.00	309.72	0.00	711.19	7307.73
1466917205.0 100 142233.17	999.35	19.21	71.84	0.00	225.04	3.69	-666.00	309.94	0.00	711.19	7307.73
1466917206.0 100 142233.17	999.35	19.21	89.72	0.00	230.18	3.69	-666.00	309.72	0.00	711.19	7307.73
1466917207.0 100 142233.17	999.76	19.39	90.35	0.00	227.60	2.44	-666.00	309.77	0.00	711.19	7307.73
1466917207.0 100 142233.17	999.35	19.21	90.51	0.00	232.78	6.70	-666.00	309.77	0.00	711.19	7307.73
