# Name = UIS1
# Version = 1.0
# Location = Universidad Industrial de Santander
# Sensors = Presion, Temperatura, Humedad, Irradiancia, Iluminancia, Ruido, LLuvia, CO2, NO2, Latitud, Longitud, Nubosidad
# Power = Red
# GPS = si
# Time Zone = UTC-5
# Data = UTCtime GPStime Presion Temperatura Humedad Irradiancia Iluminancia  Ruido Lluvia CO2 NO2 Latitud Longitud Nubosidad 
1476216000.0 69 100004.13	998.17	24.44	-24.84	203.62	214.96	0.68	-666.00	309.32	0.00	708.37	7307.28
1476216001.0 69 100004.13	996.92	24.44	-24.84	203.62	214.96	-0.00	-666.00	309.49	0.00	708.37	7307.28
1476216003.0 69 100004.13	998.17	24.44	-25.16	203.62	214.96	-2.33	-666.00	309.55	0.00	708.37	7307.28
1476216004.0 70 100004.13	996.92	24.44	-25.00	203.62	216.20	-0.00	-666.00	309.55	0.00	708.37	7307.28
1476216005.0 70 100004.13	996.92	24.44	-24.84	205.37	217.45	-0.00	-666.00	309.15	0.00	708.37	7307.28
1476216006.0 70 100004.13	996.92	24.44	-24.84	203.62	219.96	0.68	-666.00	309.43	0.00	708.37	7307.28
1476216007.0 70 100004.13	996.92	24.44	-25.00	201.86	213.72	-0.00	-666.00	309.43	0.00	708.37	7307.28
1476216008.0 70 100004.13	998.17	24.44	-24.84	203.62	216.20	-0.00	-666.00	309.43	0.00	708.37	7307.28
1476216009.0 70 100004.13	996.92	24.44	-24.84	203.62	214.96	-2.33	-666.00	309.10	473.68	708.37	7307.28
1476216010.0 70 100004.13	996.92	24.44	-24.84	203.62	218.70	-0.00	-666.00	309.21	0.00	708.37	7307.28
1476216011.0 70 100004.13	996.92	24.44	-24.84	205.37	217.45	-0.00	-666.00	309.15	0.00	708.37	7307.28
1476216012.0 70 100004.13	998.57	24.63	-24.84	201.86	212.48	-0.00	-666.00	308.98	0.00	708.37	7307.28
1476216013.0 70 100004.13	998.17	24.44	-24.68	200.11	211.25	-0.00	-666.00	308.93	0.00	708.37	7307.28
1476216014.0 70 100004.13	996.92	24.44	-24.84	201.86	213.72	-2.33	-666.00	308.87	0.00	708.37	7307.28
1476216015.0 70 100004.13	996.92	24.44	-24.84	201.86	211.25	-0.00	-666.00	308.98	0.00	708.37	7307.28
1476216016.0 70 100004.13	996.92	24.44	-25.00	201.86	213.72	-0.00	-666.00	309.15	0.00	708.37	7307.28
1476216017.0 70 100004.13	996.92	24.44	-24.68	203.62	216.20	-0.00	-666.00	309.10	0.00	708.37	7307.28
1476216018.0 70 100004.13	996.92	24.44	-25.00	201.86	214.96	-0.00	-666.00	309.21	0.00	708.37	7307.28
1476216019.0 70 100004.13	996.92	24.44	-24.84	201.86	214.96	0.68	-666.00	309.15	0.00	708.37	7307.28
1476216020.0 70 100004.13	998.17	24.44	-24.84	203.62	218.70	-0.00	-666.00	309.32	0.00	708.37	7307.28
1476216021.0 70 100004.13	998.17	24.44	-25.00	200.11	222.49	-0.00	-666.00	309.55	0.00	708.37	7307.28
1476216022.0 70 100004.13	996.92	24.44	-24.84	201.86	213.72	-0.00	-666.00	309.10	0.00	708.37	7307.28
1476216023.0 70 100004.13	996.52	24.25	-24.68	201.86	213.72	-0.00	-666.00	309.15	473.68	708.37	7307.28
1476216024.0 70 100004.13	998.17	24.44	-24.84	205.37	217.45	-0.00	-666.00	309.10	0.00	708.37	7307.28
1476216025.0 71 100004.13	998.17	24.44	-24.84	203.62	221.22	-0.00	-666.00	309.32	0.00	708.37	7307.28
1476216026.0 71 100004.13	998.17	24.44	-24.84	201.86	217.45	-0.00	-666.00	308.98	0.00	708.37	7307.28
1476216027.0 71 100004.13	997.77	24.25	-24.84	203.62	216.20	-0.00	-666.00	309.21	0.00	708.37	7307.28
1476216028.0 71 100004.13	998.17	24.44	-24.84	201.86	217.45	-0.00	-666.00	309.15	0.00	708.37	7307.28
1476216029.0 71 100004.13	996.92	24.44	-24.84	201.86	217.45	-0.00	-666.00	309.27	0.00	708.37	7307.28
1476216030.0 71 100004.13	998.17	24.44	-24.84	203.62	216.20	-0.00	-666.00	309.10	0.00	708.37	7307.28
1476216031.0 71 100004.13	996.92	24.44	-24.84	200.11	214.96	-0.00	-666.00	309.43	0.00	708.37	7307.28
1476216032.0 71 100004.13	998.17	24.44	-24.84	203.62	218.70	-0.00	-666.00	309.10	0.00	708.37	7307.28
1476216034.0 71 100004.13	996.92	24.44	-24.84	203.62	217.45	-0.00	-666.00	309.10	0.00	708.37	7307.28
1476216035.0 71 100004.13	996.92	24.44	-24.84	203.62	214.96	-2.33	-666.00	308.98	0.00	708.37	7307.28
1476216036.0 69 100004.13	998.17	24.44	-24.84	201.86	214.96	-0.00	-666.00	309.15	0.00	708.37	7307.28
1476216037.0 69 100004.13	998.17	24.44	-24.84	200.11	214.96	-0.00	-666.00	309.15	0.00	708.37	7307.28
1476216038.0 69 100004.13	996.92	24.44	-24.84	200.11	214.96	-2.33	-666.00	309.15	0.00	708.37	7307.28
1476216039.0 69 100004.13	997.32	24.63	-24.84	201.86	217.45	-0.00	-666.00	309.10	0.00	708.37	7307.28
1476216040.0 69 100004.13	998.17	24.44	-24.84	203.62	214.96	-2.33	-666.00	309.10	0.00	708.37	7307.28
1476216041.0 69 100004.13	996.92	24.44	-25.00	198.36	214.96	0.68	-666.00	309.32	0.00	708.37	7307.28
1476216042.0 69 100004.13	996.92	24.44	-24.84	200.11	216.20	-0.00	-666.00	309.15	0.00	708.37	7307.28
1476216043.0 69 100004.13	996.92	24.44	-24.84	200.11	216.20	-07.28
1476216044.0 69 	0.68	-666.00	309.15	0.00	708.37	7307.28
1476216045.0 69 100004.13	996.92	24.44	-24.84	198.36	219.96	-0.00	-666.00	309.27	0.00	708.37	7307.28
1476216046.0 69 100004.13	996.92	24.44	-24.84	194.85	214.96	-2.33	-666.00	309.21	0.00	708.37	7307.28
1476216047.0 69 100004.13	996.92	24.44	-25.00	194.85	214.96	-0.00	-666.00	309.15	0.00	708.37	7307.28
1476216048.0 69 100004.13	995.67	24.44	-24.84	193.09	212.48	-0.00	-666.00	309.10	473.68	708.37	7307.28
1476216049.0 69 100004.13	998.57	24.63	-24.84	194.85	216.20	-0.00	-666.00	309.15	0.00	708.37	7307.28
1476216050.0 69 100004.13	998.17	24.44	-25.16	194.85	216.20	-0.00	-666.00	309.55	0.00	708.37	7307.28
1476216051.0 69 100004.13	998.17	24.44	-25.00	198.36	222.49	-2.33	-666.00	309.43	0.00	708.37	7307.28
1476216052.0 69 100004.13	996.92	24.44	-25.00	196.60	223.76	-0.00	-666.00	309.49	0.00	708.37	7307.28
1476216053.0 69 100004.13	998.17	24.44	-24.84	193.09	213.72	0.68	-666.00	309.10	0.00	708.37	7307.28
1476216054.0 69 100004.13	996.92	24.44	-24.84	191.34	211.25	-0.00	-666.00	309.32	0.00	708.37	7307.28
1476216055.0 69 100004.13	996.92	24.44	-24.84	200.11	214.96	-2.33	-666.00	308.98	0.00	708.37	7307.28
1476216056.0 69 100004.13	998.17	24.44	-24.84	191.34	210.02	-0.00	-666.00	308.93	0.00	708.37	7307.28
1476216057.0 69 100004.13	996.92	24.44	-24.84	194.85	219.96	-0.00	-666.00	309.38	0.00	708.37	7307.28
1476216058.0 69 100004.13	996.92	24.44	-25.00	194.85	214.96	-2.33	-666.00	309.21	0.00	708.37	7307.28
1476216059.0 70 100004.13	999.42	24.44	-24.84	196.60	217.45	-0.00	-666.00	309.27	0.00	708.37	7307.28
1476216060.0 70 100004.13	998.17	24.44	-24.68	194.85	214.96	3.69	-666.00	309.10	0.00	708.37	7307.28
1476216061.0 70 100004.13	996.92	24.44	-24.84	193.09	217.45	-2.33	-666.00	309.15	0.00	708.37	7307.28
1476216062.0 70 100004.13	996.92	24.44	-24.84	194.85	216.20	-2.33	-666.00	309.15	0.00	708.37	7307.28
1476216064.0 70 100004.13	996.92	24.44	-24.84	193.09	214.96	-0.00	-666.00	309.10	0.00	708.37	7307.28
1476216065.0 70 100004.13	998.17	24.44	-24.84	194.85	218.70	-0.00	-666.00	309.15	0.00	708.37	7307.28
1476216066.0 70 100004.13	996.92	24.44	-24.84	194.85	216.20	-0.00	-666.00	309.15	0.00	708.37	7307.28
1476216067.0 70 100004.13	996.92	24.44	-25.00	193.09	214.96	-0.00	-666.00	309.21	0.00	708.37	7307.28
1476216068.0 70 100004.13	998.17	24.44	-24.84	191.34	213.72	-0.00	-666.00	309.15	0.00	708.37	7307.28
1476216069.0 70 100004.13	998.17	24.44	-24.84	193.09	212.48	-0.00	-666.00	309.10	0.00	708.37	7307.28
1476216070.0 70 100004.13	998.17	24.44	-24.68	187.83	210.02	-0.00	-666.00	308.87	0.00	708.37	7307.28
1476216071.0 71 100004.13	998.17	24.44	-24.84	193.09	212.48	-0.00	-666.00	309.04	0.00	708.37	7307.28
1476216072.0 71 100004.13	997.32	24.63	-24.84	191.34	212.48	-2.33	-666.00	309.04	0.00	708.37	7307.28
1476216073.0 71 100004.13	997.32	24.63	-24.84	194.85	219.96	-0.00	-666.00	309.32	0.00	708.37	7307.28
1476216074.0 71 100004.13	998.17	24.44	-24.84	193.09	217.45	-2.33	-666.00	309.21	0.00	708.37	7307.28
1476216075.0 71 100004.13	996.92	24.44	-24.84	189.58	211.25	-0.00	-666.00	309.21	0.00	708.37	7307.28
1476216076.0 71 100004.13	996.92	24.44	-24.84	187.83	208.80	-0.00	-666.00	308.87	0.00	708.37	7307.28
1476216077.0 71 100004.13	996.92	24.44	-24.84	187.83	210.02	-0.00	-666.00	308.87	0.00	708.37	7307.28
1476216078.0 71 100004.13	998.17	24.44	-25.00	191.34	216.20	-0.00	-666.00	309.10	0.00	708.37	7307.28
1476216079.0 71 100004.13	996.92	24.44	-24.68	189.58	211.25	-0.00	-666.00	309.10	0.00	708.37	7307.28
1476216080.0 71 100004.13	996.92	24.44	-24.84	191.34	214.96	-0.00	-666.00	309.21	0.00	708.37	7307.28
1476216081.0 71 100004.13	998.17	24.44	-24.84	193.09	219.96	-2.33	-666.00	309.21	0.00	708.37	7307.28
1476216082.0 71 100004.13	996.92	24.44	-24.84	193.09	216.20	-0.00	-666.00	309.21	0.00	708.37	7307.28
1476216083.0 69 100004.13	998.17	24.44	-24.84	193.09	214.96	-0.00	-666.00	309.15	473.68	708.37	7307.28
1476216084.0 69 100004.13	996.92	24.44	-24.84	194.85	217.45	-0.00	-666.00	309.21	0.00	708.37	7307.28
1476216085.0 69 100004.13	996.92	24.44	-24.84	191.34	216.20	-0.00	-666.00	309.21	0.00	708.37	7307.28
1476216086.0 69 100004.13	996.92	24.44	-24.84	193.09	218.70	-0.00	-666.00	309.27	0.00	708.37	7307.28
1476216087.0 69 100004.13	998.57	24.63	-25.00	191.34	213.72	-0.00	-666.00	309.21	0.00	708.37	7307.28
1476216088.0 69 100004.13	998.17	24.44	-25.00	191.34	214.96	-0.00	-666.00	309.21	0.00	708.37	7307.28
1476216089.0 69 100004.13	998.17	24.44	-25.00	191.34	214.96	-2.33	-666.00	309.27	0.00	708.37	7307.28
1476216091.0 69 100004.13	998.17	24.44	-24.84	194.85	217.45	-0.00	-666.00	309.21	0.00	708.37	7307.28
1476216092.0 69 100004.13	998.17	24.44	-24.84	191.34	214.96	-0.00	-666.00	309.21	0.00	708.37	7307.28
1476216093.0 69 100004.13	998.17	24.44	-24.68	191.34	214.96	-2.33	-666.00	309.21	0.00	708.37	7307.28
1476216094.0 69 100004.13	996.92	24.44	-24.84	191.34	214.96	-0.00	-666.00	309.55	0.00	708.37	7307.28
1476216095.0 68 100004.13	996.92	24.44	-24.84	193.09	218.70	-0.00	-666.00	309.72	0.00	708.37	7307.28
1476216096.0 68 100004.13	996.92	24.44	-24.84	193.09	218.70	-0.00	-666.00	309.72	0.00	708.37	7307.28
1476216097.0 68 100004.13	998.17	24.44	-25.00	189.58	213.72	-0.00	-666.00	309.38	0.00	708.37	7307.28
1476216098.0 68 100004.13	996.92	24.44	-24.84	191.34	222.49	-0.00	-666.00	309.49	0.00	708.37	7307.28
1476216099.0 68 100004.13	996.92	24.44	-24.84	186.07	217.45	-0.00	-666.00	309.38	0.00	708.37	7307.28
1476216100.0 68 100004.13	998.17	24.44	-25.00	191.34	217.45	3.69	-666.00	309.55	0.00	708.37	7307.28
1476216101.0 68 100004.13	996.92	24.44	-24.84	191.34	214.96	-2.33	-666.00	309.21	0.00	708.37	7307.28
1476216102.0 68 100004.13	996.92	24.44	-24.68	191.34	214.96	-2.33	-666.00	309.21	0.00	708.37	7307.28
1476216103.0 68 100004.13	996.92	24.44	-24.84	191.34	210.02	-2.33	-666.00	308.93	0.00	708.37	7307.28
1476216104.0 68 100004.13	998.17	24.44	-24.84	193.09	219.96	-2.33	-666.00	309.21	0.00	708.37	7307.28
1476216105.0 68 100004.13	998.17	24.44	-25.00	191.34	216.20	0.68	-666.00	309.21	0.00	708.37	7307.28
1476216106.0 68 100004.13	998.17	24.44	-24.84	189.58	221.22	-0.00	-666.00	309.32	0.00	708.37	7307.28
1476216107.0 69 100004.13	998.17	24.44	-24.84	187.83	210.02	-0.00	-666.00	308.93	0.00	708.37	7307.28
1476216108.0 69 100004.13	998.17	24.44	-25.00	191.34	221.22	-2.33	-666.00	309.43	0.00	708.37	7307.28
1476216109.0 69 100004.13	997.77	24.25	-24.84	193.09	214.96	-0.00	-666.00	309.15	0.00	708.37	7307.28
1476216110.0 69 100004.13	996.92	24.44	-24.84	191.34	216.20	-0.00	-666.00	309.10	0.00	708.37	7307.28
1476216111.0 69 100004.13	998.17	24.44	-25.00	189.58	217.45	-0.00	-666.00	309.15	0.00	708.37	7307.28
1476216112.0 69 100004.13	996.52	24.25	-24.68	189.58	212.48	-0.00	-666.00	308.98	473.68	708.37	7307.28
1476216113.0 69 100004.13	998.17	24.44	-24.84	187.83	211.25	-0.00	-666.00	308.93	0.00	708.37	7307.28
1476216114.0 69 100004.13	998.17	24.44	-24.84	189.58	214.96	-2.33	-666.00	309.15	0.00	708.37	7307.28
1476216115.0 69 100004.13	998.17	24.44	-24.84	187.83	214.96	-0.00	-666.00	309.15	0.00	708.37	7307.28
1476216116.0 69 100004.13	998.17	24.44	-24.68	189.58	213.72	-0.00	-666.00	309.32	0.00	708.37	7307.28
1476216117.0 69 100004.13	996.92	24.44	-24.84	191.34	216.20	-0.00	-666.00	309.04	0.00	708.37	7307.28
1476216119.0 66 100004.13	999.42	24.44	-24.84	194.85	216.20	-0.00	-666.00	309.04	0.00	708.37	7307.28
1476216120.0 66 100004.13	998.17	24.44	-24.84	193.09	221.22	-2.33	-666.00	309.10	0.00	708.37	7307.28
1476216121.0 66 100004.13	997.32	24.63	-25.00	189.58	219.96	-2.33	-666.00	309.27	473.68	708.37	7307.28
1476216122.0 66 100004.13	997.77	24.25	-24.84	191.34	218.70	-0.00	-666.00	309.49	0.00	708.37	7307.28
1476216123.0 66 100004.13	998.17	24.44	-25.00	187.83	210.02	-0.00	-666.00	309.04	0.00	708.37	7307.28
1476216124.0 66 100004.13	997.77	24.25	-24.84	189.58	216.20	-0.00	-666.00	309.32	0.00	708.37	7307.28
1476216125.0 66 100004.13	998.17	24.44	-24.68	189.58	216.20	-0.00	-666.00	309.32	0.00	708.37	7307.28
1476216126.0 66 100004.13	998.17	24.44	-24.84	187.83	214.96	-0.00	-666.00	309.21	0.00	708.37	7307.28
1476216127.0 66 100004.13	998.17	24.44	-25.00	187.83	216.20	0.68	-666.00	309.21	0.00	708.37	7307.28
1476216128.0 66 100004.13	996.92	24.44	-24.84	187.83	214.96	-0.00	-666.00	309.43	0.00	708.37	7307.28
1476216129.0 66 100004.13	996.92	24.44	-24.84	189.58	222.49	-0.00	-666.00	309.21	0.00	708.37	7307.28
1476216130.0 66 100004.13	998.17	24.44	-24.84	191.34	222.49	0.68	-666.00	309.21	0.00	708.37	7307.28
1476216131.0 69 100004.13	996.92	24.44	-24.84	191.34	221.22	0.68	-666.00	309.32	0.00	708.37	7307.28
1476216132.0 69 100004.13	998.17	24.44	-24.68	189.58	221.22	-0.00	-666.00	309.38	0.00	708.37	7307.28
1476216133.0 69 100004.13	998.17	24.44	-24.68	187.83	216.20	-0.00	-666.00	309.21	0.00	708.37	7307.28
1476216134.0 69 100004.13	996.92	24.44	-24.84	187.83	213.72	-2.33	-666.00	309.21	0.00	708.37	7307.28
1476216135.0 69 100004.13	998.17	24.44	-24.84	187.83	214.96	-0.00	-666.00	309.10	0.00	708.37	7307.28
1476216136.0 69 100004.13	997.77	24.25	-25.00	187.83	214.96	-0.00	-666.00	309.32	0.00	708.37	7307.28
1476216137.0 69 100004.13	998.17	24.44	-25.00	186.07	212.48	3.69	-666.00	309.04	0.00	708.37	7307.28
1476216138.0 69 100004.13	998.17	24.44	-24.68	189.58	214.96	-0.00	-666.00	309.15	0.00	708.37	7307.28
1476216139.0 69 100004.13	998.17	24.44	-24.84	189.58	213.72	-0.00	-666.00	309.10	0.00	708.37	7307.28
1476216140.0 69 100004.13	998.17	24.44	-24.84	186.07	212.48	-0.00	-666.00	309.21	0.00	708.37	7307.28
1476216141.0 69 100004.13	997.77	24.25	-25.00	191.34	219.96	-0.00	-666.00	309.77	0.00	708.37	7307.28
1476216142.0 69 100004.13	998.17	24.44	-25.00	187.83	214.96	-0.00	-666.00	309.55	0.00	708.37	7307.28
1476216143.0 71 100004.13	997.77	24.25	-25.00	191.34	221.22	-0.00	-666.00	309.49	0.00	708.37	7307.28
1476216144.0 71 100004.13	998.17	24.44	-24.68	191.34	222.49	3.69	-666.00	309.32	0.00	708.37	7307.28
1476216145.0 71 100004.13	996.92	24.44	-24.84	189.58	221.22	-0.00	-666.00	309.49	0.00	708.37	7307.28
1476216146.0 71 100004.13	996.92	24.44	-25.00	191.34	222.49	-2.33	-666.00	309.49	0.00	708.37	7307.28
1476216148.0 71 100004.13	996.92	24.44	-24.84	189.58	219.96	-0.00	-666.00	309.32	0.00	708.37	7307.28
1476216149.0 71 100004.13	998.17	24.44	-24.84	189.58	223.76	-0.00	-666.00	309.27	0.00	708.37	7307.28
1476216150.0 71 100004.13	996.92	24.44	-24.84	189.58	221.22	-0.00	-666.00	309.32	0.00	708.37	7307.28
1476216151.0 71 100004.13	998.17	24.44	-24.84	189.58	219.96	-2.33	-666.00	309.32	0.00	708.37	7307.28
1476216152.0 71 100004.13	997.77	24.25	-24.84	187.83	212.48	-0.00	-666.00	309.10	0.00	708.37	7307.28
1476216153.0 71 100004.13	998.17	24.44	-25.00	187.83	216.20	-0.00	-666.00	309.15	0.00	708.37	7307.28
1476216154.0 71 100004.13	997.77	24.25	-24.84	187.83	214.96	-0.00	-666.00	309.10	0.00	708.37	7307.28
1476216155.0 72 100004.13	998.17	24.44	-25.00	187.83	219.96	-0.00	-666.00	309.32	0.00	708.37	7307.28
1476216156.0 72 100004.13	996.92	24.44	-24.84	186.07	213.72	-0.00	-666.00	309.15	0.00	708.37	7307.28
1476216157.0 72 100004.13	996.92	24.44	-25.00	184.32	212.48	-0.00	-666.00	309.04	0.00	708.37	7307.28
1476216158.0 72 100004.13	998.17	24.44	-24.84	187.83	218.70	-0.00	-666.00	309.32	0.00	708.37	7307.28
1476216159.0 72 100004.13	998.17	24.44	-24.84	186.07	216.20	-2.33	-666.00	309.49	0.00	708.37	7307.28
1476216160.0 72 100004.13	998.17	24.44	-25.00	186.07	214.96	-0.00	-666.00	309.49	0.00	708.37	7307.28
1476216161.0 72 100004.13	998.17	24.44	-25.16	189.58	218.70	-0.00	-666.00	309.60	0.00	708.37	7307.28
1476216162.0 72 100004.13	996.92	24.44	-25.16	186.07	216.20	-2.33	-666.00	309.43	0.00	708.37	7307.28
1476216163.0 72 100004.13	996.92	24.44	-24.84	186.07	214.96	-0.00	-666.00	309.43	0.00	708.37	7307.28
1476216164.0 72 100004.13	996.92	24.44	-24.84	186.07	217.45	-2.33	-666.00	309.15	0.00	708.37	7307.28
1476216165.0 68 100004.13	998.17	24.44	-24.84	184.32	213.72	-0.00	-666.00	309.21	0.00	708.37	7307.28
1476216166.0 68 100004.13	998.17	24.44	-24.84	186.07	214.96	-0.00	-666.00	309.04	0.00	708.37	7307.28
1476216167.0 68 100004.13	998.17	24.44	-25.00	184.32	214.96	-0.00	-666.00	309.10	0.00	708.37	7307.28
1476216168.0 68 100004.13	998.17	24.44	-25.00	184.32	213.72	-0.00	-666.00	309.15	0.00	708.37	7307.28
1476216169.0 68 100004.13	998.17	24.44	-24.84	184.32	216.20	-2.33	-666.00	309.15	0.00	708.37	7307.28
1476216170.0 68 100004.13	998.17	24.44	-24.84	184.32	212.48	-0.00	-666.00	309.04	0.00	708.37	7307.28
1476216171.0 68 100004.13	996.92	24.44	-24.84	182.56	211.25	-2.33	-666.00	308.93	0.00	708.37	7307.28
1476216172.0 68 100004.13	996.92	24.44	-24.84	184.32	217.45	-0.00	-666.00	309.21	0.00	708.37	7307.28
1476216173.0 68 100004.13	996.92	24.44	-24.84	187.83	217.45	-2.33	-666.00	309.04	0.00	708.37	7307.28
1476216174.0 68 100004.13	998.17	24.44	-24.68	182.56	208.80	-2.33	-666.00	308.93	0.00	708.37	7307.28
1476216175.0 68 100004.13	998.17	24.44	-25.16	187.83	217.45	-0.00	-666.00	309.55	0.00	708.37	7307.28
1476216176.0 68 100004.13	996.92	24.44	-24.84	186.07	216.20	-0.00	-666.00	309.27	0.00	708.37	7307.28
1476216178.0 68 100004.13	998.17	24.44	-24.84	186.07	214.96	-0.00	-666.00	309.21	0.00	708.37	7307.28
1476216179.0 68 100004.13	996.92	24.44	-25.16	184.32	216.20	-0.00	-666.00	309.49	0.00	708.37	7307.28
1476216180.0 68 100004.13	998.57	24.63	-24.84	187.83	219.96	0.68	-666.00	309.10	0.00	708.37	7307.28
1476216181.0 68 100004.13	997.32	24.63	-24.84	187.83	223.76	-0.00	-666.00	309.27	0.00	708.37	7307.28
1476216182.0 68 100004.13	997.32	24.63	-24.84	186.07	221.22	4.66	-666.00	309.27	0.00	708.37	7307.28
1476216183.0 68 100004.13	996.92	24.44	-24.84	187.83	222.49	0.68	-666.00	309.27	0.00	708.37	7307.28
1476216184.0 68 100004.13	998.17	24.44	-24.84	187.83	221.22	0.68	-666.00	309.21	473.68	708.37	7307.28
1476216185.0 68 100004.13	996.92	24.44	-24.84	187.83	219.96	-2.33	-666.00	309.21	0.00	708.37	7307.28
1476216186.0 68 100004.13	997.32	24.63	-24.84	186.07	218.70	-2.33	-666.00	309.10	0.00	708.37	7307.28
1476216187.0 68 100004.13	996.92	24.44	-24.68	184.32	212.48	-0.00	-666.00	309.10	0.00	708.37	7307.28
1476216188.0 70 100004.13	998.57	24.63	-24.84	184.32	218.70	-2.33	-666.00	309.38	0.00	708.37	7307.28
1476216189.0 70 100004.13	996.92	24.44	-24.84	184.32	212.48	-0.00	-666.00	309.21	0.00	708.37	7307.28
1476216190.0 70 100004.13	998.57	24.63	-24.84	182.56	212.48	-0.00	-666.00	309.10	0.00	708.37	7307.28
1476216191.0 70 100004.13	998.17	24.44	-24.84	182.56	212.48	-0.00	-666.00	309.10	0.00	708.37	7307.28
1476216192.0 70 100004.13	998.57	24.63	-25.00	184.32	216.20	-0.00	-666.00	309.49	0.00	708.37	7307.28
1476216193.0 70 100004.13	996.92	24.44	-25.00	184.32	216.20	-2.33	-666.00	309.49	0.00	708.37	7307.28
1476216194.0 70 100004.13	996.92	24.44	-24.68	187.83	221.22	3.69	-666.00	309.32	0.00	708.37	7307.28
1476216195.0 70 100004.13	997.32	24.63	-24.68	186.07	221.22	-0.00	-666.00	309.38	0.00	708.37	7307.28
1476216196.0 70 100004.13	996.92	24.44	-24.84	187.83	221.22	-0.00	-667307.28
1476216197.0 70 .00	-666.00	309.32	473.68	708.37	7307.28
1476216198.0 71 100004.13	997.32	24.63	-24.84	182.56	221.22	-0.00	-666.00	309.21	0.00	708.37	7307.28
1476216199.0 71 100004.13	997.32	24.63	-24.84	184.32	223.76	-0.00	-666.00	309.32	0.00	708.37	7307.28
1476216200.0 71 100004.13	997.72	24.81	-24.84	184.32	221.22	3.69	-666.00	309.32	0.00	708.37	7307.28
1476216201.0 71 100004.13	997.32	24.63	-25.00	186.07	226.32	-2.33	-666.00	309.32	0.00	708.37	7307.28
1476216202.0 71 100004.13	998.17	24.44	-24.84	182.56	217.45	-2.33	-666.00	309.21	0.00	708.37	7307.28
1476216203.0 71 100004.13	997.72	24.81	-24.84	175.55	210.02	-0.00	-666.00	308.93	0.00	708.37	7307.28
1476216204.0 71 100004.13	998.97	24.81	-25.00	180.81	221.22	-0.00	-666.00	309.49	0.00	708.37	7307.28
1476216205.0 71 100004.13	998.97	24.81	-24.84	184.32	222.49	-2.33	-666.00	309.27	0.00	708.37	7307.28
1476216206.0 71 100004.13	997.32	24.63	-24.84	175.55	207.58	-0.00	-666.00	308.82	0.00	708.37	7307.28
1476216207.0 71 100004.13	998.97	24.81	-25.00	182.56	221.22	-0.00	-666.00	309.55	0.00	708.37	7307.28
1476216209.0 71 100004.13	997.72	24.81	-24.84	179.06	214.96	-0.00	-666.00	309.27	0.00	708.37	7307.28
1476216210.0 71 100004.13	998.57	24.63	-24.84	179.06	214.96	-2.33	-666.00	309.21	0.00	708.37	7307.28
1476216211.0 67 100004.13	997.72	24.81	-24.68	179.06	216.20	-2.33	-666.00	309.21	0.00	708.37	7307.28
1476216212.0 67 100004.13	997.32	24.63	-24.84	179.06	214.96	-0.00	-666.00	309.21	0.00	708.37	7307.28
1476216213.0 67 100004.13	998.57	24.63	-24.84	180.81	214.96	-0.00	-666.00	309.21	0.00	708.37	7307.28
1476216214.0 67 100004.13	997.32	24.63	-24.84	179.06	214.96	-0.00	-666.00	309.27	0.00	708.37	7307.28
1476216215.0 67 100004.13	997.32	24.63	-25.00	179.06	214.96	-0.00	-666.00	309.27	0.00	708.37	7307.28
1476216216.0 67 100004.13	997.72	24.81	-24.84	179.06	214.96	-2.33	-666.00	309.21	0.00	708.37	7307.28
1476216217.0 67 100004.13	998.57	24.63	-24.84	179.06	216.20	-0.00	-666.00	309.21	0.00	708.37	7307.28
1476216218.0 67 100004.13	997.72	24.81	-24.84	179.06	214.96	-2.33	-666.00	309.21	0.00	708.37	7307.28
1476216219.0 67 100004.13	997.72	24.81	-24.84	179.06	214.96	-0.00	-666.00	309.27	0.00	708.37	7307.28
1476216220.0 67 100004.13	997.32	24.63	-25.00	179.06	212.48	-0.00	-666.00	309.04	0.00	708.37	7307.28
1476216221.0 67 100004.13	996.07	24.63	-25.00	177.30	210.02	-0.00	-666.00	309.04	0.00	708.37	7307.28
1476216222.0 67 100004.13	997.32	24.63	-24.84	179.06	213.72	-0.00	-666.00	309.21	0.00	708.37	7307.28
1476216223.0 68 100004.13	997.72	24.81	-25.00	177.30	213.72	-0.00	-666.00	309.21	0.00	708.37	7307.28
1476216224.0 68 100004.13	998.57	24.63	-25.00	184.32	226.32	-0.00	-666.00	309.60	0.00	708.37	7307.28
1476216225.0 68 100004.13	998.57	24.63	-24.84	179.06	216.20	-0.00	-666.00	309.10	0.00	708.37	7307.28
1476216226.0 68 100004.13	997.32	24.63	-24.84	182.56	221.22	-2.33	-666.00	309.32	0.00	708.37	7307.28
1476216227.0 68 100004.13	997.32	24.63	-25.00	184.32	226.32	2.44	-666.00	309.32	0.00	708.37	7307.28
1476216228.0 68 100004.13	997.32	24.63	-25.00	182.56	222.49	-0.00	-666.00	309.27	0.00	708.37	7307.28
1476216229.0 68 100004.13	998.17	24.44	-24.84	180.81	217.45	0.68	-666.00	309.15	0.00	708.37	7307.28
1476216230.0 68 100004.13	998.57	24.63	-24.68	182.56	223.76	-0.00	-666.00	309.15	473.68	708.37	7307.28
1476216231.0 68 100004.13	998.17	24.44	-24.68	180.81	214.96	-0.00	-666.00	309.10	0.00	708.37	7307.28
1476216232.0 68 100004.13	998.57	24.63	-24.84	177.30	214.96	-0.00	-666.00	309.21	0.00	708.37	7307.28
1476216233.0 68 100004.13	996.92	24.44	-24.84	179.06	216.20	-0.00	-666.00	309.21	0.00	708.37	7307.28
1476216234.0 68 100004.13	997.32	24.63	-24.84	179.06	216.20	-0.00	-666.00	309.15	0.00	708.37	7307.28
1476216235.0 68 100004.13	998.17	24.44	-24.84	179.06	217.45	-0.00	-666.00	309.27	0.00	708.37	7307.28
1476216236.0 68 100004.13	997.32	24.63	-25.00	179.06	214.96	-0.00	-666.00	309.60	0.00	708.37	7307.28
1476216238.0 68 100004.13	997.32	24.63	-24.84	180.81	217.45	-0.00	-666.00	309.15	0.00	708.37	7307.28
1476216239.0 68 100004.13	996.92	24.44	-24.68	180.81	221.22	-2.33	-666.00	309.15	0.00	708.37	7307.28
1476216240.0 68 100004.13	996.92	24.44	-25.00	179.06	218.70	-0.00	-666.00	309.66	0.00	708.37	7307.28
1476216241.0 68 100004.13	998.17	24.44	-25.00	177.30	216.20	-0.00	-666.00	309.21	0.00	708.37	7307.28
1476216242.0 68 100004.13	997.32	24.63	-24.84	182.56	223.76	0.68	-666.00	309.38	0.00	708.37	7307.28
1476216243.0 68 100004.13	998.17	24.44	-24.84	179.06	221.22	-0.00	-666.00	309.60	0.00	708.37	7307.28
1476216244.0 68 100004.13	998.17	24.44	-24.68	180.81	223.76	-0.00	-666.00	309.43	0.00	708.37	7307.28
1476216245.0 68 100004.13	998.17	24.44	-25.00	180.81	218.70	-0.00	-666.00	309.21	0.00	708.37	7307.28
1476216246.0 68 100004.13	998.17	24.44	-24.84	186.07	219.96	0.68	-666.00	309.15	0.00	708.37	7307.28
1476216247.0 67 100004.13	997.32	24.63	-24.84	184.32	222.49	0.68	-666.00	309.32	0.00	708.37	7307.28
1476216248.0 67 100004.13	998.17	24.44	-24.68	186.07	219.96	-0.00	-666.00	309.21	0.00	708.37	7307.28
1476216249.0 67 100004.13	996.92	24.44	-24.84	180.81	218.70	-0.00	-666.00	309.21	0.00	708.37	7307.28
1476216250.0 67 100004.13	996.92	24.44	-24.84	180.81	218.70	-0.00	-666.00	309.21	0.00	708.37	7307.28
1476216251.0 67 100004.13	998.57	24.63	-24.84	182.56	222.49	-0.00	-666.00	309.38	0.00	708.37	7307.28
1476216252.0 67 100004.13	998.17	24.44	-24.84	180.81	218.70	-0.00	-666.00	309.21	0.00	708.37	7307.28
1476216253.0 67 100004.13	998.17	24.44	-24.68	182.56	222.49	-0.00	-666.00	309.32	473.68	708.37	7307.28
1476216254.0 67 100004.13	996.92	24.44	-24.84	175.55	208.80	-0.00	-666.00	308.87	0.00	708.37	7307.28
1476216255.0 67 100004.13	996.92	24.44	-24.84	175.55	221.22	-0.00	-666.00	309.38	0.00	708.37	7307.28
1476216256.0 67 100004.13	998.17	24.44	-24.68	182.56	219.96	-0.00	-666.00	309.27	344.01	708.37	7307.28
1476216257.0 67 100004.13	998.17	24.44	-24.84	177.30	216.20	-2.33	-666.00	309.15	0.00	708.37	7307.28
1476216258.0 67 100004.13	998.17	24.44	-24.68	182.56	223.76	5.45	-666.00	309.55	0.00	708.37	7307.28
1476216259.0 65 100004.13	998.17	24.44	-24.84	180.81	217.45	-2.33	-666.00	309.15	0.00	708.37	7307.28
1476216260.0 65 100004.13	998.17	24.44	-24.84	179.06	214.96	-2.33	-666.00	309.15	0.00	708.37	7307.28
1476216261.0 65 100004.13	998.17	24.44	-25.00	179.06	216.20	-0.00	-666.00	309.15	0.00	708.37	7307.28
1476216262.0 65 100004.13	997.32	24.63	-24.68	179.06	214.96	-0.00	-666.00	309.15	0.00	708.37	7307.28
1476216264.0 65 100004.13	997.32	24.63	-24.68	177.30	217.45	-0.00	-666.00	309.21	0.00	708.37	7307.28
1476216265.0 65 100004.13	998.17	24.44	-24.84	182.56	221.22	-0.00	-666.00	309.32	0.00	708.37	7307.28
1476216266.0 65 100004.13	997.32	24.63	-24.84	180.81	221.22	7.67	-666.00	309.27	0.00	708.37	7307.28
1476216267.0 65 100004.13	996.92	24.44	-25.00	182.56	221.22	-2.33	-666.00	309.32	473.68	708.37	7307.28
1476216268.0 65 100004.13	996.92	24.44	-24.84	180.81	222.49	-0.00	-666.00	309.15	0.00	708.37	7307.28
1476216269.0 65 100004.13	998.57	24.63	-24.84	179.06	217.45	-0.00	-666.00	309.32	0.00	708.37	7307.28
1476216270.0 65 100004.13	998.17	24.44	-24.84	177.30	214.96	-0.00	-666.00	309.21	0.00	708.37	7307.28
1476216271.0 67 100004.13	998.17	24.44	-25.00	175.55	212.48	-0.00	-666.00	309.15	0.00	708.37	7307.28
1476216272.0 67 100004.13	996.92	24.44	-25.00	177.30	213.72	-2.33	-666.00	309.21	0.00	708.37	7307.28
1476216273.0 67 100004.13	998.17	24.44	-24.84	177.30	213.72	-0.00	-666.00	309.27	0.00	708.37	7307.28
1476216274.0 67 100004.13	998.17	24.44	-24.84	175.55	213.72	-2.33	-666.00	309.27	0.00	708.37	7307.28
1476216275.0 67 100004.13	998.17	24.44	-24.84	180.81	217.45	-0.00	-666.00	309.21	0.00	708.37	7307.28
1476216276.0 67 100004.13	998.17	24.44	-24.84	180.81	216.20	-0.00	-666.00	309.15	0.00	708.37	7307.28
1476216277.0 67 100004.13	996.92	24.44	-24.84	179.06	214.96	-0.00	-666.00	309.10	0.00	708.37	7307.28
1476216278.0 67 100004.13	998.17	24.44	-24.68	180.81	217.45	-0.00	-666.00	309.15	0.00	708.37	7307.28
1476216279.0 67 100004.13	996.92	24.44	-24.84	177.30	213.72	-0.00	-666.00	309.27	0.00	708.37	7307.28
1476216280.0 67 100004.13	996.92	24.44	-24.84	179.06	216.20	-0.00	-666.00	309.21	0.00	708.37	7307.28
1476216281.0 67 100004.13	997.32	24.63	-24.84	177.30	216.20	-0.00	-666.00	309.27	0.00	708.37	7307.28
1476216282.0 67 100004.13	998.57	24.63	-24.84	179.06	214.96	-2.33	-666.00	309.27	0.00	708.37	7307.28
1476216283.0 67 100004.13	996.92	24.44	-24.84	180.81	216.20	-0.00	-666.00	309.15	0.00	708.37	7307.28
1476216284.0 67 100004.13	996.92	24.44	-24.84	179.06	217.45	7.21	-666.00	309.15	0.00	708.37	7307.28
1476216285.0 65 100004.13	998.17	24.44	-24.84	177.30	217.45	-0.00	-666.00	309.15	0.00	708.37	7307.28
1476216286.0 65 100004.13	997.32	24.63	-24.84	179.06	213.72	-0.00	-666.00	309.15	473.68	708.37	7307.28
1476216287.0 65 100004.13	997.32	24.63	-24.84	177.30	213.72	-0.00	-666.00	309.10	0.00	708.37	7307.28
1476216289.0 65 100004.13	996.92	24.44	-25.00	179.06	217.45	-0.00	-666.00	309.43	0.00	708.37	7307.28
1476216290.0 65 100004.13	996.92	24.44	-24.84	177.30	214.96	0.68	-666.00	309.15	0.00	708.37	7307.28
1476216291.0 65 100004.13	998.17	24.44	-24.84	179.06	218.70	-0.00	-666.00	309.10	473.68	708.37	7307.28
1476216292.0 65 100004.13	996.92	24.44	-24.84	180.81	219.96	0.68	-666.00	309.21	0.00	708.37	7307.28
1476216293.0 65 100004.13	996.92	24.44	-25.00	179.06	221.22	-0.00	-666.00	309.32	0.00	708.37	7307.28
1476216294.0 65 100004.13	996.92	24.44	-24.84	177.30	217.45	-0.00	-666.00	309.21	0.00	708.37	7307.28
1476216295.0 65 100004.13	998.17	24.44	-25.00	179.06	216.20	-2.33	-666.00	309.27	0.00	708.37	7307.28
1476216296.0 65 100004.13	998.17	24.44	-24.84	177.30	214.96	-0.00	-666.00	309.10	0.00	708.37	7307.28
1476216297.0 65 100004.13	996.92	24.44	-24.84	177.30	216.20	-0.00	-666.00	309.21	0.00	708.37	7307.28
1476216298.0 65 100004.13	998.17	24.44	-25.00	179.06	214.96	-0.00	-666.00	309.27	0.00	708.37	7307.28
1476216299.0 65 100004.13	996.92	24.44	-24.84	179.06	214.96	-0.00	-666.00	309.10	0.00	708.37	7307.28
1476216300.0 62 100004.13	998.17	24.44	-24.84	180.81	222.49	-2.33	-666.00	309.27	0.00	708.37	7307.28
1476216301.0 62 100004.13	998.17	24.44	-24.84	184.32	223.76	4.66	-666.00	309.32	0.00	708.37	7307.28
1476216302.0 62 100004.13	998.57	24.63	-24.84	180.81	221.22	-2.33	-666.00	309.32	0.00	708.37	7307.28
1476216303.0 62 100004.13	998.17	24.44	-24.84	179.06	218.70	0.68	-666.00	309.15	0.00	708.37	7307.28
1476216304.0 62 100004.13	996.92	24.44	-24.84	179.06	216.20	-0.00	-666.00	309.21	0.00	708.37	7307.28
1476216305.0 62 100004.13	996.92	24.44	-24.84	177.30	211.25	-0.00	-666.00	309.15	0.00	708.37	7307.28
1476216306.0 62 100004.13	998.57	24.63	-24.84	179.06	218.70	-0.00	-666.00	309.04	0.00	708.37	7307.28
1476216307.0 62 100004.13	998.17	24.44	-24.84	175.55	211.25	-2.33	-666.00	308.93	0.00	708.37	7307.28
1476216308.0 62 100004.13	998.17	24.44	-24.84	179.06	213.72	-0.00	-666.00	309.15	0.00	708.37	7307.28
1476216309.0 62 100004.13	996.92	24.44	-24.84	180.81	216.20	-2.33	-666.00	309.21	0.00	708.37	7307.28
1476216310.0 62 100004.13	998.17	24.44	-24.84	179.06	216.20	-0.00	-666.00	309.15	0.00	708.37	7307.28
1476216312.0 62 100004.13	996.92	24.44	-24.84	179.06	216.20	-0.00	-666.00	309.32	0.00	708.37	7307.28
1476216313.0 63 100004.13	998.17	24.44	-25.00	177.30	214.96	-0.00	-666.00	309.15	0.00	708.37	7307.28
1476216314.0 63 100004.13	998.17	24.44	-24.84	180.81	218.70	-0.00	-666.00	309.38	0.00	708.37	7307.28
1476216315.0 63 100004.13	998.17	24.44	-25.16	180.81	221.22	-2.33	-666.00	309.60	0.00	708.37	7307.28
1476216316.0 63 100004.13	996.92	24.44	-25.00	182.56	227.60	-2.33	-666.00	309.72	0.00	708.37	7307.28
1476216317.0 63 100004.13	998.17	24.44	-25.00	182.56	226.32	-0.00	-666.00	309.72	0.00	708.37	7307.28
1476216318.0 63 100004.13	998.17	24.44	-25.00	177.30	226.32	-2.33	-666.00	309.72	0.00	708.37	7307.28
1476216319.0 63 100004.13	998.17	24.44	-24.68	184.32	223.76	-0.00	-666.00	309.49	0.00	708.37	7307.28
1476216320.0 63 100004.13	998.17	24.44	-24.84	182.56	223.76	-0.00	-666.00	309.27	344.01	708.37	7307.28
1476216321.0 63 100004.13	996.92	24.44	-24.84	182.56	221.22	-2.33	-666.00	309.32	0.00	708.37	7307.28
1476216322.0 63 100004.13	998.17	24.44	-24.84	182.56	221.22	0.68	-666.00	309.32	0.00	708.37	7307.28
1476216323.0 63 100004.13	996.92	24.44	-24.84	182.56	225.04	-0.00	-666.00	309.55	0.00	708.37	7307.28
1476216324.0 61 100004.13	996.92	24.44	-24.84	182.56	227.60	2.44	-666.00	309.38	0.00	708.37	7307.28
1476216325.0 61 100004.13	997.32	24.63	-25.00	177.30	211.25	-0.00	-666.00	309.32	0.00	708.37	7307.28
1476216326.0 61 100004.13	998.17	24.44	-24.84	179.06	216.20	-2.33	-666.00	309.49	0.00	708.37	7307.28
1476216327.0 61 100004.13	998.17	24.44	-24.84	179.06	216.20	-0.00	-666.00	309.27	0.00	708.37	7307.28
1476216328.0 61 100004.13	996.92	24.44	-24.68	177.30	213.72	-0.00	-666.00	309.04	0.00	708.37	7307.28
1476216329.0 61 100004.13	998.17	24.44	-24.84	180.81	219.96	-0.00	-666.00	309.38	0.00	708.37	7307.28
1476216330.0 61 100004.13	996.92	24.44	-25.00	179.06	217.45	-2.33	-666.00	309.32	0.00	708.37	7307.28
1476216331.0 61 100004.13	996.92	24.44	-24.84	179.06	218.70	-2.33	-666.00	309.21	0.00	708.37	7307.28
1476216332.0 61 100004.13	998.17	24.44	-24.84	180.81	219.96	-0.00	-666.00	309.43	0.00	708.37	7307.28
1476216333.0 61 100004.13	996.92	24.44	-24.84	177.30	214.96	-2.33	-666.00	309.15	0.00	708.37	7307.28
1476216334.0 61 100004.13	998.17	24.44	-24.84	184.32	223.76	-0.00	-666.00	309.38	0.00	708.37	7307.28
1476216335.0 61 100004.13	998.17	24.44	-24.84	180.81	217.45	-2.33	-666.00	309.27	0.00	708.37	7307.28
1476216336.0 62 100004.13	998.17	24.44	-24.84	179.06	218.70	-0.00	-666.00	309.38	0.00	708.37	7307.28
