# Name = UIS1
# Version = 1.0
# Location = Universidad Industrial de Santander
# Sensors = Presion, Temperatura, Humedad, Irradiancia, Iluminancia, Ruido, LLuvia, CO2, NO2, Latitud, Longitud, Nubosidad
# Power = Red
# GPS = si
# Time Zone = UTC-5
# Data = UTCtime GPStime Presion Temperatura Humedad Irradiancia Iluminancia  Ruido Lluvia CO2 NO2 Latitud Longitud Nubosidad 
1471410001.0 100 230524.67	1001.78	20.33	-24.68	0.00	222.49	-0.00	-666.00	309.55	0.00	709.22	7306.71
1471410001.0 100 230524.67	1000.14	20.14	-24.84	0.00	221.22	-0.00	-666.00	309.49	0.00	709.22	7306.71
1471410002.0 100 230524.67	1001.78	20.33	-24.84	0.00	227.60	-2.33	-666.00	309.83	0.00	709.22	7306.71
1471410003.0 100 230524.67	1000.54	20.33	-24.84	0.00	231.48	-0.00	-666.00	309.83	0.00	709.22	7306.71
1471410004.0 100 230524.67	1001.78	20.33	-24.84	0.00	225.04	-2.33	-666.00	309.72	0.00	709.22	7306.71
1471410004.0 100 230524.67	1000.54	20.33	-24.68	0.00	227.60	-0.00	-666.00	309.72	0.00	709.22	7306.71
1471410005.0 100 230524.67	1001.78	20.33	-24.84	0.00	226.32	-0.00	-666.00	309.66	0.00	709.22	7306.71
1471410006.0 100 230524.67	1000.54	20.33	-24.84	0.00	226.32	-0.00	-666.00	309.77	0.00	709.22	7306.71
1471410007.0 100 230524.67	1000.54	20.33	-24.84	0.00	227.60	-0.00	-666.00	309.72	0.00	709.22	7306.71
1471410007.0 100 230524.67	1001.78	20.33	-25.00	0.00	231.48	-0.00	-666.00	309.77	0.00	709.22	7306.71
1471410008.0 100 230524.67	1001.38	20.14	-24.84	0.00	228.89	-0.00	-666.00	309.77	0.00	709.22	7306.71
