1460062825.0 120107.00	1001.18	27.62	-24.84	915.85	202.74	-0.00	4325.70	308.54	0.00	0.00	0.00
1460062826.0 120107.00	1001.18	27.62	-24.68	912.36	201.55	-0.00	4478.37	308.42	0.00	0.00	0.00
1460062827.0 120107.00	1000.78	27.43	-24.68	914.10	200.35	-0.00	4681.93	308.48	0.00	0.00	0.00
1460062828.0 120107.00	1001.18	27.62	-24.68	926.31	201.55	-0.00	4885.50	308.54	0.00	0.00	0.00
1460062829.0 120107.00	1001.18	27.62	-24.84	929.80	201.55	-0.00	5063.61	308.54	0.00	0.00	0.00
1460062830.0 120107.00	999.92	27.62	-24.68	933.28	201.55	-2.33	5216.29	308.54	0.00	0.00	0.00
1460062831.0 120107.00	1000.78	27.43	-24.68	935.03	202.74	-2.33	5318.07	308.59	0.00	0.00	0.00
1460062832.0 120107.00	999.92	27.62	-24.68	936.77	200.35	-0.00	5394.40	308.48	0.00	0.00	0.00
1460062833.0 120107.00	1000.32	27.80	-24.68	945.48	201.55	-2.33	5547.07	308.59	0.00	0.00	0.00
1460062834.0 120107.00	1000.32	27.80	-24.84	950.71	201.55	-0.00	5648.85	308.54	0.00	0.00	0.00
1460062835.0 120107.00	1000.72	27.99	-24.84	954.20	202.74	-0.00	5776.08	308.54	0.00	0.00	0.00
1460062836.0 120107.00	1000.72	27.99	-24.68	961.17	202.74	-0.00	5826.97	308.59	0.00	0.00	0.00
1460062837.0 120107.00	1000.72	27.99	-24.84	971.62	205.15	-0.00	5903.31	308.65	0.00	0.00	0.00
1460062838.0 120107.00	1000.32	27.80	-24.68	971.62	201.55	-0.00	6005.09	308.54	0.00	0.00	0.00
1460062839.0 120107.00	1000.32	27.80	-24.84	978.59	200.35	-0.00	6055.98	308.54	0.00	0.00	0.00
1460062840.0 120107.00	1000.32	27.80	-24.68	989.04	203.95	-0.00	6081.43	308.48	0.00	0.00	0.00
1460062841.0 120107.00	1000.32	27.80	-24.68	985.56	200.35	-0.00	5979.64	308.48	0.00	0.00	0.00
1460062842.0 120107.00	1000.32	27.80	-24.84	1001.23	201.55	0.68	5877.86	308.59	0.00	0.00	0.00
1460062843.0 120107.00	1001.98	27.99	-24.68	996.01	200.35	-0.00	5750.64	308.42	0.00	0.00	0.00
1460062844.0 120107.00	999.45	27.99	-24.68	994.27	200.35	-0.00	5648.85	308.42	0.00	0.00	0.00
1460062845.0 120107.00	1000.32	27.80	-24.68	994.27	199.16	-0.00	5547.07	308.42	0.00	0.00	0.00
1460062846.0 120107.00	999.45	27.99	-24.68	996.01	200.35	-0.00	5419.85	308.48	0.00	0.00	0.00
1460062847.0 120107.00	1000.72	27.99	-24.68	996.01	200.35	-0.00	5318.07	308.48	0.00	0.00	0.00
1460062847.0 120107.00	1001.98	27.99	-24.68	996.01	201.55	-2.33	5216.29	308.48	0.00	0.00	0.00
1460062848.0 120107.00	998.59	28.18	-24.68	996.01	199.16	-0.00	5114.50	308.48	0.00	0.00	0.00
1460062849.0 120107.00	998.19	27.99	-24.68	997.75	200.35	-0.00	5012.72	308.48	0.00	0.00	0.00
1460062850.0 120107.00	1001.51	28.36	-24.53	996.01	200.35	-0.00	4936.39	308.48	0.00	0.00	0.00
1460062851.0 120107.00	1001.11	28.18	-24.68	999.49	200.35	-0.00	4834.61	308.59	0.00	0.00	0.00
1460062852.0 120107.00	998.59	28.18	-24.68	997.75	200.35	-0.00	4758.27	308.48	0.00	0.00	0.00
1460062853.0 120107.00	1000.25	28.36	-24.68	1006.46	203.95	-0.00	4656.49	308.65	0.00	0.00	0.00
1460062854.0 120107.00	1001.11	28.18	-24.84	996.01	200.35	-0.00	4554.71	308.48	0.00	0.00	0.00
1460062855.0 120107.00	1000.65	28.55	-24.68	1004.72	202.74	-2.33	4478.37	308.65	0.00	0.00	0.00
1460062856.0 120107.00	999.85	28.18	-24.68	996.01	200.35	-0.00	4402.04	308.48	0.00	0.00	0.00
1460062857.0 120107.00	1001.11	28.18	-24.68	997.75	200.35	-0.00	4300.25	308.48	0.00	0.00	0.00
1460062858.0 120107.00	998.99	28.36	-24.68	1006.46	201.55	0.68	4223.92	308.59	0.00	0.00	0.00
1460062859.0 120107.00	999.38	28.55	-24.68	1008.20	201.55	-0.00	4147.58	308.59	0.00	0.00	0.00
1460062860.0 120107.00	1000.65	28.55	-24.68	997.75	199.16	-0.00	4071.25	308.48	0.00	0.00	0.00
1460062861.0 120107.00	1000.25	28.36	-24.84	997.75	200.35	-0.00	3994.91	308.48	0.00	0.00	0.00
1460062862.0 120107.00	998.99	28.36	-24.68	999.49	200.35	-0.00	3918.58	308.48	0.00	0.00	0.00
1460062863.0 120107.00	999.38	28.55	-24.68	1001.23	200.35	-0.00	3842.24	308.48	0.00	0.00	0.00
1460062864.0 120107.00	1000.65	28.55	-24.84	1011.68	202.74	-0.00	3765.90	308.59	0.00	0.00	0.00
1460062865.0 120107.00	999.78	28.74	-24.68	1009.94	201.55	-0.00	3689.57	308.59	0.00	0.00	0.00
1460062866.0 120107.00	999.78	28.74	-24.68	1002.98	200.35	-0.00	3613.23	308.42	0.00	0.00	0.00
1460062867.0 120107.00	999.38	28.55	-24.68	1008.20	201.55	-0.00	3536.90	308.59	0.00	0.00	0.00
1460062868.0 120107.00	1000.65	28.55	-24.68	1004.72	203.95	-0.00	3486.01	308.65	0.00	0.00	0.00
1460062869.0 120107.00	999.78	28.74	-24.84	1002.98	202.74	-0.00	3409.67	308.59	0.00	0.00	0.00
1460062870.0 120107.00	1001.04	28.74	-24.68	987.30	200.35	-0.00	3358.78	308.42	0.00	0.00	0.00
1460062871.0 120107.00	1000.18	28.93	-24.84	985.56	202.74	-0.00	3282.44	308.59	0.00	0.00	0.00
1460062872.0 120107.00	1000.18	28.93	-24.68	983.82	203.95	-0.00	3231.55	308.59	0.00	0.00	0.00
1460062873.0 120107.00	1000.18	28.93	-24.84	980.33	203.95	-0.00	3155.22	308.59	0.00	0.00	0.00
1460062874.0 120107.00	999.78	28.74	-24.68	980.33	203.95	-0.00	3104.33	308.59	0.00	0.00	0.00
1460062875.0 120107.00	1000.57	29.11	-24.84	976.85	202.74	-0.00	3053.44	308.59	0.00	0.00	0.00
1460062876.0 120107.00	1001.44	28.93	-24.68	985.56	202.74	-0.00	2977.10	308.65	0.00	0.00	0.00
1460062877.0 120107.00	1000.57	29.11	-24.84	987.30	202.74	-0.00	2926.21	308.54	0.00	0.00	0.00
1460062878.0 120107.00	1001.84	29.11	-24.68	989.04	203.95	-0.00	2875.32	308.59	0.00	0.00	0.00
1460062879.0 120107.00	1000.57	29.11	-24.84	992.53	202.74	-0.00	2824.43	308.54	0.00	0.00	0.00
1460062880.0 120107.00	1000.57	29.11	-24.68	989.04	199.16	-0.00	2773.54	308.48	0.00	0.00	0.00
1460062881.0 120107.00	1000.57	29.11	-24.68	997.75	202.74	-0.00	2722.65	308.59	0.00	0.00	0.00
1460062882.0 120107.00	1000.97	29.30	-24.68	999.49	202.74	-0.00	2671.76	308.65	0.00	0.00	0.00
1460062883.0 120107.00	1000.97	29.30	-24.68	1004.72	205.15	-0.00	2620.87	308.70	0.00	0.00	0.00
1460062884.0 120107.00	999.70	29.30	-24.68	996.01	202.74	-0.00	2569.97	308.59	0.00	0.00	0.00
1460062885.0 120107.00	1000.97	29.30	-24.68	985.56	199.16	-0.00	2519.08	308.42	0.00	0.00	0.00
1460062886.0 120107.00	1000.57	29.11	-24.68	983.82	199.16	-2.33	2468.19	308.48	0.00	0.00	0.00
1460062887.0 120107.00	1000.57	29.11	-24.68	992.53	202.74	-0.00	2417.30	308.59	0.00	0.00	0.00
1460062888.0 120107.00	1000.97	29.30	-24.68	990.79	202.74	-0.00	2366.41	308.65	0.00	0.00	0.00
1460062889.0 120107.00	1000.57	29.11	-24.68	983.82	199.16	-0.00	2315.52	308.48	0.00	0.00	0.00
1460062890.0 120107.00	1000.97	29.30	-24.68	992.53	202.74	-0.00	2290.08	308.54	0.00	0.00	0.00
1460062891.0 120107.00	1000.57	29.11	-24.68	983.82	200.35	0.68	2239.19	308.48	0.00	0.00	0.00
1460062892.0 120107.00	1002.23	29.30	-24.84	1002.98	205.15	-0.00	2188.30	308.70	0.00	0.00	0.00
1460062893.0 120107.00	1000.57	29.11	-24.68	994.27	202.74	-0.00	2137.40	308.65	0.00	0.00	0.00
1460062894.0 120107.00	1000.57	29.11	-24.68	996.01	203.95	-0.00	2111.96	308.59	0.00	0.00	0.00
1460062895.0 120107.00	1001.36	29.49	-24.68	997.75	202.74	-0.00	2061.07	308.59	0.00	0.00	0.00
1460062896.0 120107.00	1000.57	29.11	-24.68	996.01	202.74	-0.00	2035.62	308.65	0.00	0.00	0.00
1460062897.0 120107.00	1001.36	29.49	-24.68	999.49	202.74	-0.00	1984.73	308.59	0.00	0.00	0.00
1460062898.0 120107.00	1000.10	29.49	-24.68	990.79	199.16	-0.00	1933.84	308.42	0.00	0.00	0.00
1460062898.0 120107.00	1000.97	29.30	-24.68	1001.23	202.74	-0.00	1908.40	308.59	0.00	0.00	0.00
1460062899.0 120107.00	1000.57	29.11	-24.68	996.01	199.16	-0.00	1882.95	308.48	0.00	0.00	0.00
1460062900.0 120107.00	1000.97	29.30	-24.68	1015.16	205.15	-0.00	1832.06	308.70	0.00	0.00	0.00
1460062901.0 120107.00	1000.57	29.11	-24.68	1002.98	202.74	-0.00	1806.62	308.59	0.00	0.00	0.00
1460062902.0 120107.00	1000.97	29.30	-24.68	1002.98	201.55	-0.00	1781.17	308.48	0.00	0.00	0.00
1460062903.0 120107.00	1000.97	29.30	-24.68	1004.72	202.74	-0.00	1730.28	308.65	0.00	0.00	0.00
1460062904.0 120107.00	1000.97	29.30	-24.68	994.27	200.35	-0.00	1704.83	308.48	0.00	0.00	0.00
1460062905.0 120107.00	1000.57	29.11	-24.68	1001.23	201.55	-0.00	1679.39	308.65	0.00	0.00	0.00
1460062906.0 120107.00	1000.57	29.11	-24.68	992.53	199.16	-0.00	1628.50	308.48	0.00	0.00	0.00
1460062907.0 120107.00	1000.18	28.93	-24.68	999.49	201.55	-0.00	1603.05	308.59	0.00	0.00	0.00
1460062908.0 120107.00	1000.18	28.93	-24.68	989.04	201.55	-2.33	1577.61	308.48	0.00	0.00	0.00
1460062909.0 120107.00	1000.57	29.11	-24.68	996.01	202.74	-0.00	1552.16	308.42	0.00	0.00	0.00
1460062910.0 120107.00	1000.57	29.11	-24.68	983.82	200.35	-0.00	1526.72	308.42	0.00	0.00	0.00
1460062911.0 120107.00	1000.18	28.93	-24.68	978.59	199.16	-0.00	1475.83	308.48	0.00	0.00	0.00
1460062912.0 120107.00	1000.18	28.93	-24.68	989.04	203.95	-0.00	1450.38	308.59	0.00	0.00	0.00
1460062913.0 120107.00	1000.18	28.93	-24.68	976.85	199.16	-0.00	1424.94	308.42	0.00	0.00	0.00
1460062914.0 120107.00	1000.57	29.11	-24.68	985.56	203.95	-0.00	1399.49	308.59	0.00	0.00	0.00
1460062915.0 120107.00	999.78	28.74	-24.68	978.59	199.16	-0.00	1374.05	308.48	0.00	0.00	0.00
1460062916.0 120107.00	1000.18	28.93	-24.68	978.59	200.35	-2.33	1348.60	308.42	0.00	0.00	0.00
1460062917.0 120107.00	999.38	28.55	-24.68	980.33	199.16	-0.00	1323.16	308.48	0.00	0.00	0.00
1460062918.0 120107.00	999.78	28.74	-24.84	990.79	202.74	-0.00	1297.71	308.65	0.00	0.00	0.00
1460062919.0 120107.00	999.38	28.55	-24.68	990.79	202.74	-0.00	1272.26	308.54	0.00	0.00	0.00
1460062920.0 120107.00	999.78	28.74	-24.68	992.53	201.55	-0.00	1246.82	308.59	0.00	0.00	0.00
1460062921.0 120107.00	999.38	28.55	-24.84	996.01	203.95	-0.00	1221.37	308.70	0.00	0.00	0.00
1460062922.0 120107.00	999.78	28.74	-24.68	992.53	203.95	-0.00	1195.93	308.65	0.00	0.00	0.00
1460062923.0 120107.00	1001.04	28.74	-24.68	982.08	200.35	-0.00	1170.48	308.48	0.00	0.00	0.00
1460062924.0 120107.00	1000.65	28.55	-24.68	980.33	200.35	-0.00	1145.04	308.48	0.00	0.00	0.00
1460062925.0 120107.00	999.78	28.74	-24.68	989.04	202.74	-0.00	1119.59	308.59	0.00	0.00	0.00
1460062926.0 120107.00	999.38	28.55	-24.68	982.08	199.16	-0.00	1094.15	308.42	0.00	0.00	0.00
1460062927.0 120107.00	999.78	28.74	-24.84	990.79	202.74	2.44	1094.15	308.65	0.00	0.00	0.00
1460062928.0 120107.00	999.38	28.55	-24.68	989.04	201.55	-0.00	1068.70	308.48	0.00	0.00	0.00
1460062929.0 120107.00	1000.25	28.36	-24.68	985.56	199.16	-0.00	1043.26	308.42	0.00	0.00	0.00
1460062930.0 120107.00	1000.65	28.55	-24.68	996.01	201.55	-2.33	1017.81	308.59	0.00	0.00	0.00
1460062931.0 120107.00	1000.25	28.36	-24.84	1002.98	202.74	-0.00	992.37	308.59	0.00	0.00	0.00
1460062932.0 120107.00	999.38	28.55	-24.68	1004.72	201.55	-0.00	992.37	308.59	0.00	0.00	0.00
1460062933.0 120107.00	1000.25	28.36	-24.68	1002.98	199.16	-0.00	966.92	308.48	0.00	0.00	0.00
1460062934.0 120107.00	999.38	28.55	-24.68	1004.72	199.16	-2.33	941.48	308.48	0.00	0.00	0.00
1460062935.0 120107.00	999.78	28.74	-24.68	1006.46	200.35	-0.00	916.03	308.42	0.00	0.00	0.00
1460062936.0 120107.00	999.38	28.55	-24.68	1016.91	203.95	0.68	916.03	308.59	0.00	0.00	0.00
1460062937.0 120107.00	999.78	28.74	-24.68	1018.65	201.55	-0.00	890.59	308.59	0.00	0.00	0.00
1460062938.0 120107.00	999.78	28.74	-24.84	1022.13	202.74	-0.00	865.14	308.59	0.00	0.00	0.00
1460062939.0 120107.00	999.78	28.74	-24.68	1013.42	199.16	-0.00	865.14	308.48	0.00	0.00	0.00
1460062940.0 120107.00	999.78	28.74	-24.84	1023.87	201.55	-0.00	839.69	308.59	0.00	0.00	0.00
1460062941.0 120107.00	1000.18	28.93	-24.68	1016.91	200.35	-0.00	814.25	308.48	0.00	0.00	0.00
1460062942.0 120107.00	999.78	28.74	-24.68	1025.61	202.74	-0.00	814.25	308.59	0.00	0.00	0.00
1460062943.0 120107.00	999.78	28.74	-24.68	1016.91	200.35	-0.00	788.80	308.48	0.00	0.00	0.00
1460062944.0 120107.00	1000.18	28.93	-24.84	1025.61	202.74	-0.00	763.36	308.59	0.00	0.00	0.00
1460062945.0 120107.00	1000.18	28.93	-24.68	1029.09	202.74	-0.00	763.36	308.59	0.00	0.00	0.00
1460062946.0 120107.00	1000.18	28.93	-24.68	1016.91	199.16	-0.00	737.91	308.42	0.00	0.00	0.00
1460062947.0 120107.00	1000.18	28.93	-24.68	1023.87	203.95	-0.00	737.91	308.54	0.00	0.00	0.00
1460062948.0 120107.00	1000.57	29.11	-24.68	1025.61	202.74	-0.00	712.47	308.59	0.00	0.00	0.00
1460062949.0 120107.00	1000.18	28.93	-24.68	1015.16	199.16	-0.00	712.47	308.42	0.00	0.00	0.00
1460062949.0 120107.00	1001.44	28.93	-24.68	1020.39	201.55	0.68	687.02	308.59	0.00	0.00	0.00
1460062950.0 120107.00	1000.57	29.11	-24.68	1022.13	203.95	-0.00	687.02	308.59	0.00	0.00	0.00
1460062951.0 120107.00	1000.97	29.30	-24.68	1022.13	202.74	-0.00	661.58	308.59	0.00	0.00	0.00
1460062952.0 120107.00	1001.36	29.49	-24.68	1011.68	200.35	-0.00	661.58	308.48	0.00	0.00	0.00
1460062953.0 120107.00	1000.97	29.30	-24.68	1011.68	200.35	-0.00	636.13	308.48	0.00	0.00	0.00
1460062954.0 120107.00	1000.97	29.30	-24.84	1016.91	201.55	-0.00	610.69	308.54	0.00	0.00	0.00
1460062955.0 120107.00	1001.84	29.11	-24.68	1008.20	199.16	-0.00	610.69	308.42	0.00	0.00	0.00
1460062956.0 120107.00	1000.97	29.30	-24.68	1015.16	202.74	-0.00	610.69	308.59	0.00	0.00	0.00
1460062957.0 120107.00	1000.10	29.49	-24.68	1011.68	201.55	-0.00	585.24	308.59	0.00	0.00	0.00
1460062958.0 120107.00	1001.36	29.49	-24.68	1008.20	201.55	-0.00	585.24	308.65	0.00	0.00	0.00
1460062959.0 120107.00	1000.97	29.30	-24.68	996.01	199.16	-0.00	559.80	308.42	0.00	0.00	0.00
1460062960.0 120107.00	1000.97	29.30	-24.84	999.49	201.55	-0.00	559.80	308.59	0.00	0.00	0.00
1460062961.0 120107.00	1000.10	29.49	-24.68	997.75	201.55	-0.00	534.35	308.59	0.00	0.00	0.00
1460062962.0 120107.00	1000.10	29.49	-24.68	994.27	202.74	-0.00	534.35	308.59	0.00	0.00	0.00
1460062963.0 120107.00	1001.36	29.49	-24.68	982.08	199.16	-0.00	508.91	308.42	0.00	0.00	0.00
1460062964.0 120107.00	1001.36	29.49	-24.84	989.04	202.74	-0.00	508.91	308.59	0.00	0.00	0.00
1460062965.0 120107.00	1001.36	29.49	-24.68	982.08	202.74	-0.00	508.91	308.59	0.00	0.00	0.00
1460062966.0 120107.00	1000.50	29.67	-24.84	980.33	208.80	-0.00	483.46	308.59	0.00	0.00	0.00
1460062967.0 120107.00	1001.36	29.49	-24.68	982.08	203.95	-2.33	483.46	308.65	0.00	0.00	0.00
1460062968.0 120107.00	1000.10	29.49	-24.84	980.33	202.74	-0.00	483.46	308.59	0.00	0.00	0.00
1460062969.0 120107.00	1000.50	29.67	-24.84	980.33	202.74	-0.00	458.02	308.59	0.00	0.00	0.00
1460062970.0 120107.00	1001.76	29.67	-24.68	980.33	201.55	-0.00	458.02	308.54	0.00	0.00	0.00
1460062971.0 120107.00	998.84	29.49	-24.68	980.33	202.74	-0.00	432.57	308.59	0.00	0.00	0.00
1460062972.0 120107.00	1001.36	29.49	-24.68	978.59	202.74	-0.00	432.57	308.59	0.00	0.00	0.00
1460062973.0 120107.00	1001.76	29.67	-24.68	980.33	202.74	-0.00	432.57	308.59	0.00	0.00	0.00
1460062974.0 120107.00	1001.76	29.67	-24.68	976.85	202.74	-0.00	407.12	308.59	0.00	0.00	0.00
1460062975.0 120107.00	1002.16	29.86	-24.84	976.85	201.55	-0.00	407.12	308.59	0.00	0.00	0.00
1460062976.0 120107.00	1000.10	29.49	-24.68	975.11	201.55	-0.00	407.12	308.59	0.00	0.00	0.00
1460062977.0 120107.00	1000.50	29.67	-24.68	976.85	203.95	-2.33	381.68	308.59	0.00	0.00	0.00
1460062978.0 120107.00	1001.36	29.49	-24.68	973.37	201.55	-0.00	381.68	308.59	0.00	0.00	0.00
1460062979.0 120107.00	1001.36	29.49	-24.68	975.11	202.74	-0.00	381.68	308.59	0.00	0.00	0.00
1460062980.0 120107.00	1000.50	29.67	-24.84	975.11	202.74	-0.00	381.68	308.65	0.00	0.00	0.00
1460062981.0 120107.00	1000.10	29.49	-24.84	973.37	201.55	-0.00	356.23	308.59	0.00	0.00	0.00
1460062982.0 120107.00	1000.50	29.67	-24.68	976.85	202.74	-0.00	356.23	308.59	0.00	0.00	0.00
1460062983.0 120107.00	998.84	29.49	-24.84	980.33	202.74	-0.00	356.23	308.59	0.00	0.00	0.00
1460062984.0 120107.00	1001.36	29.49	-24.68	983.82	202.74	-0.00	330.79	308.59	0.00	0.00	0.00
1460062985.0 120107.00	1000.10	29.49	-24.68	982.08	201.55	-0.00	330.79	308.59	0.00	0.00	0.00
1460062986.0 120107.00	1001.76	29.67	-24.84	983.82	201.55	-0.00	330.79	308.59	0.00	0.00	0.00
1460062987.0 120107.00	1001.76	29.67	-24.68	982.08	201.55	-0.00	330.79	308.59	0.00	0.00	0.00
1460062988.0 120107.00	1000.50	29.67	-24.68	982.08	202.74	-0.00	305.34	308.54	0.00	0.00	0.00
1460062989.0 120107.00	1001.76	29.67	-24.68	982.08	202.74	-0.00	305.34	308.59	0.00	0.00	0.00
1460062990.0 120107.00	1000.50	29.67	-24.68	976.85	202.74	-0.00	305.34	308.59	473.68	0.00	0.00
1460062991.0 120107.00	1000.50	29.67	-24.68	978.59	203.95	-0.00	305.34	308.65	0.00	0.00	0.00
1460062992.0 120107.00	1000.89	29.86	-24.84	975.11	202.74	-0.00	279.90	308.59	0.00	0.00	0.00
1460062993.0 120107.00	1000.50	29.67	-24.84	973.37	202.74	-2.33	279.90	308.59	0.00	0.00	0.00
1460062994.0 120107.00	1000.50	29.67	-24.84	973.37	202.74	-0.00	279.90	308.59	0.00	0.00	0.00
1460062995.0 120107.00	1000.50	29.67	-24.68	971.62	202.74	-0.00	279.90	308.54	0.00	0.00	0.00
1460062996.0 120107.00	1000.50	29.67	-24.68	969.88	202.74	-0.00	254.45	308.54	0.00	0.00	0.00
1460062997.0 120107.00	1000.10	29.49	-24.68	966.40	202.74	-0.00	254.45	308.59	0.00	0.00	0.00
1460062998.0 120107.00	1000.50	29.67	-24.68	968.14	202.74	-0.00	254.45	308.59	0.00	0.00	0.00
1460062999.0 120107.00	1001.36	29.49	-24.68	954.20	200.35	-0.00	254.45	308.42	0.00	0.00	0.00
1460063000.0 120107.00	1000.89	29.86	-24.68	955.94	200.35	-0.00	254.45	308.42	0.00	0.00	0.00
1460063000.0 120107.00	1000.10	29.49	-24.68	952.46	199.16	4.66	229.01	308.42	0.00	0.00	0.00
1460063001.0 120107.00	1000.10	29.49	-24.68	952.46	199.16	0.68	229.01	308.48	0.00	0.00	0.00
1460063002.0 120107.00	1000.50	29.67	-24.68	959.43	202.74	-0.00	229.01	308.59	0.00	0.00	0.00
1460130941.0 120107.00	1000.50	29.67	-24.68	950.71	200.35	-0.00	229.01	308.48	0.00	0.00	0.00
