# Name = UIS1
# Version = 1.0
# Location = Universidad Industrial de Santander
# Sensors = Presion, Temperatura, Humedad, Irradiancia, Iluminancia, Ruido, LLuvia, CO2, NO2, Latitud, Longitud, Nubosidad
# Power = Red
# GPS = si
# Time Zone = UTC-5
# Data = UTCtime GPStime Presion Temperatura Humedad Irradiancia Iluminancia  Ruido Lluvia CO2 NO2 Latitud Longitud Nubosidad 
1469941200.0 100 205632.07	999.30	20.33	-24.84	0.00	223.76	-2.33	-666.00	309.55	0.00	708.37	7307.28
1469941201.0 100 205632.07	998.06	20.33	-24.84	0.00	223.76	3.69	-666.00	309.55	0.00	708.37	7307.28
1469941202.0 100 205632.07	999.30	20.33	-25.00	0.00	227.60	10.45	-666.00	309.60	0.00	708.37	7307.28
1469941202.0 100 205632.07	999.30	20.33	-25.00	0.00	228.89	-2.33	-666.00	309.83	0.00	708.37	7307.28
1469941203.0 100 205632.07	1000.54	20.33	-24.84	0.00	223.76	-2.33	-666.00	309.66	0.00	708.37	7307.28
1469941204.0 100 205632.07	999.70	20.51	-24.84	0.00	225.04	0.68	-666.00	309.60	0.00	708.37	7307.28
1469941205.0 100 205632.07	998.06	20.33	-24.84	0.00	225.04	-2.33	-666.00	309.60	0.00	708.37	7307.28
1469941205.0 100 205632.07	999.70	20.51	-24.84	0.00	227.60	2.44	-666.00	309.55	0.00	708.37	7307.28
1469941206.0 100 205632.07	999.30	20.33	-24.84	0.00	226.32	0.68	-666.00	309.83	0.00	708.37	7307.28
1469941207.0 100 205632.07	1000.54	20.33	-24.84	0.00	231.48	3.69	-666.00	309.77	0.00	708.37	7307.28
