# Name = UIS1
# Version = 1.0
# Location = Universidad Industrial de Santander
# Sensors = Presion, Temperatura, Humedad, Irradiancia, Iluminancia, Ruido, LLuvia, CO2, NO2, Latitud, Longitud, Nubosidad
# Power = Red
# GPS = si
# Time Zone = UTC-5
# Data = UTCtime GPStime Presion Temperatura Humedad Irradiancia Iluminancia  Ruido Lluvia CO2 NO2 Latitud Longitud Nubosidad 
1469077200.0 100 145452.64	998.09	19.77	90.66	0.00	226.32	-0.00	-666.00	309.60	0.00	708.31	7307.28
1469077201.0 100 145452.64	1000.57	19.77	90.66	0.00	227.60	-2.33	-666.00	309.60	0.00	708.31	7307.28
1469077202.0 100 145452.64	1000.57	19.77	87.18	0.00	235.40	-0.00	-666.00	309.83	0.00	708.31	7307.28
1469077202.0 100 145452.64	998.09	19.77	85.92	0.00	234.09	-0.00	-666.00	309.94	0.00	708.31	7307.28
1469077203.0 100 145452.64	999.73	19.95	82.91	0.00	228.89	-2.33	-666.00	310.05	0.00	708.31	7307.28
1469077204.0 100 145452.64	998.09	19.77	90.82	0.00	225.04	-0.00	-666.00	309.60	0.00	708.31	7307.28
1469077205.0 100 145452.64	998.92	19.58	89.24	0.00	232.78	-0.00	-666.00	309.83	0.00	708.31	7307.28
1469077205.0 100 145452.64	996.85	19.77	90.66	0.00	226.32	0.68	-666.00	309.60	0.00	708.31	7307.28
1469077206.0 100 145452.64	998.92	19.58	90.66	0.00	225.04	-0.00	-666.00	309.66	0.00	708.31	7307.28
1469077207.0 100 145452.64	999.73	19.95	89.56	0.00	228.89	-0.00	-666.00	309.83	0.00	708.31	7307.28
1469077208.0 100 145452.64	997.69	19.58	90.82	0.00	223.76	-0.00	-666.00	309.55	0.00	708.31	7307.28
1469077208.0 100 145452.64	998.92	19.58	90.51	0.00	231.48	-2.33	-666.00	309.55	0.00	708.31	7307.28
