# Name = UIS1
# Version = 1.0
# Location = Universidad Industrial de Santander
# Sensors = Presion, Temperatura, Humedad, Irradiancia, Iluminancia, Ruido, LLuvia, CO2, NO2, Latitud, Longitud, Nubosidad
# Power = Red
# GPS = si
# Time Zone = UTC-5
# Data = UTCtime GPStime Presion Temperatura Humedad Irradiancia Iluminancia  Ruido Lluvia CO2 NO2 Latitud Longitud Nubosidad 
1465225201.0 78 0.00	1005.39	22.57	-24.84	753.51	216.20	-0.00	0.00	309.21	0.00	0.00	0.00
1465225202.0 78 0.00	1004.14	22.57	-25.00	758.75	217.45	-0.00	0.00	309.32	0.00	0.00	0.00
1465225203.0 78 0.00	1004.14	22.57	-24.84	774.47	217.45	-2.33	0.00	309.27	0.00	0.00	0.00
1465225204.0 78 0.00	1003.74	22.38	-24.84	783.21	219.96	-0.00	0.00	309.43	0.00	0.00	0.00
1465225205.0 78 0.00	1004.55	22.76	-24.84	797.18	218.70	-0.00	0.00	309.21	0.00	0.00	0.00
1465225206.0 78 0.00	1003.74	22.38	-24.84	793.69	214.96	-0.00	0.00	309.27	0.00	0.00	0.00
1465225207.0 78 0.00	1004.14	22.57	-24.68	833.85	227.60	-2.33	0.00	309.60	0.00	0.00	0.00
1465225208.0 78 0.00	1003.74	22.38	-24.84	828.61	219.96	-0.00	0.00	309.32	0.00	0.00	0.00
1465225209.0 78 0.00	1005.39	22.57	-24.84	818.13	213.72	-0.00	0.00	309.21	0.00	0.00	0.00
1465225210.0 78 0.00	1004.14	22.57	-24.84	844.32	222.49	-0.00	0.00	309.43	473.68	0.00	0.00
1465225211.0 78 0.00	1005.39	22.57	-24.84	835.59	216.20	-0.00	0.00	309.15	0.00	0.00	0.00
1465225212.0 78 0.00	1003.74	22.38	-24.84	844.32	219.96	-0.00	0.00	309.49	0.00	0.00	0.00
1465225213.0 78 0.00	1004.14	22.57	-24.84	842.57	217.45	-0.00	0.00	309.21	0.00	0.00	0.00
1465225214.0 78 0.00	1004.14	22.57	-24.84	846.06	219.96	-0.00	0.00	309.38	0.00	0.00	0.00
1465225215.0 78 0.00	1005.39	22.57	-24.84	856.54	218.70	-0.00	0.00	309.27	0.00	0.00	0.00
1465225216.0 78 0.00	1004.14	22.57	-24.84	854.79	214.96	-0.00	0.00	309.21	0.00	0.00	0.00
1465225217.0 78 0.00	1004.14	22.57	-25.00	882.71	223.76	-0.00	0.00	309.60	0.00	0.00	0.00
1465225218.0 78 0.00	1004.14	22.57	-24.68	886.20	219.96	-0.00	0.00	309.21	0.00	0.00	0.00
1465225219.0 78 0.00	1004.14	22.57	-24.84	879.22	216.20	-0.00	0.00	309.27	0.00	0.00	0.00
1465225220.0 78 0.00	1004.14	22.57	-24.84	896.66	222.49	-0.00	0.00	309.38	344.01	0.00	0.00
1465225221.0 76 0.00	1004.14	22.57	-24.68	893.17	219.96	-0.00	0.00	309.27	0.00	0.00	0.00
1465225222.0 76 0.00	1004.14	22.57	-24.84	886.20	216.20	-2.33	0.00	309.21	0.00	0.00	0.00
1465225223.0 76 0.00	1004.55	22.76	-24.84	884.45	214.96	-0.00	0.00	309.27	0.00	0.00	0.00
1465225224.0 76 0.00	1006.23	22.38	-25.00	901.90	219.96	-0.00	0.00	309.38	0.00	0.00	0.00
1465225225.0 76 0.00	1004.55	22.76	-25.00	891.43	217.45	-0.00	0.00	309.49	0.00	0.00	0.00
1465225226.0 76 0.00	1004.14	22.57	-24.84	898.41	217.45	-0.00	0.00	309.21	0.00	0.00	0.00
1465225227.0 76 0.00	1004.14	22.57	-24.84	893.17	216.20	-0.00	0.00	309.55	0.00	0.00	0.00
1465225228.0 76 0.00	1005.79	22.76	-24.84	901.90	218.70	-0.00	0.00	309.21	0.00	0.00	0.00
1465225229.0 76 0.00	1004.55	22.76	-24.68	900.15	217.45	-0.00	0.00	309.27	0.00	0.00	0.00
1465225230.0 76 0.00	1004.55	22.76	-24.84	887.94	214.96	-0.00	0.00	309.38	0.00	0.00	0.00
1465225231.0 76 0.00	1005.79	22.76	-24.84	900.15	219.96	0.68	0.00	309.27	0.00	0.00	0.00
1465225233.0 76 0.00	1004.14	22.57	-24.84	889.69	214.96	-0.00	0.00	309.10	0.00	0.00	0.00
1465225234.0 74 0.00	1004.55	22.76	-24.84	891.43	217.45	-0.00	0.00	309.15	0.00	0.00	0.00
1465225235.0 74 0.00	1004.55	22.76	-24.84	889.69	214.96	-0.00	0.00	309.27	0.00	0.00	0.00
1465225236.0 74 0.00	1004.14	22.57	-25.00	893.17	214.96	-0.00	0.00	309.55	0.00	0.00	0.00
1465225237.0 74 0.00	1004.55	22.76	-24.84	894.92	217.45	-0.00	0.00	309.27	0.00	0.00	0.00
1465225238.0 74 0.00	1004.55	22.76	-24.68	910.62	222.49	-0.00	0.00	309.55	0.00	0.00	0.00
1465225239.0 74 0.00	1006.64	22.57	-24.84	898.41	216.20	-0.00	0.00	309.27	0.00	0.00	0.00
1465225240.0 74 0.00	1004.55	22.76	-25.00	915.85	223.76	-2.33	0.00	309.60	0.00	0.00	0.00
1465225241.0 74 0.00	1004.55	22.76	-24.84	898.41	216.20	-0.00	0.00	309.21	0.00	0.00	0.00
1465225242.0 74 0.00	1003.74	22.38	-24.84	896.66	217.45	3.69	0.00	309.21	0.00	0.00	0.00
1465225243.0 74 0.00	1004.14	22.57	-24.84	919.33	223.76	-0.00	0.00	309.49	0.00	0.00	0.00
1465225244.0 74 0.00	1004.55	22.76	-24.84	908.87	219.96	-0.00	0.00	309.43	0.00	0.00	0.00
1465225245.0 74 0.00	1004.55	22.76	-25.16	894.92	214.96	-0.00	0.00	309.32	0.00	0.00	0.00
1465225246.0 74 0.00	1004.55	22.76	-24.84	898.41	216.20	-0.00	0.00	309.49	0.00	0.00	0.00
1465225247.0 74 0.00	1004.55	22.76	-24.68	912.36	222.49	-2.33	0.00	309.21	0.00	0.00	0.00
1465225248.0 74 0.00	1004.14	22.57	-25.00	908.87	218.70	-0.00	0.00	309.49	0.00	0.00	0.00
1465225249.0 74 0.00	1004.55	22.76	-25.00	903.64	216.20	-0.00	0.00	309.55	0.00	0.00	0.00
1465225250.0 74 0.00	1004.95	22.94	-24.84	919.33	218.70	-0.00	0.00	309.15	0.00	0.00	0.00
1465225251.0 74 0.00	1004.55	22.76	-24.84	905.38	216.20	-0.00	0.00	309.27	0.00	0.00	0.00
1465225252.0 74 0.00	1004.55	22.76	-24.84	915.85	223.76	-2.33	0.00	309.55	0.00	0.00	0.00
1465225253.0 74 0.00	1004.14	22.57	-24.84	908.87	216.20	-0.00	0.00	309.32	0.00	0.00	0.00
1465225254.0 74 0.00	1005.79	22.76	-24.84	907.13	217.45	-0.00	0.00	309.21	0.00	0.00	0.00
1465225255.0 74 0.00	1004.55	22.76	-24.84	910.62	216.20	-2.33	0.00	309.43	0.00	0.00	0.00
1465225256.0 74 0.00	1004.55	22.76	-24.84	910.62	214.96	-0.00	0.00	309.21	0.00	0.00	0.00
1465225258.0 74 0.00	1004.95	22.94	-24.84	912.36	217.45	-2.33	0.00	309.21	0.00	0.00	0.00
1465225259.0 73 0.00	1004.55	22.76	-25.00	907.13	214.96	-0.00	0.00	309.43	0.00	0.00	0.00
1465225260.0 73 0.00	1004.95	22.94	-25.00	901.90	216.20	-2.33	0.00	309.49	0.00	0.00	0.00
1465225261.0 73 0.00	1004.55	22.76	-25.00	905.38	222.49	-0.00	0.00	309.55	0.00	0.00	0.00
1465225262.0 73 0.00	1004.95	22.94	-24.84	865.26	216.20	-0.00	0.00	309.38	0.00	0.00	0.00
1465225263.0 73 0.00	1004.55	22.76	-24.84	875.73	223.76	-0.00	0.00	309.43	0.00	0.00	0.00
1465225264.0 73 0.00	1004.95	22.94	-24.68	863.52	217.45	-2.33	0.00	309.27	0.00	0.00	0.00
1465225265.0 73 0.00	1004.55	22.76	-25.00	870.50	216.20	-2.33	0.00	309.27	0.00	0.00	0.00
1465225266.0 73 0.00	1006.20	22.94	-24.84	893.17	214.96	-0.00	0.00	309.21	0.00	0.00	0.00
1465225267.0 73 0.00	1005.35	23.13	-24.68	901.90	222.49	0.68	0.00	309.27	0.00	0.00	0.00
1465225268.0 73 0.00	1004.95	22.94	-24.84	863.52	214.96	-2.33	0.00	309.21	0.00	0.00	0.00
1465225269.0 73 0.00	1004.95	22.94	-25.00	870.50	216.20	-0.00	0.00	309.66	0.00	0.00	0.00
1465225270.0 73 0.00	1004.55	22.76	-24.84	896.66	223.76	-0.00	0.00	309.21	0.00	0.00	0.00
1465225271.0 73 0.00	1004.95	22.94	-24.84	875.73	217.45	-0.00	0.00	309.15	0.00	0.00	0.00
1465225272.0 73 0.00	1004.95	22.94	-24.84	867.01	216.20	-0.00	0.00	309.43	0.00	0.00	0.00
1465225273.0 73 0.00	1003.70	22.94	-25.00	882.71	225.04	-0.00	0.00	309.55	0.00	0.00	0.00
1465225274.0 73 0.00	1005.35	23.13	-24.84	877.47	217.45	-0.00	0.00	309.21	0.00	0.00	0.00
1465225276.0 73 0.00	1004.55	22.76	-24.84	886.20	216.20	-0.00	0.00	309.21	0.00	0.00	0.00
1465225277.0 73 0.00	1005.76	23.32	-24.84	879.22	213.72	-0.00	0.00	309.27	0.00	0.00	0.00
1465225278.0 73 0.00	1004.55	22.76	-24.84	898.41	225.04	-0.00	0.00	309.32	0.00	0.00	0.00
1465225279.0 73 0.00	1005.76	23.32	-24.84	860.03	214.96	-2.33	0.00	309.38	0.00	0.00	0.00
1465225280.0 73 0.00	1004.55	22.76	-25.00	867.01	225.04	0.68	0.00	309.43	0.00	0.00	0.00
1465225281.0 73 0.00	1004.95	22.94	-24.84	823.37	214.96	-0.00	0.00	309.15	0.00	0.00	0.00
1465225282.0 73 0.00	1004.95	22.94	-24.68	858.28	228.89	-0.00	0.00	309.60	0.00	0.00	0.00
1465225283.0 73 0.00	1005.35	23.13	-24.84	846.06	223.76	-2.33	0.00	309.32	0.00	0.00	0.00
1465225284.0 72 0.00	1005.35	23.13	-24.68	798.93	213.72	-0.00	0.00	309.21	0.00	0.00	0.00
1465225285.0 72 0.00	1006.20	22.94	-24.68	819.88	219.96	-0.00	0.00	309.15	0.00	0.00	0.00
1465225286.0 72 0.00	1004.95	22.94	-25.32	811.15	217.45	-0.00	0.00	309.49	0.00	0.00	0.00
1465225287.0 72 0.00	1006.60	23.13	-24.84	812.90	217.45	-0.00	0.00	309.27	0.00	0.00	0.00
1465225288.0 72 0.00	1004.95	22.94	-24.84	823.37	216.20	-0.00	0.00	309.15	0.00	0.00	0.00
1465225289.0 72 0.00	1004.55	22.76	-24.84	832.10	213.72	-0.00	0.00	309.21	0.00	0.00	0.00
1465225290.0 72 0.00	1003.70	22.94	-24.68	867.01	219.96	-2.33	0.00	309.27	0.00	0.00	0.00
1465225291.0 72 0.00	1004.11	23.13	-24.84	854.79	213.72	-0.00	0.00	309.15	0.00	0.00	0.00
1465225292.0 72 0.00	1005.35	23.13	-24.84	882.71	226.32	-0.00	0.00	309.38	0.00	0.00	0.00
1465225293.0 72 0.00	1003.70	22.94	-24.84	872.24	219.96	-2.33	0.00	309.21	0.00	0.00	0.00
1465225294.0 72 0.00	1004.95	22.94	-24.84	873.98	223.76	-0.00	0.00	309.38	0.00	0.00	0.00
1465225295.0 72 0.00	1005.35	23.13	-25.00	847.81	222.49	0.68	0.00	309.38	0.00	0.00	0.00
1465225296.0 72 0.00	1004.95	22.94	-24.84	826.86	216.20	-0.00	0.00	309.21	0.00	0.00	0.00
1465225297.0 72 0.00	1004.95	22.94	-25.00	826.86	216.20	-0.00	0.00	309.49	0.00	0.00	0.00
1465225298.0 72 0.00	1005.35	23.13	-24.84	849.55	211.25	-0.00	0.00	308.93	0.00	0.00	0.00
1465225299.0 72 0.00	1005.35	23.13	-25.00	884.45	217.45	-2.33	0.00	309.27	0.00	0.00	0.00
1465225300.0 72 0.00	1005.76	23.32	-24.68	889.69	219.96	-0.00	0.00	309.60	0.00	0.00	0.00
1465225302.0 72 0.00	1005.35	23.13	-24.84	882.71	216.20	-0.00	0.00	309.38	0.00	0.00	0.00
1465225303.0 72 0.00	1005.35	23.13	-24.68	889.69	217.45	-0.00	0.00	309.27	0.00	0.00	0.00
1465225304.0 72 0.00	1004.51	23.32	-24.84	894.92	214.96	-0.00	0.00	309.21	0.00	0.00	0.00
1465225305.0 72 0.00	1004.51	23.32	-24.84	926.31	225.04	-2.33	0.00	309.43	0.00	0.00	0.00
1465225306.0 72 0.00	1005.76	23.32	-24.84	894.92	214.96	-0.00	0.00	309.15	0.00	0.00	0.00
1465225307.0 72 0.00	1004.51	23.32	-24.84	891.43	222.49	-0.00	0.00	309.60	0.00	0.00	0.00
1465225308.0 72 0.00	1004.11	23.13	-24.84	887.94	221.22	-2.33	0.00	309.38	0.00	0.00	0.00
1465225309.0 72 0.00	1006.16	23.50	-24.84	870.50	214.96	-0.00	0.00	309.27	0.00	0.00	0.00
1465225310.0 72 0.00	1006.16	23.50	-24.68	875.73	214.96	-0.00	0.00	309.21	0.00	0.00	0.00
1465225311.0 72 0.00	1003.66	23.50	-24.84	867.01	210.02	-0.00	0.00	308.93	0.00	0.00	0.00
1465225312.0 72 0.00	1004.51	23.32	-24.84	891.43	219.96	-2.33	0.00	309.43	0.00	0.00	0.00
1465225313.0 72 0.00	1006.16	23.50	-24.84	886.20	217.45	-2.33	0.00	309.21	0.00	0.00	0.00
1465225314.0 72 0.00	1005.76	23.32	-24.84	854.79	214.96	-0.00	0.00	309.15	0.00	0.00	0.00
1465225315.0 72 0.00	1004.51	23.32	-24.84	835.59	225.04	-2.33	0.00	309.32	0.00	0.00	0.00
1465225316.0 72 0.00	1004.91	23.50	-24.84	800.67	216.20	-0.00	0.00	309.15	0.00	0.00	0.00
1465225317.0 72 0.00	1004.91	23.50	-25.00	814.64	219.96	-0.00	0.00	309.77	0.00	0.00	0.00
1465225318.0 72 0.00	1004.51	23.32	-24.84	821.63	221.22	-2.33	0.00	309.38	0.00	0.00	0.00
1465225319.0 72 0.00	1004.91	23.50	-24.84	816.39	216.20	-0.00	0.00	309.21	0.00	0.00	0.00
1465225320.0 72 0.00	1004.11	23.13	-24.84	835.59	222.49	-2.33	0.00	309.32	0.00	0.00	0.00
1465225321.0 70 0.00	1004.91	23.50	-24.68	844.32	217.45	-0.00	0.00	309.21	0.00	0.00	0.00
1465225322.0 70 0.00	1006.16	23.50	-24.84	856.54	216.20	-0.00	0.00	309.32	0.00	0.00	0.00
1465225323.0 70 0.00	1003.66	23.50	-24.84	842.57	210.02	-0.00	0.00	308.98	0.00	0.00	0.00
1465225325.0 70 0.00	1004.51	23.32	-25.00	844.32	218.70	-0.00	0.00	309.38	0.00	0.00	0.00
1465225326.0 70 0.00	1005.76	23.32	-24.84	849.55	217.45	-0.00	0.00	309.27	0.00	0.00	0.00
1465225327.0 70 0.00	1004.91	23.50	-25.00	858.28	217.45	-0.00	0.00	309.32	0.00	0.00	0.00
1465225328.0 70 0.00	1004.91	23.50	-25.00	879.22	223.76	-0.00	0.00	309.55	0.00	0.00	0.00
1465225329.0 70 0.00	1004.51	23.32	-24.84	880.96	217.45	-0.00	0.00	309.15	0.00	0.00	0.00
1465225330.0 70 0.00	1004.51	23.32	-24.84	898.41	216.20	-0.00	0.00	309.21	0.00	0.00	0.00
1465225331.0 70 0.00	1005.35	23.13	-25.00	929.80	222.49	-0.00	0.00	309.55	0.00	0.00	0.00
1465225332.0 70 0.00	1005.76	23.32	-24.84	912.36	216.20	-0.00	0.00	309.38	0.00	0.00	0.00
1465225333.0 70 0.00	1004.51	23.32	-24.84	898.41	216.20	-0.00	0.00	309.21	0.00	0.00	0.00
1465225334.0 69 0.00	1006.16	23.50	-24.84	886.20	212.48	-0.00	0.00	309.10	0.00	0.00	0.00
1465225335.0 69 0.00	1005.35	23.13	-24.84	873.98	214.96	-0.00	0.00	309.27	0.00	0.00	0.00
1465225336.0 69 0.00	1004.51	23.32	-24.84	856.54	219.96	0.68	0.00	309.43	473.68	0.00	0.00
1465225337.0 69 0.00	1004.11	23.13	-24.84	860.03	219.96	-2.33	0.00	309.15	0.00	0.00	0.00
1465225338.0 69 0.00	1004.11	23.13	-24.84	828.61	217.45	-2.33	0.00	309.55	0.00	0.00	0.00
1465225339.0 69 0.00	1005.76	23.32	-24.68	830.35	222.49	-0.00	0.00	309.27	0.00	0.00	0.00
1465225340.0 69 0.00	1004.95	22.94	-24.84	804.16	216.20	-0.00	0.00	309.21	0.00	0.00	0.00
1465225341.0 69 0.00	1004.95	22.94	-24.84	795.43	218.70	-0.00	0.00	309.66	0.00	0.00	0.00
1465225343.0 69 0.00	1003.30	22.76	-24.84	783.21	216.20	-0.00	0.00	309.32	0.00	0.00	0.00
1465225344.0 69 0.00	1003.30	22.76	-24.68	800.67	221.22	-0.00	0.00	309.38	0.00	0.00	0.00
1465225345.0 69 0.00	1005.35	23.13	-25.00	781.46	214.96	-0.00	0.00	309.21	0.00	0.00	0.00
1465225346.0 69 0.00	1004.95	22.94	-24.84	795.43	219.96	-0.00	0.00	309.21	0.00	0.00	0.00
1465225347.0 69 0.00	1004.95	22.94	-24.84	772.73	208.80	-0.00	0.00	308.93	0.00	0.00	0.00
1465225348.0 69 0.00	1004.95	22.94	-24.84	797.18	216.20	-2.33	0.00	309.15	0.00	0.00	0.00
1465225349.0 69 0.00	1005.35	23.13	-25.00	819.88	226.32	-0.00	0.00	309.55	0.00	0.00	0.00
1465225350.0 69 0.00	1005.35	23.13	-24.84	832.10	222.49	-0.00	0.00	309.32	0.00	0.00	0.00
1465225351.0 69 0.00	1004.95	22.94	-25.00	840.83	218.70	-0.00	0.00	309.72	0.00	0.00	0.00
1465225352.0 69 0.00	1004.95	22.94	-24.84	860.03	219.96	-0.00	0.00	309.15	0.00	0.00	0.00
1465225353.0 69 0.00	1004.95	22.94	-25.00	865.26	216.20	-0.00	0.00	309.55	0.00	0.00	0.00
1465225354.0 69 0.00	1004.95	22.94	-24.84	887.94	222.49	-0.00	0.00	309.32	0.00	0.00	0.00
1465225355.0 69 0.00	1005.79	22.76	-24.84	877.47	217.45	-0.00	0.00	309.21	0.00	0.00	0.00
1465225356.0 69 0.00	1004.55	22.76	-24.84	889.69	214.96	-0.00	0.00	309.55	0.00	0.00	0.00
1465225357.0 69 0.00	1004.55	22.76	-24.84	912.36	218.70	-2.33	0.00	309.21	0.00	0.00	0.00
1465225358.0 69 0.00	1004.55	22.76	-24.68	935.03	217.45	-2.33	0.00	309.27	0.00	0.00	0.00
1465225359.0 69 0.00	1004.55	22.76	-25.00	945.48	218.70	0.68	0.00	309.43	0.00	0.00	0.00
1465225360.0 69 0.00	1004.55	22.76	-24.84	928.05	214.96	-0.00	0.00	309.21	0.00	0.00	0.00
1465225361.0 69 0.00	1004.95	22.94	-24.84	912.36	214.96	-0.00	0.00	309.15	0.00	0.00	0.00
1465225362.0 69 0.00	1004.95	22.94	-24.84	914.10	222.49	-0.00	0.00	309.55	0.00	0.00	0.00
1465225363.0 69 0.00	1004.55	22.76	-25.00	880.96	217.45	-0.00	0.00	309.27	0.00	0.00	0.00
1465225364.0 69 0.00	1004.95	22.94	-24.84	877.47	217.45	-0.00	0.00	309.21	0.00	0.00	0.00
1465225366.0 69 0.00	1004.55	22.76	-24.84	877.47	217.45	-0.00	0.00	309.43	0.00	0.00	0.00
1465225367.0 69 0.00	1004.55	22.76	-24.68	880.96	219.96	-2.33	0.00	309.21	0.00	0.00	0.00
1465225368.0 69 0.00	1004.55	22.76	-25.00	860.03	214.96	-0.00	0.00	309.21	0.00	0.00	0.00
1465225369.0 69 0.00	1004.55	22.76	-24.84	875.73	225.04	-0.00	0.00	309.32	0.00	0.00	0.00
1465225370.0 69 0.00	1004.55	22.76	-24.68	877.47	221.22	-2.33	0.00	309.15	0.00	0.00	0.00
1465225371.0 69 0.00	1004.55	22.76	-25.00	854.79	216.20	-0.00	0.00	309.55	0.00	0.00	0.00
1465225372.0 69 0.00	1004.55	22.76	-24.84	867.01	219.96	-2.33	0.00	309.38	0.00	0.00	0.00
1465225373.0 65 0.00	1004.55	22.76	-24.84	870.50	223.76	-2.33	0.00	309.27	0.00	0.00	0.00
1465225374.0 65 0.00	1004.55	22.76	-24.68	868.75	219.96	-2.33	0.00	309.21	0.00	0.00	0.00
1465225375.0 65 0.00	1004.55	22.76	-25.16	865.26	217.45	-0.00	0.00	309.55	0.00	0.00	0.00
1465225376.0 65 0.00	1004.55	22.76	-24.84	865.26	218.70	-0.00	0.00	309.27	0.00	0.00	0.00
1465225377.0 65 0.00	1004.55	22.76	-24.68	865.26	217.45	-0.00	0.00	309.21	0.00	0.00	0.00
1465225378.0 65 0.00	1004.55	22.76	-24.84	868.75	216.20	-0.00	0.00	309.32	0.00	0.00	0.00
1465225379.0 65 0.00	1004.55	22.76	-24.84	875.73	216.20	-0.00	0.00	309.21	0.00	0.00	0.00
1465225380.0 65 0.00	1004.55	22.76	-25.00	901.90	218.70	-0.00	0.00	309.43	0.00	0.00	0.00
1465225381.0 65 0.00	1004.95	22.94	-24.84	907.13	216.20	-0.00	0.00	309.21	0.00	0.00	0.00
1465225382.0 65 0.00	1004.55	22.76	-24.84	900.15	216.20	-0.00	0.00	309.21	0.00	0.00	0.00
1465225383.0 65 0.00	1005.35	23.13	-24.84	905.38	218.70	-0.00	0.00	309.21	0.00	0.00	0.00
1465225384.0 65 0.00	1004.95	22.94	-24.84	884.45	213.72	-0.00	0.00	309.27	0.00	0.00	0.00
1465225385.0 65 0.00	1004.55	22.76	-24.84	901.90	221.22	-0.00	0.00	309.21	0.00	0.00	0.00
1465225386.0 65 0.00	1004.95	22.94	-24.84	889.69	222.49	-0.00	0.00	309.49	0.00	0.00	0.00
1465225387.0 65 0.00	1004.95	22.94	-24.68	868.75	214.96	-0.00	0.00	309.21	0.00	0.00	0.00
1465225388.0 65 0.00	1005.35	23.13	-25.16	887.94	225.04	-2.33	0.00	309.72	0.00	0.00	0.00
1465225389.0 65 0.00	1006.20	22.94	-24.84	893.17	219.96	-2.33	0.00	309.15	0.00	0.00	0.00
1465225390.0 65 0.00	1004.95	22.94	-24.84	901.90	218.70	-0.00	0.00	309.55	0.00	0.00	0.00
1465225391.0 65 0.00	1004.55	22.76	-24.84	931.54	226.32	-0.00	0.00	309.43	0.00	0.00	0.00
1465225392.0 65 0.00	1004.95	22.94	-25.16	907.13	216.20	-0.00	0.00	309.49	0.00	0.00	0.00
1465225393.0 65 0.00	1004.55	22.76	-24.84	915.85	216.20	-0.00	0.00	309.49	0.00	0.00	0.00
1465225394.0 65 0.00	1004.95	22.94	-24.84	929.80	216.20	-0.00	0.00	309.21	0.00	0.00	0.00
1465225395.0 65 0.00	1004.55	22.76	-24.84	933.28	214.96	-0.00	0.00	309.49	0.00	0.00	0.00
1465225396.0 65 0.00	1004.55	22.76	-24.84	936.77	214.96	-2.33	0.00	309.21	0.00	0.00	0.00
1465225397.0 65 0.00	1004.14	22.57	-24.84	962.91	222.49	-0.00	0.00	309.32	0.00	0.00	0.00
1465225398.0 63 0.00	1004.55	22.76	-24.68	952.46	222.49	-0.00	0.00	309.15	0.00	0.00	0.00
1465225399.0 63 0.00	1004.55	22.76	-25.16	922.82	216.20	-0.00	0.00	309.49	0.00	0.00	0.00
1465225400.0 63 0.00	1004.55	22.76	-24.84	914.10	221.22	-2.33	0.00	309.38	0.00	0.00	0.00
1465225401.0 63 0.00	1004.55	22.76	-24.84	875.73	213.72	-0.00	0.00	309.15	0.00	0.00	0.00
1465225402.0 63 0.00	1005.79	22.76	-24.84	887.94	223.76	-2.33	0.00	309.27	0.00	0.00	0.00
1465225403.0 63 0.00	1004.55	22.76	-24.84	842.57	213.72	-0.00	0.00	309.10	0.00	0.00	0.00
1465225404.0 63 0.00	1005.79	22.76	-25.00	844.32	223.76	-0.00	0.00	309.49	0.00	0.00	0.00
1465225405.0 63 0.00	1007.04	22.76	-25.00	830.35	221.22	2.44	0.00	309.43	0.00	0.00	0.00
1465225406.0 63 0.00	1004.55	22.76	-24.84	809.40	216.20	-0.00	0.00	309.27	0.00	0.00	0.00
1465225407.0 63 0.00	1004.14	22.57	-25.00	816.39	221.22	-0.00	0.00	309.55	0.00	0.00	0.00
1465225408.0 63 0.00	1005.39	22.57	-24.68	790.19	214.96	-0.00	0.00	309.21	0.00	0.00	0.00
1465225409.0 63 0.00	1004.55	22.76	-24.84	795.43	225.04	-0.00	0.00	309.43	0.00	0.00	0.00
1465225410.0 63 0.00	1004.55	22.76	-24.84	776.22	216.20	-0.00	0.00	309.21	0.00	0.00	0.00
1465225411.0 62 0.00	1005.39	22.57	-24.84	781.46	217.45	-0.00	0.00	309.21	0.00	0.00	0.00
1465225412.0 62 0.00	1004.55	22.76	-25.00	779.71	216.20	-0.00	0.00	309.32	0.00	0.00	0.00
1465225413.0 62 0.00	1005.79	22.76	-24.84	776.22	213.72	-0.00	0.00	309.21	0.00	0.00	0.00
1465225414.0 62 0.00	1005.39	22.57	-24.84	784.95	218.70	-0.00	0.00	309.32	0.00	0.00	0.00
1465225415.0 62 0.00	1004.14	22.57	-24.68	777.97	216.20	-0.00	0.00	309.21	0.00	0.00	0.00
1465225416.0 62 0.00	1005.79	22.76	-24.84	774.47	214.96	-0.00	0.00	309.21	0.00	0.00	0.00
1465225417.0 62 0.00	1004.55	22.76	-24.84	774.47	216.20	-0.00	0.00	309.32	0.00	0.00	0.00
1465225418.0 62 0.00	1004.55	22.76	-24.84	779.71	217.45	-0.00	0.00	309.21	0.00	0.00	0.00
1465225419.0 62 0.00	1004.55	22.76	-25.00	784.95	217.45	-0.00	0.00	309.49	0.00	0.00	0.00
1465225420.0 62 0.00	1004.55	22.76	-24.84	798.93	217.45	-2.33	0.00	309.21	0.00	0.00	0.00
1465225421.0 62 0.00	1004.55	22.76	-24.84	798.93	214.96	-0.00	0.00	309.15	0.00	0.00	0.00
1465225422.0 62 0.00	1004.14	22.57	-24.84	818.13	222.49	-0.00	0.00	309.60	0.00	0.00	0.00
1465225423.0 62 0.00	1004.55	22.76	-24.84	832.10	221.22	-0.00	0.00	309.27	0.00	0.00	0.00
1465225424.0 66 0.00	1004.55	22.76	-24.84	828.61	219.96	-0.00	0.00	309.38	0.00	0.00	0.00
1465225425.0 66 0.00	1003.30	22.76	-25.00	832.10	218.70	-0.00	0.00	309.60	0.00	0.00	0.00
1465225426.0 66 0.00	1004.14	22.57	-24.84	811.15	212.48	-0.00	0.00	309.04	0.00	0.00	0.00
1465225427.0 66 0.00	1004.14	22.57	-25.00	809.40	216.20	-0.00	0.00	309.55	0.00	0.00	0.00
1465225428.0 66 0.00	1005.79	22.76	-24.84	819.88	223.76	-2.33	0.00	309.32	0.00	0.00	0.00
1465225429.0 66 0.00	1004.55	22.76	-24.84	809.40	216.20	-0.00	0.00	309.27	0.00	0.00	0.00
1465225430.0 66 0.00	1004.55	22.76	-24.68	825.12	221.22	-0.00	0.00	309.43	0.00	0.00	0.00
1465225431.0 66 0.00	1004.55	22.76	-24.68	816.39	214.96	-0.00	0.00	309.38	0.00	0.00	0.00
1465225432.0 66 0.00	1004.55	22.76	-24.84	839.08	223.76	-2.33	0.00	309.49	0.00	0.00	0.00
1465225433.0 66 0.00	1004.55	22.76	-24.84	826.86	216.20	-0.00	0.00	309.21	0.00	0.00	0.00
1465225434.0 66 0.00	1004.55	22.76	-25.00	823.37	214.96	-0.00	0.00	309.49	0.00	0.00	0.00
1465225435.0 66 0.00	1004.55	22.76	-24.84	818.13	216.20	-0.00	0.00	309.21	0.00	0.00	0.00
1465225436.0 66 0.00	1004.55	22.76	-25.00	802.42	216.20	-2.33	0.00	309.55	0.00	0.00	0.00
1465225437.0 65 0.00	1004.55	22.76	-24.84	791.94	214.96	-0.00	0.00	309.04	0.00	0.00	0.00
1465225438.0 65 0.00	1004.55	22.76	-24.68	821.63	223.76	-0.00	0.00	309.38	0.00	0.00	0.00
1465225439.0 65 0.00	1004.95	22.94	-25.00	825.12	226.32	-0.00	0.00	309.32	0.00	0.00	0.00
1465225440.0 65 0.00	1005.39	22.57	-24.84	795.43	213.72	-0.00	0.00	309.10	0.00	0.00	0.00
1465225441.0 65 0.00	1004.55	22.76	-24.84	821.63	223.76	-0.00	0.00	309.38	0.00	0.00	0.00
1465225442.0 65 0.00	1004.55	22.76	-24.68	804.16	214.96	-0.00	0.00	309.10	0.00	0.00	0.00
1465225443.0 65 0.00	1004.14	22.57	-24.84	811.15	216.20	-2.33	0.00	309.32	0.00	0.00	0.00
1465225444.0 65 0.00	1004.55	22.76	-24.84	825.12	219.96	-2.33	0.00	309.38	0.00	0.00	0.00
1465225445.0 65 0.00	1005.79	22.76	-24.84	835.59	219.96	-0.00	0.00	309.27	0.00	0.00	0.00
1465225446.0 65 0.00	1004.55	22.76	-25.16	840.83	214.96	-0.00	0.00	309.49	0.00	0.00	0.00
1465225447.0 65 0.00	1004.55	22.76	-24.84	846.06	219.96	-0.00	0.00	309.32	0.00	0.00	0.00
1465225448.0 65 0.00	1004.55	22.76	-24.84	856.54	217.45	-0.00	0.00	309.21	0.00	0.00	0.00
1465225449.0 65 0.00	1004.55	22.76	-24.84	858.28	212.48	-0.00	0.00	309.04	0.00	0.00	0.00
1465225450.0 65 0.00	1004.55	22.76	-24.84	886.20	222.49	-0.00	0.00	309.49	0.00	0.00	0.00
1465225451.0 65 0.00	1004.95	22.94	-24.84	875.73	217.45	-0.00	0.00	309.15	0.00	0.00	0.00
1465225452.0 65 0.00	1004.95	22.94	-24.84	880.96	217.45	-0.00	0.00	309.27	0.00	0.00	0.00
1465225453.0 65 0.00	1004.55	22.76	-24.84	912.36	222.49	-2.33	0.00	309.38	0.00	0.00	0.00
1465225454.0 65 0.00	1004.55	22.76	-24.84	907.13	214.96	-0.00	0.00	309.10	0.00	0.00	0.00
1465225455.0 65 0.00	1004.55	22.76	-24.84	924.57	216.20	-0.00	0.00	309.21	0.00	0.00	0.00
1465225456.0 65 0.00	1004.95	22.94	-24.84	948.97	222.49	-0.00	0.00	309.32	473.68	0.00	0.00
1465225457.0 65 0.00	1004.14	22.57	-24.84	943.74	217.45	-0.00	0.00	309.21	0.00	0.00	0.00
1465225458.0 65 0.00	1004.55	22.76	-25.00	980.33	227.60	-0.00	0.00	309.66	0.00	0.00	0.00
1465225459.0 65 0.00	1004.95	22.94	-24.84	959.43	216.20	-0.00	0.00	309.21	0.00	0.00	0.00
1465236779.0 67 0.00	1001.98	27.99	-25.00	349.18	210.02	-0.00	0.00	309.32	0.00	0.00	0.00
