# Name = UIS1
# Version = 1.0
# Location = Universidad Industrial de Santander
# Sensors = Presion, Temperatura, Humedad, Irradiancia, Iluminancia, Ruido, LLuvia, CO2, NO2, Latitud, Longitud, Nubosidad
# Power = Red
# GPS = si
# Time Zone = UTC-5
# Data = UTCtime GPStime Presion Temperatura Humedad Irradiancia Iluminancia  Ruido Lluvia CO2 NO2 Latitud Longitud Nubosidad 
1469682000.0 100 205632.07	996.12	17.71	-24.84	0.00	226.32	16.80	-666.00	309.55	285.25	708.37	7307.28
1469682001.0 100 205632.07	996.12	17.71	-24.68	0.00	231.48	15.59	-666.00	309.66	285.25	708.37	7307.28
1469682002.0 100 205632.07	996.12	17.71	-24.84	0.00	236.72	16.24	-666.00	309.60	344.01	708.37	7307.28
1469682003.0 100 205632.07	996.12	17.71	-24.84	0.00	230.18	16.24	-666.00	309.60	285.25	708.37	7307.28
1469682003.0 100 205632.07	995.71	17.52	-25.00	0.00	228.89	14.99	-666.00	309.66	344.01	708.37	7307.28
1469682004.0 100 205632.07	995.71	17.52	-25.00	0.00	223.76	14.29	-666.00	309.55	344.01	708.37	7307.28
1469682005.0 100 205632.07	996.12	17.71	-24.84	0.00	226.32	14.74	-666.00	309.77	285.25	708.37	7307.28
1469682005.0 100 205632.07	996.12	17.71	-25.00	0.00	227.60	14.83	-666.00	309.77	344.01	708.37	7307.28
1469682006.0 100 205632.07	996.12	17.71	-24.68	0.00	228.89	13.58	-666.00	309.89	344.01	708.37	7307.28
1469682007.0 100 205632.07	996.12	17.71	-25.00	0.00	232.78	14.29	-666.00	310.05	344.01	708.37	7307.28
1469682008.0 100 205632.07	996.52	17.90	-24.68	0.00	231.48	14.83	-666.00	309.77	344.01	708.37	7307.28
