# Name = UIS1
# Version = 1.0
# Location = Universidad Industrial de Santander
# Sensors = Presion, Temperatura, Humedad, Irradiancia, Iluminancia, Ruido, LLuvia, CO2, NO2, Latitud, Longitud, Nubosidad
# Power = Red
# GPS = si
# Time Zone = UTC-5
# Data = UTCtime GPStime Presion Temperatura Humedad Irradiancia Iluminancia  Ruido Lluvia CO2 NO2 Latitud Longitud Nubosidad 
1463252401.0 76 -0.00	998.66	27.62	-24.84	319.37	216.20	-2.33	0.00	309.15	0.00	0.00	0.00
1463252402.0 76 -0.00	998.66	27.62	-25.00	314.11	211.25	-0.00	0.00	309.15	0.00	0.00	0.00
1463252403.0 76 -0.00	998.66	27.62	-24.84	317.62	214.96	-0.00	0.00	309.27	0.00	0.00	0.00
1463252404.0 76 -0.00	999.06	27.80	-24.84	312.36	211.25	-0.00	0.00	309.15	0.00	0.00	0.00
1463252405.0 76 -0.00	999.06	27.80	-24.84	314.11	212.48	4.66	0.00	309.27	0.00	0.00	0.00
1463252406.0 76 -0.00	998.66	27.62	-24.84	314.11	212.48	-0.00	0.00	309.04	0.00	0.00	0.00
1463252407.0 76 -0.00	998.66	27.62	-25.00	314.11	212.48	-2.33	0.00	309.10	0.00	0.00	0.00
1463252408.0 76 -0.00	999.06	27.80	-24.84	317.62	216.20	-0.00	0.00	308.98	0.00	0.00	0.00
1463252409.0 76 -0.00	1000.32	27.80	-24.84	312.36	210.02	-0.00	0.00	308.98	0.00	0.00	0.00
1463252410.0 76 -0.00	999.45	27.99	-24.84	321.13	221.22	-0.00	0.00	309.10	0.00	0.00	0.00
1463252411.0 76 -0.00	998.66	27.62	-24.84	312.36	210.02	-0.00	0.00	308.93	0.00	0.00	0.00
1463252412.0 76 -0.00	999.92	27.62	-24.84	321.13	221.22	3.69	0.00	309.21	0.00	0.00	0.00
1463252413.0 75 -0.00	999.92	27.62	-24.84	317.62	214.96	-2.33	0.00	309.15	0.00	0.00	0.00
1463252414.0 75 -0.00	999.06	27.80	-24.84	312.36	210.02	-0.00	0.00	308.98	0.00	0.00	0.00
1463252415.0 75 -0.00	999.45	27.99	-25.00	315.87	217.45	-2.33	0.00	309.32	0.00	0.00	0.00
1463252416.0 75 -0.00	998.66	27.62	-24.84	315.87	214.96	-2.33	0.00	308.93	0.00	0.00	0.00
1463252417.0 75 -0.00	998.66	27.62	-24.84	317.62	214.96	-0.00	0.00	309.38	0.00	0.00	0.00
1463252418.0 75 -0.00	999.06	27.80	-24.84	319.37	219.96	-2.33	0.00	309.10	0.00	0.00	0.00
1463252419.0 75 -0.00	999.06	27.80	-24.84	314.11	212.48	-0.00	0.00	309.04	0.00	0.00	0.00
1463252420.0 75 -0.00	1000.32	27.80	-25.00	319.37	217.45	-0.00	0.00	309.38	0.00	0.00	0.00
1463252421.0 75 -0.00	1000.32	27.80	-24.84	314.11	212.48	-0.00	0.00	308.98	0.00	0.00	0.00
1463252422.0 75 -0.00	1000.32	27.80	-25.00	314.11	212.48	-0.00	0.00	309.49	0.00	0.00	0.00
1463252423.0 75 -0.00	1000.32	27.80	-24.84	315.87	214.96	-2.33	0.00	309.27	0.00	0.00	0.00
1463252424.0 75 -0.00	998.66	27.62	-25.16	314.11	211.25	-0.00	0.00	309.27	0.00	0.00	0.00
1463252425.0 75 -0.00	999.06	27.80	-24.84	307.10	205.15	-0.00	0.00	308.70	0.00	0.00	0.00
1463252426.0 75 -0.00	998.66	27.62	-24.84	319.37	218.70	8.46	0.00	309.15	0.00	0.00	0.00
1463252427.0 75 -0.00	1000.32	27.80	-25.00	315.87	212.48	-0.00	0.00	309.04	0.00	0.00	0.00
1463252428.0 75 -0.00	1000.32	27.80	-24.84	314.11	213.72	-0.00	0.00	309.21	0.00	0.00	0.00
1463252429.0 75 -0.00	999.92	27.62	-24.84	317.62	212.48	-0.00	0.00	308.98	0.00	0.00	0.00
1463252430.0 75 -0.00	998.66	27.62	-24.84	312.36	210.02	-0.00	0.00	309.04	0.00	0.00	0.00
1463252431.0 75 -0.00	998.66	27.62	-24.84	319.37	216.20	-2.33	0.00	309.04	0.00	0.00	0.00
1463252431.0 75 -0.00	998.66	27.62	-24.84	310.61	210.02	-0.00	0.00	308.93	0.00	0.00	0.00
1463252432.0 75 -0.00	998.66	27.62	-24.84	321.13	219.96	0.68	0.00	309.27	0.00	0.00	0.00
1463252433.0 75 -0.00	998.26	27.43	-24.84	315.87	212.48	-0.00	0.00	309.04	0.00	0.00	0.00
1463252434.0 75 -0.00	999.06	27.80	-25.00	312.36	218.70	-0.00	0.00	309.38	0.00	0.00	0.00
1463252435.0 75 -0.00	999.06	27.80	-24.68	317.62	214.96	-2.33	0.00	308.87	0.00	0.00	0.00
1463252436.0 75 -0.00	998.66	27.62	-24.84	314.11	211.25	-2.33	0.00	309.38	0.00	0.00	0.00
1463252437.0 75 -0.00	998.66	27.62	-24.68	312.36	211.25	-0.00	0.00	309.27	0.00	0.00	0.00
1463252438.0 75 -0.00	999.52	27.43	-24.84	314.11	213.72	-2.33	0.00	309.10	0.00	0.00	0.00
1463252439.0 75 -0.00	999.52	27.43	-24.84	312.36	211.25	-0.00	0.00	308.98	0.00	0.00	0.00
1463252440.0 75 -0.00	1000.32	27.80	-24.84	319.37	217.45	-2.33	0.00	309.15	0.00	0.00	0.00
1463252441.0 75 -0.00	999.92	27.62	-24.84	312.36	212.48	-0.00	0.00	309.04	0.00	0.00	0.00
1463252442.0 75 -0.00	998.66	27.62	-24.84	319.37	219.96	-0.00	0.00	309.27	0.00	0.00	0.00
1463252443.0 75 -0.00	998.66	27.62	-24.84	312.36	212.48	-2.33	0.00	308.98	0.00	0.00	0.00
1463252444.0 75 -0.00	998.66	27.62	-24.84	314.11	211.25	-0.00	0.00	309.32	473.68	0.00	0.00
1463252445.0 75 -0.00	999.06	27.80	-24.84	314.11	212.48	-0.00	0.00	309.04	0.00	0.00	0.00
1463252446.0 75 -0.00	999.06	27.80	-24.84	314.11	211.25	-0.00	0.00	308.98	0.00	0.00	0.00
1463252447.0 75 -0.00	1000.32	27.80	-24.84	314.11	212.48	-0.00	0.00	309.10	0.00	0.00	0.00
1463252448.0 75 -0.00	999.52	27.43	-24.84	314.11	211.25	-0.00	0.00	309.04	0.00	0.00	0.00
1463252449.0 75 -0.00	999.92	27.62	-24.84	312.36	210.02	-0.00	0.00	308.93	0.00	0.00	0.00
1463252450.0 75 -0.00	999.52	27.43	-24.84	310.61	217.45	-0.00	0.00	309.27	0.00	0.00	0.00
1463252451.0 75 -0.00	999.52	27.43	-24.84	312.36	211.25	-2.33	0.00	308.98	0.00	0.00	0.00
1463252452.0 75 -0.00	1001.18	27.62	-24.84	310.61	211.25	-2.33	0.00	309.04	0.00	0.00	0.00
1463252453.0 75 -0.00	999.52	27.43	-24.84	321.13	216.20	2.44	0.00	309.04	0.00	0.00	0.00
1463252454.0 75 -0.00	1000.78	27.43	-24.84	312.36	211.25	-0.00	0.00	309.10	0.00	0.00	0.00
1463252455.0 75 -0.00	998.26	27.43	-24.84	324.63	225.04	0.68	0.00	309.38	0.00	0.00	0.00
1463252456.0 75 -0.00	999.52	27.43	-24.84	315.87	211.25	-0.00	0.00	308.98	0.00	0.00	0.00
1463252457.0 75 -0.00	999.52	27.43	-24.84	312.36	212.48	-0.00	0.00	309.38	0.00	0.00	0.00
1463252458.0 75 -0.00	1000.78	27.43	-24.84	324.63	216.20	-0.00	0.00	308.93	0.00	0.00	0.00
1463252459.0 75 -0.00	999.13	27.24	-25.16	312.36	211.25	-0.00	0.00	309.32	0.00	0.00	0.00
1463252460.0 75 -0.00	1000.38	27.24	-24.84	317.62	217.45	0.68	0.00	309.15	0.00	0.00	0.00
1463252461.0 75 -0.00	998.73	27.06	-24.84	310.61	210.02	-2.33	0.00	308.98	0.00	0.00	0.00
1463252462.0 75 -0.00	999.13	27.24	-24.84	312.36	211.25	-0.00	0.00	309.04	0.00	0.00	0.00
1463252463.0 75 -0.00	1000.38	27.24	-24.84	310.61	210.02	-2.33	0.00	308.98	0.00	0.00	0.00
1463252464.0 75 -0.00	1000.38	27.24	-24.84	317.62	214.96	2.44	0.00	309.04	0.00	0.00	0.00
1463252465.0 75 -0.00	1000.38	27.24	-24.84	312.36	211.25	-0.00	0.00	309.38	0.00	0.00	0.00
1463252466.0 75 -0.00	1000.38	27.24	-25.00	314.11	213.72	-0.00	0.00	309.04	0.00	0.00	0.00
1463252467.0 75 -0.00	999.52	27.43	-24.84	312.36	211.25	-0.00	0.00	308.98	0.00	0.00	0.00
1463252468.0 75 -0.00	1000.38	27.24	-24.68	312.36	212.48	-0.00	0.00	309.10	0.00	0.00	0.00
1463252469.0 75 -0.00	998.73	27.06	-24.84	314.11	212.48	3.69	0.00	309.04	0.00	0.00	0.00
1463252470.0 75 -0.00	999.99	27.06	-24.84	310.61	210.02	-0.00	0.00	309.04	0.00	0.00	0.00
1463252471.0 75 -0.00	999.99	27.06	-24.84	315.87	216.20	-2.33	0.00	309.04	0.00	0.00	0.00
1463252472.0 75 -0.00	998.73	27.06	-25.00	315.87	214.96	-0.00	0.00	309.15	0.00	0.00	0.00
1463252473.0 75 -0.00	1000.38	27.24	-25.00	321.13	219.96	-0.00	0.00	309.21	0.00	0.00	0.00
1463252474.0 75 -0.00	999.99	27.06	-24.84	317.62	216.20	3.69	0.00	309.15	0.00	0.00	0.00
1463252475.0 75 -0.00	999.99	27.06	-24.84	312.36	211.25	-2.33	0.00	308.98	0.00	0.00	0.00
1463252476.0 75 -0.00	1000.78	27.43	-25.00	322.88	222.49	-2.33	0.00	309.27	0.00	0.00	0.00
1463252477.0 75 -0.00	999.99	27.06	-24.84	314.11	211.25	-0.00	0.00	308.93	0.00	0.00	0.00
1463252478.0 75 -0.00	999.99	27.06	-24.84	312.36	217.45	-2.33	0.00	309.43	0.00	0.00	0.00
1463252479.0 75 -0.00	999.99	27.06	-24.84	315.87	214.96	-0.00	0.00	308.93	0.00	0.00	0.00
1463252480.0 75 -0.00	1000.38	27.24	-24.84	312.36	211.25	-0.00	0.00	309.38	0.00	0.00	0.00
1463252481.0 75 -0.00	1000.38	27.24	-24.84	317.62	218.70	3.69	0.00	309.15	0.00	0.00	0.00
1463252482.0 75 -0.00	1000.38	27.24	-24.84	312.36	212.48	-2.33	0.00	309.04	0.00	0.00	0.00
1463252483.0 75 -0.00	1000.78	27.43	-25.00	319.37	219.96	-0.00	0.00	309.32	0.00	0.00	0.00
1463252484.0 75 -0.00	999.99	27.06	-24.84	312.36	213.72	-0.00	0.00	309.04	0.00	0.00	0.00
1463252485.0 75 -0.00	1000.38	27.24	-25.00	312.36	212.48	-0.00	0.00	309.32	0.00	0.00	0.00
1463252486.0 75 -0.00	1000.38	27.24	-24.84	308.85	210.02	-0.00	0.00	308.98	0.00	0.00	0.00
1463252486.0 75 -0.00	1000.38	27.24	-25.00	314.11	214.96	-0.00	0.00	308.98	0.00	0.00	0.00
1463252487.0 75 -0.00	999.52	27.43	-25.00	308.85	210.02	-2.33	0.00	308.93	0.00	0.00	0.00
1463252488.0 75 -0.00	998.73	27.06	-25.00	315.87	216.20	-2.33	0.00	309.32	0.00	0.00	0.00
1463252489.0 75 -0.00	999.52	27.43	-24.84	312.36	212.48	0.68	0.00	309.04	0.00	0.00	0.00
1463252490.0 75 -0.00	999.52	27.43	-25.00	312.36	211.25	-0.00	0.00	309.10	0.00	0.00	0.00
1463252491.0 75 -0.00	999.99	27.06	-24.84	312.36	211.25	-0.00	0.00	309.04	0.00	0.00	0.00
1463252492.0 75 -0.00	999.52	27.43	-24.84	308.85	211.25	-2.33	0.00	309.04	0.00	0.00	0.00
1463252493.0 75 -0.00	1000.78	27.43	-24.84	315.87	216.20	-2.33	0.00	308.98	0.00	0.00	0.00
1463252494.0 75 -0.00	999.13	27.24	-25.00	312.36	213.72	-0.00	0.00	309.10	0.00	0.00	0.00
1463252495.0 75 -0.00	1000.78	27.43	-24.84	319.37	219.96	3.69	0.00	309.15	0.00	0.00	0.00
1463252496.0 75 -0.00	999.13	27.24	-24.84	312.36	210.02	-0.00	0.00	308.93	0.00	0.00	0.00
1463252497.0 75 -0.00	1000.78	27.43	-24.84	307.10	207.58	-0.00	0.00	308.87	0.00	0.00	0.00
1463252498.0 75 -0.00	998.26	27.43	-25.00	315.87	218.70	-2.33	0.00	309.21	0.00	0.00	0.00
1463252499.0 75 -0.00	1000.78	27.43	-24.84	312.36	210.02	-0.00	0.00	308.98	0.00	0.00	0.00
1463252500.0 75 -0.00	997.87	27.24	-25.00	315.87	216.20	-0.00	0.00	309.55	0.00	0.00	0.00
1463252501.0 75 -0.00	1000.38	27.24	-24.84	317.62	216.20	-0.00	0.00	308.98	0.00	0.00	0.00
1463252502.0 75 -0.00	999.52	27.43	-24.84	312.36	212.48	-0.00	0.00	309.10	0.00	0.00	0.00
1463252503.0 75 -0.00	1001.18	27.62	-24.84	319.37	218.70	-2.33	0.00	309.21	0.00	0.00	0.00
1463252504.0 75 -0.00	1000.78	27.43	-25.00	312.36	212.48	-0.00	0.00	309.10	0.00	0.00	0.00
1463252505.0 75 -0.00	1000.38	27.24	-24.68	317.62	223.76	-2.33	0.00	309.38	0.00	0.00	0.00
1463252506.0 75 -0.00	999.52	27.43	-24.84	312.36	212.48	-2.33	0.00	309.10	0.00	0.00	0.00
1463252507.0 75 -0.00	1000.78	27.43	-24.84	310.61	212.48	-2.33	0.00	309.38	0.00	0.00	0.00
1463252508.0 75 -0.00	999.52	27.43	-24.84	314.11	213.72	0.68	0.00	309.04	0.00	0.00	0.00
1463252509.0 75 -0.00	999.52	27.43	-24.84	312.36	212.48	-0.00	0.00	309.04	0.00	0.00	0.00
1463252510.0 76 -0.00	999.52	27.43	-24.84	308.85	208.80	-0.00	0.00	308.98	0.00	0.00	0.00
1463252511.0 76 -0.00	1000.78	27.43	-24.84	319.37	218.70	0.68	0.00	309.15	0.00	0.00	0.00
1463252512.0 76 -0.00	999.52	27.43	-24.84	307.10	206.36	-0.00	0.00	308.76	0.00	0.00	0.00
1463252513.0 76 -0.00	998.66	27.62	-24.84	312.36	212.48	-2.33	0.00	309.10	0.00	0.00	0.00
1463252514.0 76 -0.00	998.26	27.43	-24.84	317.62	214.96	-0.00	0.00	309.04	0.00	0.00	0.00
1463252515.0 76 -0.00	999.52	27.43	-24.84	310.61	211.25	-0.00	0.00	309.04	0.00	0.00	0.00
1463252516.0 76 -0.00	999.52	27.43	-24.84	315.87	216.20	-0.00	0.00	308.98	0.00	0.00	0.00
1463252517.0 76 -0.00	998.26	27.43	-25.00	308.85	210.02	-0.00	0.00	308.98	0.00	0.00	0.00
1463252518.0 76 -0.00	999.52	27.43	-24.84	319.37	221.22	4.66	0.00	309.21	0.00	0.00	0.00
1463252519.0 76 -0.00	1000.32	27.80	-24.84	310.61	210.02	-0.00	0.00	308.93	0.00	0.00	0.00
1463252520.0 76 -0.00	998.26	27.43	-25.00	312.36	219.96	-0.00	0.00	309.43	473.68	0.00	0.00
1463252521.0 76 -0.00	998.66	27.62	-25.00	314.11	213.72	-0.00	0.00	308.98	0.00	0.00	0.00
1463252522.0 75 -0.00	999.52	27.43	-24.84	310.61	211.25	-0.00	0.00	308.82	0.00	0.00	0.00
1463252523.0 75 -0.00	999.92	27.62	-24.84	314.11	212.48	-0.00	0.00	308.98	0.00	0.00	0.00
1463252524.0 75 -0.00	998.26	27.43	-25.00	310.61	211.25	-2.33	0.00	309.38	0.00	0.00	0.00
1463252525.0 75 -0.00	1001.18	27.62	-25.00	319.37	219.96	-2.33	0.00	309.21	0.00	0.00	0.00
1463252526.0 75 -0.00	998.66	27.62	-24.84	310.61	212.48	-2.33	0.00	308.98	0.00	0.00	0.00
1463252527.0 75 -0.00	1001.18	27.62	-24.68	317.62	217.45	-2.33	0.00	309.38	0.00	0.00	0.00
1463252528.0 75 -0.00	999.52	27.43	-24.84	310.61	212.48	-0.00	0.00	309.04	0.00	0.00	0.00
1463252529.0 75 -0.00	998.66	27.62	-25.00	310.61	216.20	-0.00	0.00	309.32	0.00	0.00	0.00
1463252530.0 75 -0.00	999.52	27.43	-24.68	312.36	213.72	-0.00	0.00	309.27	0.00	0.00	0.00
1463252531.0 75 -0.00	998.26	27.43	-25.00	310.61	211.25	-0.00	0.00	309.38	0.00	0.00	0.00
1463252532.0 75 -0.00	999.92	27.62	-24.84	310.61	214.96	-2.33	0.00	309.04	0.00	0.00	0.00
1463252533.0 75 -0.00	999.92	27.62	-24.84	310.61	211.25	-2.33	0.00	308.98	0.00	0.00	0.00
1463252534.0 75 -0.00	999.52	27.43	-25.00	314.11	216.20	0.68	0.00	309.15	0.00	0.00	0.00
1463252535.0 76 -0.00	998.66	27.62	-24.84	315.87	219.96	-2.33	0.00	309.15	0.00	0.00	0.00
1463252536.0 76 -0.00	998.66	27.62	-24.84	312.36	211.25	-0.00	0.00	308.93	0.00	0.00	0.00
1463252537.0 76 -0.00	999.92	27.62	-24.84	314.11	214.96	-0.00	0.00	309.15	0.00	0.00	0.00
1463252538.0 76 -0.00	999.52	27.43	-24.84	314.11	213.72	-2.33	0.00	309.04	0.00	0.00	0.00
1463252539.0 76 -0.00	999.92	27.62	-24.84	312.36	213.72	-2.33	0.00	309.27	0.00	0.00	0.00
1463252540.0 76 -0.00	999.92	27.62	-24.68	317.62	216.20	-2.33	0.00	309.10	0.00	0.00	0.00
1463252540.0 76 -0.00	999.92	27.62	-24.84	310.61	212.48	-0.00	0.00	308.93	0.00	0.00	0.00
1463252541.0 76 -0.00	1000.32	27.80	-25.00	317.62	219.96	-2.33	0.00	309.21	0.00	0.00	0.00
1463252542.0 76 -0.00	999.92	27.62	-24.84	312.36	210.02	-0.00	0.00	308.93	0.00	0.00	0.00
1463252543.0 76 -0.00	999.92	27.62	-25.00	310.61	217.45	-2.33	0.00	309.60	0.00	0.00	0.00
1463252544.0 76 -0.00	999.92	27.62	-24.84	315.87	214.96	-2.33	0.00	308.98	0.00	0.00	0.00
1463252545.0 76 -0.00	998.26	27.43	-25.16	310.61	211.25	-0.00	0.00	309.38	0.00	0.00	0.00
1463252546.0 76 -0.00	998.26	27.43	-24.84	308.85	210.02	-2.33	0.00	309.21	0.00	0.00	0.00
1463252547.0 76 -0.00	999.52	27.43	-24.84	308.85	213.72	-0.00	0.00	309.04	0.00	0.00	0.00
1463252548.0 76 -0.00	1000.32	27.80	-24.84	308.85	211.25	-0.00	0.00	308.98	0.00	0.00	0.00
1463252549.0 76 -0.00	999.92	27.62	-24.68	315.87	221.22	-2.33	0.00	309.27	0.00	0.00	0.00
1463252550.0 76 -0.00	999.92	27.62	-24.84	310.61	212.48	-0.00	0.00	309.04	0.00	0.00	0.00
1463252551.0 76 -0.00	998.26	27.43	-25.00	317.62	219.96	-2.33	0.00	309.43	0.00	0.00	0.00
1463252552.0 76 -0.00	999.92	27.62	-24.84	310.61	212.48	-0.00	0.00	309.04	0.00	0.00	0.00
1463252553.0 76 -0.00	998.26	27.43	-24.84	310.61	212.48	-0.00	0.00	309.32	0.00	0.00	0.00
1463252554.0 76 -0.00	999.92	27.62	-24.84	310.61	214.96	-2.33	0.00	308.98	0.00	0.00	0.00
1463252555.0 76 -0.00	999.92	27.62	-25.00	310.61	212.48	-0.00	0.00	309.27	0.00	0.00	0.00
1463252556.0 76 -0.00	999.92	27.62	-24.84	310.61	212.48	-2.33	0.00	309.10	0.00	0.00	0.00
1463252557.0 76 -0.00	999.52	27.43	-24.84	310.61	212.48	-0.00	0.00	309.04	0.00	0.00	0.00
1463252558.0 76 -0.00	999.92	27.62	-24.68	308.85	212.48	-2.33	0.00	309.15	0.00	0.00	0.00
1463252559.0 75 -0.00	1001.18	27.62	-25.00	307.10	217.45	-2.33	0.00	309.38	0.00	0.00	0.00
1463252560.0 75 -0.00	999.52	27.43	-24.84	315.87	218.70	-0.00	0.00	309.10	0.00	0.00	0.00
1463252561.0 75 -0.00	1000.78	27.43	-24.84	303.59	206.36	-0.00	0.00	308.76	0.00	0.00	0.00
1463252562.0 75 -0.00	999.52	27.43	-24.84	315.87	217.45	-2.33	0.00	309.04	0.00	0.00	0.00
1463252563.0 75 -0.00	999.52	27.43	-24.68	307.10	210.02	-0.00	0.00	308.93	0.00	0.00	0.00
1463252564.0 75 -0.00	998.66	27.62	-25.00	315.87	221.22	0.68	0.00	309.27	0.00	0.00	0.00
1463252565.0 75 -0.00	999.52	27.43	-24.84	308.85	211.25	-0.00	0.00	309.04	0.00	0.00	0.00
1463252566.0 75 -0.00	998.26	27.43	-25.00	308.85	217.45	-0.00	0.00	309.38	0.00	0.00	0.00
1463252567.0 75 -0.00	1000.78	27.43	-24.84	312.36	216.20	0.68	0.00	308.98	0.00	0.00	0.00
1463252568.0 75 -0.00	999.52	27.43	-25.00	310.61	211.25	-0.00	0.00	309.43	0.00	0.00	0.00
1463252569.0 75 -0.00	999.52	27.43	-24.84	314.11	219.96	-2.33	0.00	309.15	0.00	0.00	0.00
1463252570.0 75 -0.00	999.92	27.62	-24.84	308.85	212.48	-2.33	0.00	309.04	0.00	0.00	0.00
1463252571.0 75 -0.00	998.26	27.43	-24.84	308.85	211.25	-0.00	0.00	308.98	0.00	0.00	0.00
1463252572.0 75 -0.00	999.13	27.24	-24.84	305.35	210.02	-0.00	0.00	308.98	0.00	0.00	0.00
1463252573.0 75 -0.00	999.52	27.43	-25.00	319.37	219.96	-0.00	0.00	309.32	0.00	0.00	0.00
1463252574.0 75 -0.00	999.52	27.43	-25.00	308.85	211.25	-0.00	0.00	309.43	0.00	0.00	0.00
1463252575.0 75 -0.00	999.52	27.43	-24.68	308.85	213.72	0.68	0.00	309.04	0.00	0.00	0.00
1463252576.0 75 -0.00	1000.78	27.43	-25.00	308.85	211.25	-0.00	0.00	309.04	0.00	0.00	0.00
1463252577.0 75 -0.00	999.52	27.43	-25.00	310.61	216.20	-0.00	0.00	309.32	0.00	0.00	0.00
1463252578.0 75 -0.00	1000.78	27.43	-25.00	312.36	216.20	-0.00	0.00	309.21	0.00	0.00	0.00
1463252579.0 75 -0.00	1000.78	27.43	-25.00	308.85	214.96	-0.00	0.00	309.15	0.00	0.00	0.00
1463252580.0 75 -0.00	1000.78	27.43	-25.00	310.61	216.20	-0.00	0.00	309.04	0.00	0.00	0.00
1463252581.0 75 -0.00	997.87	27.24	-24.84	308.85	214.96	-0.00	0.00	309.10	0.00	0.00	0.00
1463252582.0 75 -0.00	999.99	27.06	-24.84	315.87	219.96	-0.00	0.00	309.27	0.00	0.00	0.00
1463252583.0 75 -0.00	1000.78	27.43	-24.84	308.85	213.72	-0.00	0.00	309.04	0.00	0.00	0.00
1463252584.0 75 -0.00	1000.38	27.24	-25.16	307.10	212.48	-2.33	0.00	309.21	0.00	0.00	0.00
1463252585.0 75 -0.00	1000.38	27.24	-25.00	312.36	217.45	-2.33	0.00	309.21	0.00	0.00	0.00
1463252586.0 75 -0.00	999.99	27.06	-24.84	308.85	213.72	-0.00	0.00	308.98	0.00	0.00	0.00
1463252587.0 75 -0.00	999.59	26.87	-24.84	315.87	219.96	-2.33	0.00	309.27	0.00	0.00	0.00
1463252588.0 75 -0.00	999.99	27.06	-24.68	310.61	213.72	-0.00	0.00	308.98	0.00	0.00	0.00
1463252589.0 75 -0.00	998.73	27.06	-24.84	308.85	213.72	-0.00	0.00	309.38	0.00	0.00	0.00
1463252590.0 75 -0.00	999.59	26.87	-24.84	314.11	216.20	0.68	0.00	309.04	0.00	0.00	0.00
1463252591.0 75 -0.00	999.59	26.87	-25.16	307.10	212.48	-0.00	0.00	309.27	0.00	0.00	0.00
1463252592.0 75 -0.00	999.59	26.87	-25.00	312.36	217.45	0.68	0.00	309.21	0.00	0.00	0.00
1463252593.0 75 -0.00	999.19	26.68	-24.84	308.85	216.20	-0.00	0.00	309.04	0.00	0.00	0.00
1463252594.0 75 -0.00	999.99	27.06	-24.84	312.36	219.96	-2.33	0.00	309.32	0.00	0.00	0.00
1463252594.0 75 -0.00	999.19	26.68	-24.84	310.61	216.20	-0.00	0.00	309.21	0.00	0.00	0.00
1463252595.0 75 -0.00	999.59	26.87	-24.84	308.85	214.96	-2.33	0.00	308.98	0.00	0.00	0.00
1463252596.0 75 -0.00	999.59	26.87	-24.84	307.10	213.72	-0.00	0.00	309.04	0.00	0.00	0.00
1463252597.0 75 -0.00	999.59	26.87	-24.68	303.59	211.25	-0.00	0.00	308.98	0.00	0.00	0.00
1463252598.0 75 -0.00	999.19	26.68	-24.84	307.10	214.96	-0.00	0.00	309.15	0.00	0.00	0.00
1463252599.0 75 -0.00	999.99	27.06	-24.84	305.35	212.48	-2.33	0.00	309.10	0.00	0.00	0.00
1463252600.0 75 -0.00	999.59	26.87	-24.84	305.35	212.48	-0.00	0.00	309.04	0.00	0.00	0.00
1463252601.0 75 -0.00	999.59	26.87	-24.84	305.35	212.48	-0.00	0.00	309.04	0.00	0.00	0.00
1463252602.0 75 -0.00	999.59	26.87	-24.84	307.10	216.20	-0.00	0.00	309.10	0.00	0.00	0.00
1463252603.0 75 -0.00	999.59	26.87	-24.84	305.35	212.48	-0.00	0.00	309.27	0.00	0.00	0.00
1463252604.0 75 -0.00	997.93	26.68	-24.84	314.11	218.70	-2.33	0.00	309.04	0.00	0.00	0.00
1463252605.0 75 -0.00	999.19	26.68	-24.84	303.59	210.02	-0.00	0.00	308.98	0.00	0.00	0.00
1463252606.0 75 -0.00	997.93	26.68	-25.00	312.36	219.96	0.68	0.00	309.21	0.00	0.00	0.00
1463252607.0 75 -0.00	999.59	26.87	-24.84	303.59	212.48	-0.00	0.00	308.98	0.00	0.00	0.00
1463252608.0 75 -0.00	999.99	27.06	-24.84	305.35	212.48	-0.00	0.00	308.98	0.00	0.00	0.00
1463252609.0 75 -0.00	999.99	27.06	-24.84	303.59	211.25	-0.00	0.00	309.21	0.00	0.00	0.00
1463252610.0 75 -0.00	999.19	26.68	-24.84	312.36	217.45	-2.33	0.00	309.21	0.00	0.00	0.00
1463252611.0 75 -0.00	999.99	27.06	-25.00	305.35	212.48	-0.00	0.00	309.43	0.00	0.00	0.00
1463252612.0 75 -0.00	999.59	26.87	-24.84	310.61	218.70	-2.33	0.00	309.15	0.00	0.00	0.00
1463252613.0 75 -0.00	999.99	27.06	-24.84	307.10	213.72	-0.00	0.00	309.04	0.00	0.00	0.00
1463252614.0 75 -0.00	998.33	26.87	-25.00	312.36	218.70	-0.00	0.00	309.38	0.00	0.00	0.00
1463252615.0 75 -0.00	999.99	27.06	-25.00	308.85	217.45	-0.00	0.00	309.21	0.00	0.00	0.00
1463252616.0 75 -0.00	999.59	26.87	-25.00	303.59	212.48	-0.00	0.00	309.32	0.00	0.00	0.00
1463252617.0 75 -0.00	999.59	26.87	-24.84	303.59	213.72	-0.00	0.00	309.10	0.00	0.00	0.00
1463252618.0 75 -0.00	998.33	26.87	-24.84	303.59	212.48	-2.33	0.00	309.38	0.00	0.00	0.00
1463252619.0 75 -0.00	999.59	26.87	-24.84	303.59	214.96	-0.00	0.00	309.10	0.00	0.00	0.00
1463252620.0 74 -0.00	999.19	26.68	-24.84	307.10	214.96	-0.00	0.00	309.04	0.00	0.00	0.00
1463252621.0 74 -0.00	999.99	27.06	-24.84	300.09	208.80	-0.00	0.00	308.98	0.00	0.00	0.00
1463252622.0 74 -0.00	999.19	26.68	-24.84	303.59	217.45	-0.00	0.00	309.15	0.00	0.00	0.00
1463252623.0 74 -0.00	999.19	26.68	-24.84	301.84	212.48	-2.33	0.00	309.04	0.00	0.00	0.00
1463252624.0 74 -0.00	999.99	27.06	-24.84	303.59	212.48	-0.00	0.00	309.15	0.00	0.00	0.00
1463252625.0 74 -0.00	999.99	27.06	-24.84	305.35	212.48	-2.33	0.00	309.04	0.00	0.00	0.00
1463252626.0 74 -0.00	999.59	26.87	-24.84	301.84	210.02	-0.00	0.00	309.10	0.00	0.00	0.00
1463252627.0 74 -0.00	999.19	26.68	-24.84	307.10	216.20	-0.00	0.00	309.04	0.00	0.00	0.00
1463252628.0 74 -0.00	1000.85	26.87	-24.84	301.84	210.02	-0.00	0.00	308.98	0.00	0.00	0.00
1463252629.0 74 -0.00	999.59	26.87	-24.84	310.61	219.96	-0.00	0.00	309.27	0.00	0.00	0.00
1463252630.0 74 -0.00	999.59	26.87	-24.84	303.59	211.25	-0.00	0.00	309.15	0.00	0.00	0.00
1463252631.0 74 -0.00	999.59	26.87	-24.84	308.85	219.96	-0.00	0.00	309.43	0.00	0.00	0.00
1463252632.0 74 -0.00	998.73	27.06	-25.00	312.36	222.49	7.67	0.00	309.38	0.00	0.00	0.00
1463252633.0 74 -0.00	999.59	26.87	-24.84	303.59	211.25	-0.00	0.00	308.98	0.00	0.00	0.00
1463252634.0 74 -0.00	998.73	27.06	-24.84	301.84	210.02	-0.00	0.00	308.98	0.00	0.00	0.00
1463252635.0 74 -0.00	998.73	27.06	-24.68	307.10	214.96	-2.33	0.00	308.93	0.00	0.00	0.00
1463252636.0 74 -0.00	999.59	26.87	-25.00	303.59	212.48	-0.00	0.00	309.43	0.00	0.00	0.00
1463252637.0 74 -0.00	998.33	26.87	-24.84	307.10	216.20	-2.33	0.00	309.27	0.00	0.00	0.00
1463252638.0 74 -0.00	998.73	27.06	-24.84	301.84	212.48	-0.00	0.00	309.04	0.00	0.00	0.00
1463252639.0 74 -0.00	999.59	26.87	-25.00	307.10	218.70	-0.00	0.00	309.43	0.00	0.00	0.00
1463252640.0 74 -0.00	999.59	26.87	-24.84	303.59	214.96	-2.33	0.00	309.10	0.00	0.00	0.00
1463252641.0 74 -0.00	999.99	27.06	-24.84	303.59	214.96	-2.33	0.00	309.38	0.00	0.00	0.00
1463252642.0 74 -0.00	999.99	27.06	-24.84	305.35	214.96	-0.00	0.00	309.04	0.00	0.00	0.00
1463252643.0 74 -0.00	999.99	27.06	-25.16	301.84	212.48	-0.00	0.00	309.32	0.00	0.00	0.00
1463252644.0 75 -0.00	999.59	26.87	-24.84	296.58	205.15	-2.33	0.00	308.70	0.00	0.00	0.00
1463252645.0 75 -0.00	999.19	26.68	-24.84	308.85	218.70	-0.00	0.00	308.98	473.68	0.00	0.00
1463252646.0 75 -0.00	999.59	26.87	-24.84	300.09	210.02	-0.00	0.00	308.93	0.00	0.00	0.00
1463252647.0 75 -0.00	1001.25	27.06	-24.84	303.59	213.72	-0.00	0.00	309.21	0.00	0.00	0.00
1463252648.0 75 -0.00	999.19	26.68	-24.84	301.84	212.48	-0.00	0.00	309.04	0.00	0.00	0.00
1463252649.0 75 -0.00	999.19	26.68	-25.00	301.84	212.48	-0.00	0.00	309.15	0.00	0.00	0.00
1463252649.0 75 -0.00	999.19	26.68	-24.84	305.35	214.96	-0.00	0.00	309.04	0.00	0.00	0.00
1463252650.0 75 -0.00	999.59	26.87	-24.84	300.09	211.25	-2.33	0.00	308.98	0.00	0.00	0.00
1463252651.0 75 -0.00	999.19	26.68	-24.84	308.85	217.45	0.68	0.00	309.04	0.00	0.00	0.00
1463252652.0 75 -0.00	999.19	26.68	-24.84	301.84	211.25	-2.33	0.00	308.93	0.00	0.00	0.00
1463252653.0 75 -0.00	999.99	27.06	-24.84	312.36	222.49	3.69	0.00	309.32	0.00	0.00	0.00
1463252654.0 75 -0.00	999.19	26.68	-24.84	305.35	211.25	-0.00	0.00	308.98	0.00	0.00	0.00
1463252655.0 75 -0.00	999.19	26.68	-25.16	301.84	218.70	-0.00	0.00	309.49	0.00	0.00	0.00
1463252656.0 74 -0.00	999.19	26.68	-24.84	300.09	211.25	-2.33	0.00	309.21	0.00	0.00	0.00
1463252657.0 74 -0.00	999.19	26.68	-24.84	303.59	213.72	-0.00	0.00	309.15	0.00	0.00	0.00
1463252658.0 74 -0.00	999.19	26.68	-25.00	305.35	214.96	-0.00	0.00	309.55	0.00	0.00	0.00
1463252659.0 74 -0.00	999.19	26.68	-24.84	308.85	218.70	-2.33	0.00	309.10	0.00	0.00	0.00
1463252660.0 74 -0.00	999.59	26.87	-24.84	301.84	212.48	-0.00	0.00	309.10	0.00	0.00	0.00
1463252661.0 74 -0.00	999.19	26.68	-25.00	308.85	217.45	-0.00	0.00	309.49	0.00	0.00	0.00
1463252662.0 74 -0.00	999.19	26.68	-24.84	305.35	214.96	-0.00	0.00	309.04	0.00	0.00	0.00
1463252663.0 74 -0.00	999.19	26.68	-25.00	301.84	212.48	-0.00	0.00	309.32	0.00	0.00	0.00
1463252664.0 74 -0.00	999.19	26.68	-24.84	307.10	213.72	-0.00	0.00	309.10	0.00	0.00	0.00
1463252665.0 74 -0.00	999.19	26.68	-25.00	303.59	212.48	-2.33	0.00	309.43	0.00	0.00	0.00
1463252666.0 74 -0.00	999.59	26.87	-24.84	301.84	213.72	-2.33	0.00	309.04	0.00	0.00	0.00
1463252667.0 74 -0.00	999.59	26.87	-24.84	301.84	212.48	-0.00	0.00	309.04	0.00	0.00	0.00
1463252668.0 75 -0.00	997.93	26.68	-24.84	300.09	210.02	-0.00	0.00	308.98	0.00	0.00	0.00
1463252669.0 75 -0.00	999.19	26.68	-24.84	308.85	218.70	-2.33	0.00	309.10	0.00	0.00	0.00
1463252670.0 75 -0.00	999.19	26.68	-24.68	305.35	216.20	-0.00	0.00	309.15	0.00	0.00	0.00
1463252671.0 75 -0.00	999.19	26.68	-24.84	303.59	216.20	-0.00	0.00	309.21	0.00	0.00	0.00
1463252672.0 75 -0.00	999.19	26.68	-24.68	305.35	212.48	-2.33	0.00	309.04	0.00	0.00	0.00
1463252673.0 75 -0.00	999.19	26.68	-25.00	300.09	211.25	-0.00	0.00	309.04	0.00	0.00	0.00
1463252674.0 75 -0.00	999.59	26.87	-24.84	307.10	216.20	-0.00	0.00	309.04	0.00	0.00	0.00
1463252675.0 75 -0.00	999.19	26.68	-24.84	301.84	211.25	-0.00	0.00	309.04	0.00	0.00	0.00
1463252676.0 75 -0.00	999.59	26.87	-24.84	310.61	219.96	-2.33	0.00	309.21	0.00	0.00	0.00
1463252677.0 75 -0.00	999.59	26.87	-24.84	303.59	211.25	-0.00	0.00	308.98	0.00	0.00	0.00
1463252678.0 75 -0.00	999.19	26.68	-25.00	308.85	219.96	-0.00	0.00	309.43	0.00	0.00	0.00
1463252679.0 75 -0.00	999.19	26.68	-24.84	307.10	213.72	-2.33	0.00	308.98	0.00	0.00	0.00
1463252680.0 76 -0.00	999.59	26.87	-24.84	301.84	211.25	-0.00	0.00	308.98	473.68	0.00	0.00
1463252681.0 76 -0.00	998.33	26.87	-24.84	301.84	211.25	-0.00	0.00	309.32	0.00	0.00	0.00
1463252682.0 76 -0.00	999.59	26.87	-24.84	296.58	206.36	-0.00	0.00	308.76	0.00	0.00	0.00
1463252683.0 76 -0.00	998.79	26.50	-24.84	303.59	213.72	-0.00	0.00	309.04	0.00	0.00	0.00
1463252684.0 76 -0.00	999.19	26.68	-24.84	308.85	218.70	-2.33	0.00	309.21	0.00	0.00	0.00
1463252685.0 76 -0.00	999.19	26.68	-24.84	303.59	212.48	-0.00	0.00	308.98	0.00	0.00	0.00
1463252686.0 76 -0.00	999.19	26.68	-24.84	303.59	219.96	-0.00	0.00	309.27	0.00	0.00	0.00
1463252687.0 76 -0.00	999.19	26.68	-24.84	307.10	216.20	-0.00	0.00	309.04	0.00	0.00	0.00
1463252688.0 76 -0.00	999.59	26.87	-24.84	303.59	212.48	-0.00	0.00	309.38	0.00	0.00	0.00
1463252689.0 76 -0.00	999.19	26.68	-24.68	305.35	213.72	-0.00	0.00	309.04	0.00	0.00	0.00
1463252690.0 76 -0.00	999.19	26.68	-24.84	303.59	212.48	-0.00	0.00	309.04	0.00	0.00	0.00
1463252691.0 76 -0.00	1000.45	26.68	-25.00	303.59	212.48	-0.00	0.00	309.15	0.00	0.00	0.00
1463252692.0 76 -0.00	999.19	26.68	-24.84	298.33	206.36	-2.33	0.00	308.87	0.00	0.00	0.00
1463252693.0 76 -0.00	999.59	26.87	-24.84	307.10	213.72	-2.33	0.00	308.93	0.00	0.00	0.00
1463252694.0 76 -0.00	999.19	26.68	-25.00	303.59	211.25	-0.00	0.00	309.32	0.00	0.00	0.00
1463252695.0 76 -0.00	999.19	26.68	-24.84	308.85	218.70	-0.00	0.00	309.10	0.00	0.00	0.00
1463252696.0 76 -0.00	999.19	26.68	-24.84	301.84	210.02	-0.00	0.00	309.04	0.00	0.00	0.00
1463252697.0 76 -0.00	999.59	26.87	-25.00	312.36	219.96	-0.00	0.00	309.21	0.00	0.00	0.00
1463252698.0 76 -0.00	999.59	26.87	-24.84	303.59	210.02	-0.00	0.00	308.98	0.00	0.00	0.00
1463252699.0 76 -0.00	999.59	26.87	-24.84	314.11	221.22	0.68	0.00	309.32	0.00	0.00	0.00
1463252700.0 76 -0.00	999.59	26.87	-24.68	308.85	212.48	-2.33	0.00	308.98	473.68	0.00	0.00
1463252701.0 76 -0.00	999.59	26.87	-24.84	307.10	212.48	-0.00	0.00	309.43	0.00	0.00	0.00
1463252702.0 76 -0.00	1000.85	26.87	-24.84	312.36	218.70	-2.33	0.00	309.04	0.00	0.00	0.00
1463252703.0 76 -0.00	999.19	26.68	-25.00	305.35	212.48	-0.00	0.00	309.27	0.00	0.00	0.00
1463252703.0 76 -0.00	999.59	26.87	-25.00	312.36	218.70	0.68	0.00	309.21	0.00	0.00	0.00
1463252704.0 76 -0.00	999.19	26.68	-24.84	307.10	213.72	-0.00	0.00	308.98	0.00	0.00	0.00
1463252705.0 76 -0.00	999.59	26.87	-24.68	305.35	211.25	-0.00	0.00	308.98	0.00	0.00	0.00
1463252706.0 76 -0.00	999.19	26.68	-25.16	310.61	214.96	-0.00	0.00	309.43	0.00	0.00	0.00
1463252707.0 76 -0.00	998.33	26.87	-24.84	307.10	212.48	-0.00	0.00	309.04	0.00	0.00	0.00
1463252708.0 76 -0.00	999.99	27.06	-25.00	312.36	223.76	-2.33	0.00	309.43	0.00	0.00	0.00
1463252709.0 76 -0.00	999.59	26.87	-24.84	307.10	212.48	-0.00	0.00	309.04	0.00	0.00	0.00
1463252710.0 76 -0.00	1000.38	27.24	-25.00	307.10	212.48	-0.00	0.00	309.43	0.00	0.00	0.00
1463252711.0 76 -0.00	999.99	27.06	-24.84	308.85	213.72	-0.00	0.00	309.04	0.00	0.00	0.00
1463252712.0 76 -0.00	999.99	27.06	-24.84	307.10	213.72	-2.33	0.00	309.10	0.00	0.00	0.00
1463252713.0 76 -0.00	999.59	26.87	-25.00	307.10	213.72	-0.00	0.00	309.21	0.00	0.00	0.00
1463252714.0 76 -0.00	999.99	27.06	-24.84	307.10	212.48	-0.00	0.00	309.10	0.00	0.00	0.00
1463252715.0 76 -0.00	999.59	26.87	-24.84	308.85	217.45	-0.00	0.00	309.27	0.00	0.00	0.00
1463252716.0 75 -0.00	999.59	26.87	-24.84	301.84	207.58	-0.00	0.00	308.76	0.00	0.00	0.00
1463252717.0 75 -0.00	999.59	26.87	-24.84	312.36	218.70	0.68	0.00	308.93	473.68	0.00	0.00
1463252718.0 75 -0.00	999.99	27.06	-24.84	307.10	211.25	-0.00	0.00	308.98	0.00	0.00	0.00
1463252719.0 75 -0.00	999.59	26.87	-25.00	319.37	223.76	2.44	0.00	309.32	0.00	0.00	0.00
1463252720.0 75 -0.00	999.99	27.06	-24.84	307.10	211.25	-0.00	0.00	308.93	0.00	0.00	0.00
1463252721.0 75 -0.00	999.99	27.06	-24.84	312.36	221.22	-0.00	0.00	309.43	0.00	0.00	0.00
1463252722.0 75 -0.00	1000.38	27.24	-24.84	312.36	216.20	-2.33	0.00	308.93	0.00	0.00	0.00
1463252723.0 75 -0.00	999.99	27.06	-25.00	308.85	212.48	-2.33	0.00	309.43	0.00	0.00	0.00
1463252724.0 75 -0.00	999.13	27.24	-24.68	314.11	221.22	-2.33	0.00	308.98	0.00	0.00	0.00
1463252725.0 75 -0.00	999.99	27.06	-24.84	314.11	216.20	-0.00	0.00	309.04	0.00	0.00	0.00
1463252726.0 75 -0.00	1000.78	27.43	-24.84	314.11	218.70	4.66	0.00	309.21	0.00	0.00	0.00
1463252727.0 75 -0.00	999.99	27.06	-24.84	308.85	212.48	-0.00	0.00	309.04	0.00	0.00	0.00
1463252728.0 75 -0.00	1000.78	27.43	-24.84	314.11	219.96	-0.00	0.00	309.32	0.00	0.00	0.00
1463252729.0 75 -0.00	999.99	27.06	-24.68	308.85	211.25	-0.00	0.00	309.04	0.00	0.00	0.00
1463252730.0 75 -0.00	999.99	27.06	-24.84	314.11	216.20	-0.00	0.00	309.10	0.00	0.00	0.00
1463252731.0 75 -0.00	999.13	27.24	-24.84	310.61	212.48	-0.00	0.00	308.98	0.00	0.00	0.00
1463252732.0 75 -0.00	1000.78	27.43	-24.84	312.36	214.96	-0.00	0.00	309.04	0.00	0.00	0.00
1463252733.0 75 -0.00	1000.38	27.24	-24.84	312.36	212.48	-0.00	0.00	309.04	0.00	0.00	0.00
1463252734.0 75 -0.00	999.13	27.24	-24.84	315.87	217.45	-2.33	0.00	309.10	0.00	0.00	0.00
1463252735.0 75 -0.00	1000.78	27.43	-24.84	312.36	212.48	-0.00	0.00	309.04	0.00	0.00	0.00
1463252736.0 75 -0.00	999.52	27.43	-25.00	312.36	213.72	-0.00	0.00	309.15	0.00	0.00	0.00
1463252737.0 75 -0.00	1000.78	27.43	-24.84	317.62	213.72	-0.00	0.00	309.10	0.00	0.00	0.00
1463252738.0 75 -0.00	998.26	27.43	-24.84	312.36	211.25	-0.00	0.00	309.04	0.00	0.00	0.00
1463252739.0 75 -0.00	1000.78	27.43	-24.84	321.13	217.45	0.68	0.00	309.04	0.00	0.00	0.00
1463252740.0 75 -0.00	997.87	27.24	-24.84	312.36	211.25	-0.00	0.00	308.93	0.00	0.00	0.00
1463252741.0 74 -0.00	1000.78	27.43	-24.84	308.85	210.02	-0.00	0.00	308.98	0.00	0.00	0.00
1463252742.0 74 -0.00	999.52	27.43	-24.84	321.13	219.96	-0.00	0.00	309.27	0.00	0.00	0.00
1463252743.0 74 -0.00	1000.38	27.24	-24.84	312.36	212.48	-2.33	0.00	308.98	0.00	0.00	0.00
1463252744.0 74 -0.00	1000.78	27.43	-24.84	315.87	214.96	-0.00	0.00	309.49	0.00	0.00	0.00
1463252745.0 74 -0.00	999.13	27.24	-24.84	322.88	217.45	-2.33	0.00	308.93	0.00	0.00	0.00
1463252746.0 74 -0.00	1000.78	27.43	-25.16	315.87	213.72	-2.33	0.00	309.49	0.00	0.00	0.00
1463252747.0 74 -0.00	999.52	27.43	-24.84	326.39	222.49	0.68	0.00	309.38	0.00	0.00	0.00
1463252748.0 74 -0.00	1000.78	27.43	-24.84	315.87	213.72	-0.00	0.00	309.04	0.00	0.00	0.00
1463252749.0 74 -0.00	999.52	27.43	-25.00	324.63	219.96	-0.00	0.00	309.43	0.00	0.00	0.00
1463252750.0 74 -0.00	1000.38	27.24	-24.84	317.62	216.20	-0.00	0.00	309.04	0.00	0.00	0.00
1463252751.0 74 -0.00	1000.78	27.43	-24.84	317.62	212.48	-0.00	0.00	309.32	0.00	0.00	0.00
1463252752.0 74 -0.00	1000.38	27.24	-24.84	321.13	214.96	-2.33	0.00	309.04	0.00	0.00	0.00
1463252753.0 74 -0.00	999.52	27.43	-25.16	317.62	212.48	-0.00	0.00	309.32	0.00	0.00	0.00
1463252754.0 74 -0.00	1000.38	27.24	-24.84	315.87	210.02	-0.00	0.00	308.98	0.00	0.00	0.00
1463252755.0 74 -0.00	1000.38	27.24	-24.84	326.39	218.70	0.68	0.00	309.21	0.00	0.00	0.00
1463252756.0 74 -0.00	998.73	27.06	-25.00	319.37	213.72	0.68	0.00	309.10	0.00	0.00	0.00
1463252757.0 74 -0.00	999.99	27.06	-24.84	319.37	212.48	-0.00	0.00	309.10	0.00	0.00	0.00
1463252758.0 74 -0.00	999.99	27.06	-24.84	319.37	212.48	-0.00	0.00	308.98	0.00	0.00	0.00
1463252758.0 74 -0.00	1000.38	27.24	-24.84	326.39	219.96	-0.00	0.00	309.43	0.00	0.00	0.00
1463252759.0 74 -0.00	999.52	27.43	-24.84	324.63	216.20	-0.00	0.00	309.04	0.00	0.00	0.00
1463252760.0 74 -0.00	999.13	27.24	-24.84	319.37	211.25	-2.33	0.00	309.10	0.00	0.00	0.00
1463252761.0 74 -0.00	1000.38	27.24	-24.68	328.14	219.96	-2.33	0.00	309.10	0.00	0.00	0.00
1463252762.0 74 -0.00	999.99	27.06	-24.84	319.37	210.02	-2.33	0.00	308.93	0.00	0.00	0.00
1463252763.0 74 -0.00	999.99	27.06	-24.84	333.40	225.04	-2.33	0.00	309.27	0.00	0.00	0.00
1463252764.0 74 -0.00	999.59	26.87	-24.84	324.63	211.25	-2.33	0.00	308.93	0.00	0.00	0.00
1463252765.0 73 -0.00	999.99	27.06	-25.00	322.88	218.70	-0.00	0.00	309.49	0.00	0.00	0.00
1463252766.0 73 -0.00	999.59	26.87	-24.84	329.89	216.20	-0.00	0.00	309.04	0.00	0.00	0.00
1463252767.0 73 -0.00	998.73	27.06	-24.84	319.37	210.02	-0.00	0.00	308.93	0.00	0.00	0.00
1463252768.0 73 -0.00	1000.38	27.24	-24.84	328.14	218.70	-0.00	0.00	309.43	0.00	0.00	0.00
1463252769.0 73 -0.00	999.99	27.06	-24.84	324.63	212.48	-0.00	0.00	309.04	0.00	0.00	0.00
1463252770.0 73 -0.00	1000.78	27.43	-24.84	324.63	212.48	-0.00	0.00	309.10	0.00	0.00	0.00
1463252771.0 73 -0.00	1000.38	27.24	-24.84	328.14	213.72	-0.00	0.00	309.04	0.00	0.00	0.00
1463252772.0 73 -0.00	999.99	27.06	-24.84	322.88	211.25	-0.00	0.00	309.10	0.00	0.00	0.00
1463252773.0 73 -0.00	998.73	27.06	-24.84	331.65	217.45	-2.33	0.00	309.04	0.00	0.00	0.00
1463252774.0 73 -0.00	999.99	27.06	-25.00	326.39	212.48	-0.00	0.00	309.04	0.00	0.00	0.00
1463252775.0 73 -0.00	999.99	27.06	-24.84	338.66	223.76	-2.33	0.00	309.32	0.00	0.00	0.00
1463252778.0 73 -0.00	999.13	27.24	-24.68	328.14	213.72	-2.33	0.00	309.10	0.00	0.00	0.00
1463252779.0 72 -0.00	999.13	27.24	-24.84	328.14	212.48	-2.33	0.00	309.04	0.00	0.00	0.00
1463252780.0 72 -0.00	998.73	27.06	-25.00	328.14	214.96	-2.33	0.00	309.21	0.00	0.00	0.00
1463252781.0 72 -0.00	1000.38	27.24	-24.84	333.40	213.72	-0.00	6514.00	308.93	0.00	0.00	0.00
1463253273.0 66 -0.00	998.52	28.74	-24.84	606.63	216.20	-2.33	0.00	309.04	0.00	0.00	0.00
1463253274.0 66 -0.00	999.38	28.55	-25.16	594.39	211.25	-2.33	0.00	309.38	0.00	0.00	0.00
1463253275.0 66 -0.00	999.38	28.55	-24.68	590.89	212.48	-2.33	0.00	309.04	0.00	0.00	0.00
1463253276.0 66 -0.00	1001.04	28.74	-24.84	585.64	212.48	-0.00	0.00	309.04	0.00	0.00	0.00
1463253277.0 67 -0.00	998.52	28.74	-24.84	580.39	211.25	-2.33	0.00	308.87	0.00	0.00	0.00
1463253278.0 67 -0.00	1001.04	28.74	-24.84	576.89	210.02	-0.00	0.00	309.32	0.00	0.00	0.00
1463253279.0 67 -0.00	998.52	28.74	-24.84	571.64	211.25	-2.33	0.00	308.98	0.00	0.00	0.00
1463253280.0 67 -0.00	998.52	28.74	-24.84	562.88	208.80	-0.00	0.00	309.04	0.00	0.00	0.00
1463253281.0 67 -0.00	997.25	28.74	-24.84	582.14	219.96	-2.33	0.00	309.21	0.00	0.00	0.00
1463253282.0 67 -0.00	998.52	28.74	-24.84	561.13	211.25	-0.00	0.00	308.98	0.00	0.00	0.00
1463253283.0 67 -0.00	998.52	28.74	-24.84	559.38	217.45	-2.33	0.00	309.43	0.00	0.00	0.00
1463253284.0 67 -0.00	1000.18	28.93	-24.84	568.14	216.20	0.68	0.00	309.21	0.00	0.00	0.00
1463253285.0 67 -0.00	998.52	28.74	-25.16	555.88	212.48	-0.00	0.00	309.27	0.00	0.00	0.00
1463253286.0 67 -0.00	998.91	28.93	-24.84	562.88	218.70	-2.33	0.00	309.21	0.00	0.00	0.00
1463253287.0 67 -0.00	998.91	28.93	-24.84	547.13	212.48	-0.00	0.00	309.04	0.00	0.00	0.00
1463253288.0 67 -0.00	998.52	28.74	-24.84	543.63	218.70	-0.00	0.00	309.27	0.00	0.00	0.00
1463253289.0 69 -0.00	1001.04	28.74	-24.84	545.38	214.96	-0.00	0.00	309.04	0.00	0.00	0.00
1463253290.0 69 -0.00	1001.84	29.11	-24.84	545.38	212.48	0.68	0.00	308.98	0.00	0.00	0.00
1463253291.0 69 -0.00	999.31	29.11	-24.84	536.63	210.02	-0.00	0.00	308.98	0.00	0.00	0.00
1463253292.0 69 -0.00	998.52	28.74	-24.84	545.38	214.96	-0.00	0.00	309.15	0.00	0.00	0.00
1463253293.0 69 -0.00	997.65	28.93	-24.84	541.88	212.48	-2.33	0.00	309.04	0.00	0.00	0.00
1463253297.0 69 -0.00	998.52	28.74	-24.84	576.89	216.20	-2.33	0.00	309.10	0.00	0.00	0.00
1463253298.0 69 -0.00	998.52	28.74	-24.84	582.14	212.48	-0.00	0.00	308.98	0.00	0.00	0.00
1463253299.0 69 -0.00	998.52	28.74	-24.84	603.14	219.96	-2.33	0.00	309.21	0.00	0.00	0.00
1463253300.0 69 -0.00	997.25	28.74	-24.84	601.39	213.72	-0.00	0.00	308.98	0.00	0.00	0.00
1463253301.0 69 -0.00	1000.18	28.93	-24.84	599.64	213.72	-0.00	0.00	309.43	0.00	0.00	0.00
1463253302.0 68 -0.00	998.91	28.93	-25.00	610.13	219.96	-2.33	0.00	309.21	0.00	0.00	0.00
1463253303.0 68 -0.00	998.52	28.74	-24.84	594.39	210.02	-2.33	0.00	308.87	0.00	0.00	0.00
1463253304.0 68 -0.00	998.52	28.74	-25.00	585.64	212.48	-0.00	0.00	309.38	0.00	0.00	0.00
1463253305.0 68 -0.00	998.91	28.93	-24.84	592.64	217.45	-0.00	0.00	309.10	0.00	0.00	0.00
1463253306.0 68 -0.00	999.78	28.74	-24.84	573.39	211.25	3.69	0.00	309.04	0.00	0.00	0.00
1463253307.0 68 -0.00	998.52	28.74	-24.84	594.39	222.49	0.68	0.00	309.32	0.00	0.00	0.00
1463253308.0 68 -0.00	997.25	28.74	-24.84	575.14	213.72	-0.00	0.00	309.10	0.00	0.00	0.00
1463253309.0 68 -0.00	998.91	28.93	-25.00	576.89	222.49	-0.00	0.00	309.55	0.00	0.00	0.00
1463253310.0 68 -0.00	998.91	28.93	-24.68	576.89	214.96	-2.33	0.00	308.98	0.00	0.00	0.00
1463253311.0 68 -0.00	998.91	28.93	-25.16	566.39	212.48	-2.33	0.00	309.38	0.00	0.00	0.00
1463253311.0 68 -0.00	998.52	28.74	-24.84	575.14	218.70	-0.00	0.00	309.21	0.00	0.00	0.00
1463253312.0 68 -0.00	1000.18	28.93	-24.84	571.64	213.72	-2.33	0.00	309.21	0.00	0.00	0.00
1463253313.0 68 -0.00	1000.18	28.93	-25.00	573.39	218.70	0.68	0.00	309.32	0.00	0.00	0.00
1463253314.0 66 -0.00	998.52	28.74	-24.84	571.64	210.02	-0.00	0.00	308.93	0.00	0.00	0.00
1463253315.0 66 -0.00	999.78	28.74	-24.84	582.14	214.96	-2.33	0.00	308.98	0.00	0.00	0.00
1463253316.0 66 -0.00	999.78	28.74	-24.84	569.89	208.80	-0.00	0.00	308.98	0.00	0.00	0.00
1463253317.0 66 -0.00	998.91	28.93	-24.84	585.64	218.70	0.68	0.00	309.15	0.00	0.00	0.00
1463253318.0 66 -0.00	999.78	28.74	-24.84	568.14	211.25	-0.00	0.00	309.04	0.00	0.00	0.00
1463253319.0 66 -0.00	998.52	28.74	-25.00	562.88	212.48	-0.00	0.00	309.15	0.00	0.00	0.00
1463253320.0 66 -0.00	1001.44	28.93	-24.84	566.39	216.20	-2.33	0.00	308.98	0.00	0.00	0.00
1463253321.0 66 -0.00	999.78	28.74	-24.84	552.38	210.02	-0.00	0.00	309.04	0.00	0.00	0.00
1463253322.0 66 -0.00	999.78	28.74	-25.00	568.14	219.96	-2.33	0.00	309.15	473.68	0.00	0.00
1463253323.0 66 -0.00	1000.18	28.93	-24.84	547.13	211.25	-0.00	0.00	308.93	0.00	0.00	0.00
1463253324.0 66 -0.00	998.12	28.55	-25.00	561.13	223.76	-0.00	0.00	309.49	0.00	0.00	0.00
1463253325.0 66 -0.00	999.31	29.11	-25.00	554.13	213.72	-0.00	0.00	309.10	0.00	0.00	0.00
1463253370.0 60 -0.00	999.78	28.74	-25.00	674.85	214.96	-0.00	0.00	309.43	0.00	0.00	0.00
1463253371.0 60 -0.00	999.78	28.74	-24.84	678.35	219.96	-2.33	0.00	309.21	0.00	0.00	0.00
1463253372.0 60 -0.00	998.52	28.74	-24.84	673.10	214.96	-2.33	0.00	309.15	0.00	0.00	0.00
1463253373.0 60 -0.00	999.78	28.74	-24.84	667.86	212.48	-0.00	0.00	309.04	0.00	0.00	0.00
1463253374.0 60 -0.00	1001.44	28.93	-24.84	667.86	212.48	-2.33	0.00	308.98	0.00	0.00	0.00
1463253375.0 60 -0.00	997.65	28.93	-24.68	660.86	208.80	-0.00	0.00	309.04	0.00	0.00	0.00
1463253376.0 60 -0.00	997.25	28.74	-24.84	683.59	218.70	-2.33	0.00	309.04	0.00	0.00	0.00
1463253377.0 59 -0.00	999.78	28.74	-24.84	674.85	217.45	0.68	0.00	309.10	0.00	0.00	0.00
1463253378.0 59 -0.00	998.52	28.74	-24.84	667.86	212.48	-2.33	0.00	309.04	0.00	0.00	0.00
1463253379.0 59 -0.00	1001.04	28.74	-25.00	680.10	216.20	-0.00	0.00	309.15	0.00	0.00	0.00
1463253381.0 59 -0.00	1000.18	28.93	-24.84	673.10	212.48	-0.00	0.00	309.04	0.00	0.00	0.00
1463253382.0 59 -0.00	998.52	28.74	-24.84	671.35	212.48	-0.00	0.00	309.32	0.00	0.00	0.00
1463253383.0 59 -0.00	999.78	28.74	-24.84	671.35	212.48	-0.00	0.00	309.04	0.00	0.00	0.00
1463253524.0 49 -0.00	1001.04	28.74	-24.68	732.54	223.76	-2.33	0.00	308.98	473.68	0.00	0.00
1463253526.0 48 -0.00	999.78	28.74	-24.84	720.31	217.45	-0.00	0.00	308.93	0.00	0.00	0.00
1463253564.0 48 0.00	998.12	28.55	-24.84	708.07	211.25	0.68	0.00	308.93	0.00	0.00	0.00
1463253566.0 48 0.00	998.52	28.74	-24.84	694.08	212.48	-0.00	0.00	308.98	0.00	0.00	0.00
1463253567.0 48 0.00	1001.04	28.74	-24.84	695.83	217.45	-2.33	0.00	308.98	0.00	0.00	0.00
1463253568.0 48 0.00	998.91	28.93	-24.84	662.61	208.80	-2.33	0.00	308.93	0.00	0.00	0.00
1463253570.0 48 0.00	998.52	28.74	-24.84	648.62	211.25	-0.00	0.00	309.04	0.00	0.00	0.00
1463253571.0 48 0.00	997.25	28.74	-24.84	631.13	212.48	-0.00	0.00	308.98	0.00	0.00	0.00
1463253572.0 48 0.00	998.12	28.55	-24.84	611.88	208.80	-0.00	0.00	308.93	0.00	0.00	0.00
1463253575.0 48 0.00	998.52	28.74	-24.84	599.64	212.48	-2.33	0.00	308.98	0.00	0.00	0.00
1463253585.0 48 0.00	998.52	28.74	-24.84	578.64	214.96	-2.33	0.00	308.98	0.00	0.00	0.00
1463253589.0 47 0.00	999.38	28.55	-24.84	596.14	214.96	-0.00	0.00	309.04	0.00	0.00	0.00
1463253590.0 47 0.00	999.78	28.74	-24.84	611.88	217.45	-2.33	0.00	309.10	0.00	0.00	0.00
1463253591.0 47 0.00	997.25	28.74	-24.84	608.38	211.25	-0.00	0.00	308.98	0.00	0.00	0.00
1463253592.0 47 0.00	998.52	28.74	-25.00	625.88	217.45	-2.33	0.00	309.27	0.00	0.00	0.00
1463253593.0 47 0.00	999.78	28.74	-25.00	634.63	212.48	-0.00	0.00	309.10	0.00	0.00	0.00
1463253594.0 47 0.00	999.78	28.74	-24.84	646.87	211.25	-0.00	0.00	308.98	0.00	0.00	0.00
1463253596.0 47 0.00	999.78	28.74	-24.84	667.86	212.48	-2.33	0.00	309.15	0.00	0.00	0.00
1463253597.0 47 0.00	998.52	28.74	-25.16	676.60	211.25	-0.00	0.00	309.32	0.00	0.00	0.00
1463253598.0 47 0.00	998.52	28.74	-25.00	683.59	211.25	-0.00	0.00	309.32	0.00	0.00	0.00
1463253599.0 47 0.00	998.52	28.74	-24.84	687.09	212.48	-0.00	0.00	308.98	0.00	0.00	0.00
1463253600.0 48 0.00	999.78	28.74	-24.68	674.85	205.15	-2.33	0.00	308.65	0.00	0.00	0.00
1463253601.0 48 0.00	997.65	28.93	-24.84	701.08	214.96	2.44	0.00	309.10	0.00	0.00	0.00
1463253602.0 48 0.00	1000.18	28.93	-24.84	699.33	213.72	-0.00	0.00	309.04	0.00	0.00	0.00
1463253603.0 48 0.00	998.91	28.93	-24.84	704.57	214.96	-0.00	0.00	309.15	0.00	0.00	0.00
1463253604.0 48 0.00	999.78	28.74	-24.84	697.58	218.70	-0.00	0.00	309.21	0.00	0.00	0.00
1463253605.0 48 0.00	998.52	28.74	-24.68	688.84	216.20	-0.00	0.00	309.10	0.00	0.00	0.00
1463253607.0 48 0.00	998.91	28.93	-24.84	690.59	219.96	-2.33	0.00	309.21	0.00	0.00	0.00
1463253608.0 48 0.00	998.91	28.93	-24.84	678.35	213.72	-2.33	0.00	308.87	0.00	0.00	0.00
1463253608.0 48 0.00	1000.57	29.11	-25.00	669.61	211.25	-0.00	0.00	309.38	0.00	0.00	0.00
1463253610.0 48 0.00	1000.18	28.93	-25.00	667.86	210.02	-0.00	0.00	309.32	0.00	0.00	0.00
1463253611.0 48 0.00	999.78	28.74	-24.84	666.11	212.48	0.68	0.00	308.98	0.00	0.00	0.00
1463253612.0 48 0.00	997.25	28.74	-24.84	685.34	217.45	-0.00	0.00	309.10	0.00	0.00	0.00
1463253613.0 46 0.00	997.25	28.74	-24.84	660.86	210.02	-0.00	0.00	309.27	0.00	0.00	0.00
1463253614.0 46 0.00	999.78	28.74	-24.84	666.11	214.96	-2.33	0.00	309.15	0.00	0.00	0.00
1463253618.0 46 0.00	999.78	28.74	-24.84	636.38	214.96	-0.00	0.00	308.93	0.00	0.00	0.00
1463253619.0 46 0.00	999.31	29.11	-24.84	611.88	212.48	-2.33	0.00	309.04	0.00	0.00	0.00
1463253620.0 46 0.00	998.91	28.93	-24.84	597.89	211.25	-0.00	0.00	309.10	0.00	0.00	0.00
1463253621.0 46 0.00	1001.84	29.11	-25.00	592.64	211.25	-2.33	0.00	309.21	0.00	0.00	0.00
1463253622.0 46 0.00	998.52	28.74	-25.00	590.89	211.25	-0.00	0.00	309.38	0.00	0.00	0.00
1463253623.0 46 0.00	997.25	28.74	-24.84	599.64	216.20	3.69	0.00	309.15	0.00	0.00	0.00
1463253624.0 46 0.00	998.91	28.93	-24.84	589.14	210.02	-0.00	0.00	308.98	0.00	0.00	0.00
1463253625.0 46 0.00	998.52	28.74	-24.84	585.64	210.02	-0.00	0.00	308.98	0.00	0.00	0.00
1463253626.0 47 0.00	1000.18	28.93	-24.84	587.39	217.45	-2.33	0.00	309.04	0.00	0.00	0.00
1463253628.0 47 0.00	998.52	28.74	-24.84	566.39	210.02	-2.33	0.00	308.98	0.00	0.00	0.00
1463253629.0 47 0.00	1000.18	28.93	-25.00	562.88	213.72	-0.00	0.00	309.21	473.68	0.00	0.00
1463253630.0 47 0.00	1000.18	28.93	-24.84	554.13	214.96	-2.33	0.00	308.98	0.00	0.00	0.00
1463253631.0 47 0.00	1000.18	28.93	-25.16	538.38	211.25	-0.00	0.00	309.15	0.00	0.00	0.00
1463253632.0 47 0.00	998.91	28.93	-24.84	543.63	219.96	-2.33	0.00	309.15	0.00	0.00	0.00
1463253633.0 47 0.00	998.91	28.93	-24.84	527.87	212.48	-0.00	0.00	308.93	0.00	0.00	0.00
1463253634.0 47 0.00	998.52	28.74	-25.00	515.62	211.25	-0.00	0.00	309.38	0.00	0.00	0.00
1463253635.0 47 0.00	998.52	28.74	-25.00	512.12	211.25	-2.33	0.00	309.32	0.00	0.00	0.00
1463253636.0 47 0.00	999.78	28.74	-25.00	506.86	210.02	-0.00	0.00	308.93	473.68	0.00	0.00
1463253637.0 47 0.00	998.52	28.74	-24.84	517.37	214.96	-0.00	0.00	308.98	0.00	0.00	0.00
1463253638.0 47 0.00	999.78	28.74	-24.84	506.86	208.80	-0.00	0.00	308.93	0.00	0.00	0.00
1463253639.0 49 0.00	998.52	28.74	-24.84	513.87	210.02	-0.00	0.00	308.98	0.00	0.00	0.00
1463253640.0 49 0.00	998.52	28.74	-25.00	519.12	210.02	-0.00	0.00	309.27	0.00	0.00	0.00
1463253641.0 49 0.00	998.52	28.74	-24.84	543.63	219.96	-2.33	0.00	309.32	0.00	0.00	0.00
1463253642.0 49 0.00	999.78	28.74	-24.84	541.88	211.25	0.68	0.00	308.93	0.00	0.00	0.00
1463253643.0 49 0.00	999.78	28.74	-24.84	547.13	210.02	-0.00	0.00	309.04	0.00	0.00	0.00
1463253644.0 49 0.00	1001.04	28.74	-24.84	547.13	208.80	-2.33	0.00	308.98	473.68	0.00	0.00
1463253645.0 49 0.00	1000.25	28.36	-24.84	573.39	222.49	0.68	0.00	309.21	0.00	0.00	0.00
1463253646.0 49 0.00	999.78	28.74	-24.84	555.88	210.02	-0.00	0.00	308.93	0.00	0.00	0.00
1463253648.0 49 0.00	999.38	28.55	-24.84	554.13	211.25	-0.00	0.00	308.98	0.00	0.00	0.00
1463253649.0 49 0.00	998.52	28.74	-25.00	555.88	210.02	-0.00	0.00	309.32	0.00	0.00	0.00
1463253650.0 49 0.00	999.38	28.55	-24.84	561.13	213.72	-2.33	0.00	308.98	0.00	0.00	0.00
1463253651.0 49 0.00	999.38	28.55	-24.84	571.64	214.96	-0.00	0.00	308.98	473.68	0.00	0.00
1463253652.0 49 0.00	999.38	28.55	-24.68	578.64	218.70	-2.33	0.00	308.87	0.00	0.00	0.00
1463253653.0 49 0.00	998.12	28.55	-24.84	573.39	210.02	-0.00	0.00	308.93	0.00	0.00	0.00
1463253654.0 49 0.00	999.78	28.74	-24.84	576.89	207.58	3.69	0.00	308.93	0.00	0.00	0.00
1463253655.0 49 0.00	1000.65	28.55	-24.68	596.14	212.48	-2.33	0.00	308.93	0.00	0.00	0.00
1463253656.0 49 0.00	1000.65	28.55	-24.84	603.14	213.72	-0.00	0.00	309.15	0.00	0.00	0.00
1463253657.0 49 0.00	999.78	28.74	-25.00	606.63	213.72	-0.00	0.00	309.43	0.00	0.00	0.00
1463253658.0 49 0.00	999.78	28.74	-24.84	608.38	212.48	-2.33	0.00	309.04	0.00	0.00	0.00
1463253659.0 49 0.00	999.78	28.74	-24.84	604.89	210.02	-0.00	0.00	308.98	0.00	0.00	0.00
1463253660.0 49 0.00	998.12	28.55	-24.84	606.63	212.48	-0.00	0.00	308.93	0.00	0.00	0.00
1463253661.0 49 0.00	999.78	28.74	-24.84	622.38	218.70	-0.00	0.00	309.38	0.00	0.00	0.00
1463253662.0 49 0.00	999.38	28.55	-24.84	624.13	218.70	-0.00	0.00	309.27	0.00	0.00	0.00
1463253663.0 49 0.00	999.78	28.74	-24.84	615.38	217.45	-0.00	0.00	309.15	0.00	0.00	0.00
1463253664.0 46 0.00	1000.18	28.93	-24.68	585.64	203.95	-2.33	0.00	308.70	0.00	0.00	0.00
1463253665.0 46 0.00	999.78	28.74	-24.84	596.14	210.02	-0.00	0.00	309.21	0.00	0.00	0.00
1463253666.0 46 0.00	999.38	28.55	-24.84	610.13	212.48	-0.00	0.00	308.98	0.00	0.00	0.00
1463253668.0 46 0.00	1000.25	28.36	-24.84	620.63	211.25	-2.33	0.00	309.04	0.00	0.00	0.00
1463253669.0 46 0.00	998.99	28.36	-25.00	632.88	210.02	-2.33	0.00	309.38	0.00	0.00	0.00
1463253670.0 46 0.00	1000.25	28.36	-24.84	645.12	208.80	-2.33	0.00	308.98	0.00	0.00	0.00
1463253671.0 46 0.00	998.99	28.36	-24.84	659.11	211.25	-0.00	0.00	309.32	0.00	0.00	0.00
1463253672.0 46 0.00	999.38	28.55	-24.84	676.60	216.20	-0.00	0.00	309.15	0.00	0.00	0.00
1463253673.0 46 0.00	999.38	28.55	-24.84	664.36	211.25	3.69	0.00	309.04	0.00	0.00	0.00
1463253674.0 46 0.00	999.38	28.55	-24.84	660.86	210.02	-0.00	0.00	309.27	0.00	0.00	0.00
1463253675.0 46 0.00	1000.65	28.55	-24.84	662.61	213.72	-0.00	0.00	308.98	0.00	0.00	0.00
1463253676.0 46 0.00	1000.25	28.36	-24.84	648.62	211.25	-0.00	0.00	308.98	0.00	0.00	0.00
1463253677.0 46 0.00	999.85	28.18	-24.84	636.38	212.48	-0.00	0.00	309.15	0.00	0.00	0.00
1463253678.0 46 0.00	999.85	28.18	-24.68	632.88	218.70	-0.00	0.00	309.10	473.68	0.00	0.00
1463253679.0 46 0.00	1000.25	28.36	-24.68	606.63	214.96	0.68	0.00	309.10	473.68	0.00	0.00
1463253680.0 46 0.00	998.99	28.36	-24.84	576.89	208.80	-0.00	0.00	309.04	0.00	0.00	0.00
1463253681.0 46 0.00	999.85	28.18	-24.84	559.38	211.25	-2.33	0.00	309.38	0.00	0.00	0.00
1463253682.0 46 0.00	1000.65	28.55	-24.84	538.38	210.02	-0.00	0.00	308.93	0.00	0.00	0.00
1463253683.0 46 0.00	1000.25	28.36	-24.84	531.38	214.96	-0.00	0.00	309.15	0.00	0.00	0.00
1463253684.0 46 0.00	999.85	28.18	-24.84	520.87	214.96	-2.33	0.00	308.98	0.00	0.00	0.00
1463253685.0 46 0.00	999.85	28.18	-24.84	498.11	208.80	-0.00	0.00	308.87	0.00	0.00	0.00
1463253686.0 46 0.00	1000.25	28.36	-24.84	499.86	218.70	0.68	0.00	309.15	0.00	0.00	0.00
1463253687.0 46 0.00	1000.25	28.36	-24.84	484.10	212.48	-2.33	0.00	308.87	0.00	0.00	0.00
1463253688.0 46 0.00	999.85	28.18	-25.00	468.33	212.48	-0.00	0.00	309.32	0.00	0.00	0.00
1463253689.0 46 0.00	998.59	28.18	-24.84	470.08	217.45	-2.33	0.00	309.15	0.00	0.00	0.00
1463253690.0 48 0.00	999.45	27.99	-25.00	463.08	211.25	0.68	0.00	309.10	0.00	0.00	0.00
1463253691.0 48 0.00	999.45	27.99	-24.84	459.57	210.02	-0.00	0.00	308.93	0.00	0.00	0.00
1463253692.0 48 0.00	1000.25	28.36	-24.84	459.57	207.58	-2.33	0.00	308.98	0.00	0.00	0.00
1463253693.0 48 0.00	1000.72	27.99	-24.84	477.09	216.20	-0.00	0.00	309.04	0.00	0.00	0.00
1463253694.0 48 0.00	999.45	27.99	-24.84	475.34	210.02	-0.00	0.00	308.98	0.00	0.00	0.00
1463253695.0 48 0.00	999.45	27.99	-24.84	480.59	210.02	0.68	0.00	308.98	0.00	0.00	0.00
1463253696.0 48 0.00	999.45	27.99	-24.84	491.10	213.72	0.68	0.00	309.04	0.00	0.00	0.00
1463253697.0 48 0.00	999.85	28.18	-24.84	485.85	208.80	-0.00	0.00	308.98	0.00	0.00	0.00
1463253698.0 48 0.00	999.45	27.99	-24.84	503.36	218.70	3.69	0.00	309.15	0.00	0.00	0.00
1463253699.0 48 0.00	999.45	27.99	-24.84	494.60	211.25	-0.00	0.00	308.87	0.00	0.00	0.00
1463253700.0 48 0.00	998.19	27.99	-24.84	494.60	212.48	-0.00	0.00	309.38	0.00	0.00	0.00
1463253701.0 48 0.00	999.45	27.99	-25.00	499.86	216.20	0.68	0.00	309.10	0.00	0.00	0.00
1463253702.0 48 0.00	999.45	27.99	-25.00	499.86	217.45	-0.00	0.00	309.10	0.00	0.00	0.00
1463253703.0 46 0.00	999.06	27.80	-24.68	482.34	203.95	-2.33	0.00	308.70	0.00	0.00	0.00
1463253704.0 46 0.00	1000.32	27.80	-24.84	487.60	207.58	-0.00	0.00	308.87	0.00	0.00	0.00
1463253705.0 46 0.00	999.06	27.80	-24.84	503.36	214.96	-2.33	0.00	308.98	0.00	0.00	0.00
1463253706.0 46 0.00	999.06	27.80	-24.84	498.11	212.48	-2.33	0.00	309.04	0.00	0.00	0.00
1463253707.0 46 0.00	999.45	27.99	-24.84	499.86	210.02	-2.33	0.00	309.10	0.00	0.00	0.00
1463253708.0 46 0.00	999.06	27.80	-25.00	508.61	213.72	-0.00	0.00	308.98	0.00	0.00	0.00
1463253709.0 46 0.00	999.06	27.80	-24.84	503.36	208.80	-0.00	0.00	308.98	0.00	0.00	0.00
1463253710.0 46 0.00	999.06	27.80	-24.84	524.37	218.70	3.69	0.00	309.10	0.00	0.00	0.00
1463253711.0 46 0.00	1000.32	27.80	-24.84	517.37	211.25	-0.00	0.00	308.93	0.00	0.00	0.00
1463253712.0 46 0.00	999.45	27.99	-24.84	513.87	211.25	-0.00	0.00	309.32	0.00	0.00	0.00
1463253713.0 46 0.00	998.66	27.62	-25.00	520.87	216.20	0.68	0.00	309.15	0.00	0.00	0.00
1463253714.0 46 0.00	999.92	27.62	-24.84	513.87	213.72	-0.00	0.00	309.10	0.00	0.00	0.00
1463253715.0 46 0.00	1001.98	27.99	-24.84	501.61	216.20	-0.00	0.00	309.21	0.00	0.00	0.00
1463253716.0 46 0.00	999.06	27.80	-24.84	499.86	213.72	-2.33	0.00	309.21	0.00	0.00	0.00
1463253717.0 46 0.00	998.66	27.62	-24.84	489.35	210.02	-2.33	0.00	308.93	0.00	0.00	0.00
1463253718.0 46 0.00	998.66	27.62	-25.00	499.86	216.20	-2.33	0.00	309.27	0.00	0.00	0.00
1463253719.0 46 0.00	1000.32	27.80	-24.84	498.11	216.20	-0.00	0.00	309.04	0.00	0.00	0.00
1463253720.0 46 0.00	999.06	27.80	-25.00	492.85	210.02	-0.00	0.00	309.32	0.00	0.00	0.00
1463253721.0 46 0.00	998.66	27.62	-24.84	505.11	216.20	-0.00	0.00	309.10	0.00	0.00	0.00
1463253722.0 46 0.00	1000.32	27.80	-24.84	496.36	211.25	0.68	0.00	308.98	473.68	0.00	0.00
1463253723.0 46 0.00	999.92	27.62	-25.00	496.36	212.48	-2.33	0.00	309.32	0.00	0.00	0.00
1463253723.0 46 0.00	999.06	27.80	-24.84	499.86	212.48	-0.00	0.00	308.98	0.00	0.00	0.00
1463253724.0 46 0.00	999.45	27.99	-24.84	499.86	211.25	3.69	0.00	308.93	0.00	0.00	0.00
1463253725.0 46 0.00	999.06	27.80	-25.00	506.86	213.72	-0.00	0.00	309.21	0.00	0.00	0.00
1463253726.0 46 0.00	998.66	27.62	-24.84	517.37	214.96	-0.00	0.00	308.98	473.68	0.00	0.00
1463253727.0 46 0.00	999.06	27.80	-24.84	515.62	210.02	-2.33	0.00	309.04	0.00	0.00	0.00
1463253728.0 46 0.00	999.06	27.80	-24.84	540.13	218.70	2.44	0.00	309.10	0.00	0.00	0.00
1463253729.0 48 0.00	1000.72	27.99	-24.84	541.88	214.96	-2.33	0.00	309.04	0.00	0.00	0.00
1463253730.0 48 0.00	999.06	27.80	-24.84	540.13	210.02	-0.00	0.00	308.93	0.00	0.00	0.00
1463253731.0 48 0.00	999.06	27.80	-24.84	545.38	208.80	0.68	0.00	308.82	0.00	0.00	0.00
1463253732.0 48 0.00	999.45	27.99	-24.84	576.89	214.96	-0.00	0.00	308.98	0.00	0.00	0.00
1463253733.0 48 0.00	1000.72	27.99	-24.84	578.64	210.02	-2.33	0.00	308.98	0.00	0.00	0.00
1463253734.0 48 0.00	999.06	27.80	-25.00	608.38	217.45	-0.00	0.00	309.38	0.00	0.00	0.00
1463253735.0 48 0.00	999.45	27.99	-24.84	615.38	211.25	-2.33	0.00	309.10	0.00	0.00	0.00
1463253736.0 48 0.00	1000.72	27.99	-25.00	631.13	211.25	-2.33	0.00	309.32	0.00	0.00	0.00
1463253737.0 48 0.00	999.45	27.99	-24.84	652.12	214.96	-0.00	0.00	309.10	0.00	0.00	0.00
1463253738.0 48 0.00	999.06	27.80	-24.84	659.11	211.25	0.68	0.00	309.04	0.00	0.00	0.00
1463253739.0 48 0.00	999.45	27.99	-24.84	660.86	210.02	-0.00	0.00	308.98	0.00	0.00	0.00
1463253740.0 48 0.00	999.06	27.80	-24.84	683.59	216.20	-2.33	0.00	308.98	0.00	0.00	0.00
1463253741.0 48 0.00	998.19	27.99	-24.84	671.35	208.80	-0.00	0.00	308.87	0.00	0.00	0.00
1463253742.0 46 0.00	999.45	27.99	-24.84	681.85	210.02	-0.00	0.00	308.93	0.00	0.00	0.00
1463253743.0 46 0.00	999.45	27.99	-25.00	692.34	217.45	-0.00	0.00	309.21	473.68	0.00	0.00
1463253763.0 46 0.00	999.45	27.99	-24.84	538.38	217.45	-2.33	0.00	309.32	0.00	0.00	0.00
1463253764.0 46 0.00	999.45	27.99	-24.84	527.87	212.48	-2.33	0.00	308.98	0.00	0.00	0.00
1463253765.0 46 0.00	999.06	27.80	-25.16	533.13	210.02	-0.00	0.00	309.32	0.00	0.00	0.00
1463253766.0 46 0.00	999.45	27.99	-24.84	536.63	211.25	-2.33	0.00	308.98	0.00	0.00	0.00
1463253767.0 44 0.00	999.06	27.80	-24.84	557.63	218.70	-2.33	0.00	308.98	473.68	0.00	0.00
1463253768.0 44 0.00	999.85	28.18	-24.84	554.13	207.58	-0.00	0.00	308.82	0.00	0.00	0.00
1463253769.0 44 0.00	999.06	27.80	-24.84	559.38	205.15	-0.00	0.00	308.70	0.00	0.00	0.00
1463253770.0 44 0.00	999.06	27.80	-24.84	589.14	216.20	-0.00	0.00	309.10	0.00	0.00	0.00
1463253771.0 44 0.00	1001.58	27.80	-24.84	594.39	212.48	-0.00	0.00	308.93	0.00	0.00	0.00
1463253772.0 44 0.00	999.06	27.80	-24.84	611.88	218.70	-2.33	0.00	309.21	0.00	0.00	0.00
1463253773.0 44 0.00	999.45	27.99	-24.84	601.39	212.48	-2.33	0.00	308.87	0.00	0.00	0.00
1463253774.0 44 0.00	999.06	27.80	-25.00	589.14	211.25	-0.00	0.00	309.27	0.00	0.00	0.00
1463253775.0 44 0.00	999.06	27.80	-24.84	589.14	217.45	0.68	0.00	309.10	0.00	0.00	0.00
1463253776.0 44 0.00	999.06	27.80	-24.84	571.64	212.48	-0.00	0.00	308.98	0.00	0.00	0.00
1463253777.0 44 0.00	999.45	27.99	-25.00	566.39	213.72	-0.00	0.00	309.43	473.68	0.00	0.00
1463253778.0 44 0.00	1000.32	27.80	-25.00	566.39	214.96	-0.00	0.00	309.04	0.00	0.00	0.00
1463253779.0 44 0.00	999.06	27.80	-24.84	564.64	212.48	-0.00	0.00	309.10	0.00	0.00	0.00
1463253780.0 45 0.00	999.06	27.80	-24.84	552.38	206.36	-2.33	0.00	308.76	0.00	0.00	0.00
1463253781.0 45 0.00	999.06	27.80	-24.84	559.38	212.48	-0.00	0.00	309.04	0.00	0.00	0.00
1463253782.0 45 0.00	998.66	27.62	-24.84	548.88	212.48	-0.00	0.00	309.38	0.00	0.00	0.00
1463253783.0 45 0.00	998.66	27.62	-24.84	552.38	214.96	-0.00	0.00	308.98	0.00	0.00	0.00
1463253784.0 45 0.00	999.06	27.80	-25.16	531.38	211.25	-2.33	0.00	309.21	0.00	0.00	0.00
1463253785.0 45 0.00	1000.72	27.99	-24.68	527.87	217.45	-2.33	0.00	309.10	473.68	0.00	0.00
1463253786.0 45 0.00	1000.32	27.80	-24.84	506.86	210.02	-0.00	0.00	308.93	0.00	0.00	0.00
1463253787.0 45 0.00	999.06	27.80	-25.00	494.60	210.02	-0.00	0.00	309.32	0.00	0.00	0.00
1463253788.0 45 0.00	999.06	27.80	-24.84	489.35	213.72	-2.33	0.00	308.98	0.00	0.00	0.00
1463253789.0 45 0.00	999.92	27.62	-25.00	489.35	211.25	0.68	0.00	309.04	0.00	0.00	0.00
1463253790.0 45 0.00	999.06	27.80	-24.84	489.35	210.02	-2.33	0.00	309.04	0.00	0.00	0.00
1463253791.0 45 0.00	998.66	27.62	-24.84	515.62	216.20	-2.33	0.00	309.04	0.00	0.00	0.00
1463253792.0 45 0.00	999.06	27.80	-24.84	520.87	211.25	-0.00	0.00	308.93	0.00	0.00	0.00
1463253793.0 45 0.00	999.92	27.62	-25.00	555.88	217.45	-0.00	0.00	309.32	0.00	0.00	0.00
1463253794.0 45 0.00	1000.32	27.80	-24.84	566.39	210.02	3.69	0.00	309.32	0.00	0.00	0.00
1463253795.0 45 0.00	999.06	27.80	-25.00	587.39	211.25	-0.00	0.00	308.93	0.00	0.00	0.00
1463253796.0 45 0.00	1000.32	27.80	-25.00	603.14	213.72	-2.33	0.00	309.10	0.00	0.00	0.00
1463253797.0 45 0.00	998.66	27.62	-24.84	617.13	218.70	-0.00	0.00	309.27	0.00	0.00	0.00
1463253798.0 45 0.00	999.06	27.80	-24.68	601.39	212.48	-0.00	0.00	309.04	0.00	0.00	0.00
1463253799.0 45 0.00	999.06	27.80	-25.00	592.64	210.02	-2.33	0.00	309.32	0.00	0.00	0.00
1463253800.0 45 0.00	999.45	27.99	-25.00	589.14	214.96	-0.00	0.00	309.04	0.00	0.00	0.00
1463253801.0 45 0.00	999.45	27.99	-24.84	569.89	211.25	-2.33	0.00	308.98	0.00	0.00	0.00
1463253802.0 45 0.00	999.45	27.99	-24.84	554.13	208.80	-0.00	0.00	308.98	0.00	0.00	0.00
1463253803.0 45 0.00	999.06	27.80	-24.68	564.64	218.70	-0.00	0.00	309.10	0.00	0.00	0.00
1463253804.0 45 0.00	999.45	27.99	-24.84	543.63	208.80	-2.33	0.00	308.93	0.00	0.00	0.00
1463253805.0 45 0.00	998.19	27.99	-25.00	540.13	212.48	-2.33	0.00	309.38	0.00	0.00	0.00
1463253806.0 45 0.00	999.45	27.99	-24.84	552.38	218.70	-0.00	0.00	309.10	0.00	0.00	0.00
1463253807.0 44 0.00	999.45	27.99	-24.84	545.38	214.96	-2.33	0.00	309.04	0.00	0.00	0.00
1463253807.0 44 0.00	999.85	28.18	-24.84	540.13	210.02	-2.33	0.00	308.93	0.00	0.00	0.00
1463253808.0 44 0.00	999.45	27.99	-24.84	543.63	212.48	0.68	0.00	309.10	0.00	0.00	0.00
1463253809.0 44 0.00	999.85	28.18	-24.84	534.88	210.02	-0.00	0.00	308.93	0.00	0.00	0.00
1463253810.0 44 0.00	998.19	27.99	-25.00	529.62	211.25	-2.33	0.00	309.32	0.00	0.00	0.00
1463253811.0 44 0.00	999.45	27.99	-24.84	533.13	213.72	-0.00	0.00	308.98	0.00	0.00	0.00
1463253812.0 44 0.00	999.85	28.18	-24.84	522.62	211.25	-0.00	0.00	308.98	0.00	0.00	0.00
1463253813.0 44 0.00	1001.11	28.18	-25.00	522.62	212.48	-0.00	0.00	309.15	0.00	0.00	0.00
1463253814.0 44 0.00	999.45	27.99	-24.84	534.88	218.70	-0.00	0.00	309.15	0.00	0.00	0.00
1463253815.0 44 0.00	999.85	28.18	-24.84	512.12	208.80	-0.00	0.00	308.87	0.00	0.00	0.00
1463253816.0 44 0.00	999.45	27.99	-25.00	520.87	218.70	-0.00	0.00	309.38	0.00	0.00	0.00
1463253817.0 44 0.00	999.45	27.99	-24.84	515.62	213.72	-0.00	0.00	308.98	0.00	0.00	0.00
1463253818.0 44 0.00	999.45	27.99	-25.16	503.36	210.02	-2.33	0.00	309.27	0.00	0.00	0.00
1463253819.0 48 0.00	999.85	28.18	-24.84	492.85	208.80	-0.00	0.00	308.87	0.00	0.00	0.00
1463253820.0 48 0.00	999.45	27.99	-24.84	489.35	211.25	-2.33	0.00	309.04	0.00	0.00	0.00
1463253821.0 48 0.00	999.45	27.99	-24.84	484.10	208.80	-2.33	0.00	308.93	0.00	0.00	0.00
1463253822.0 48 0.00	999.45	27.99	-24.84	482.34	211.25	3.69	0.00	309.27	0.00	0.00	0.00
1463253823.0 48 0.00	999.45	27.99	-24.84	478.84	211.25	-0.00	0.00	308.98	0.00	0.00	0.00
1463253824.0 48 0.00	999.45	27.99	-24.84	477.09	212.48	-2.33	0.00	308.98	0.00	0.00	0.00
1463253825.0 48 0.00	998.59	28.18	-24.84	468.33	212.48	-0.00	0.00	309.21	0.00	0.00	0.00
1463253826.0 48 0.00	999.85	28.18	-24.84	466.58	216.20	-2.33	0.00	308.98	0.00	0.00	0.00
1463253827.0 48 0.00	999.45	27.99	-24.84	445.56	207.58	-0.00	0.00	308.82	0.00	0.00	0.00
1463253828.0 48 0.00	999.45	27.99	-24.84	450.82	218.70	0.68	0.00	309.15	0.00	0.00	0.00
1463253829.0 48 0.00	999.85	28.18	-24.84	436.80	212.48	-2.33	0.00	308.93	0.00	0.00	0.00
1463253830.0 48 0.00	998.19	27.99	-25.00	428.04	211.25	-0.00	0.00	309.27	0.00	0.00	0.00
1463253831.0 48 0.00	999.85	28.18	-24.84	433.30	216.20	-2.33	0.00	309.15	473.68	0.00	0.00
1463253832.0 50 0.00	999.85	28.18	-25.00	422.78	208.80	3.69	0.00	308.87	0.00	0.00	0.00
1463253833.0 50 0.00	999.85	28.18	-24.68	429.79	213.72	-0.00	0.00	308.87	0.00	0.00	0.00
1463253834.0 50 0.00	999.45	27.99	-24.68	428.04	210.02	0.68	0.00	309.04	0.00	0.00	0.00
1463253835.0 50 0.00	1000.25	28.36	-24.84	433.30	212.48	-2.33	0.00	308.98	0.00	0.00	0.00
1463253836.0 50 0.00	999.45	27.99	-24.84	443.81	211.25	-0.00	0.00	308.93	0.00	0.00	0.00
1463253837.0 50 0.00	999.85	28.18	-24.84	443.81	210.02	-0.00	0.00	308.93	0.00	0.00	0.00
1463253838.0 50 0.00	999.85	28.18	-24.84	466.58	214.96	-2.33	0.00	308.98	0.00	0.00	0.00
1463253839.0 50 0.00	999.85	28.18	-24.84	466.58	210.02	-0.00	0.00	308.87	0.00	0.00	0.00
1463253842.0 50 0.00	1000.25	28.36	-24.84	489.35	211.25	-2.33	0.00	308.98	0.00	0.00	0.00
1463253843.0 50 0.00	999.85	28.18	-25.00	496.36	213.72	-0.00	0.00	309.27	0.00	0.00	0.00
1463253844.0 50 0.00	999.85	28.18	-24.68	489.35	211.25	-2.33	0.00	308.93	0.00	0.00	0.00
1463253845.0 50 0.00	999.85	28.18	-24.84	477.09	207.58	-0.00	0.00	308.82	0.00	0.00	0.00
1463253846.0 50 0.00	999.45	27.99	-24.84	477.09	212.48	-2.33	0.00	308.87	0.00	0.00	0.00
1463253847.0 50 0.00	999.45	27.99	-25.00	466.58	208.80	-0.00	0.00	309.27	0.00	0.00	0.00
1463253848.0 50 0.00	999.85	28.18	-24.84	477.09	219.96	-2.33	0.00	309.04	473.68	0.00	0.00
1463253849.0 50 0.00	999.45	27.99	-24.84	450.82	208.80	-0.00	0.00	308.87	0.00	0.00	0.00
1463253850.0 50 0.00	999.85	28.18	-24.84	445.56	214.96	-0.00	0.00	309.32	0.00	0.00	0.00
1463253851.0 50 0.00	999.06	27.80	-24.68	450.82	217.45	-0.00	0.00	309.04	0.00	0.00	0.00
1463253852.0 50 0.00	999.06	27.80	-24.84	433.30	210.02	-0.00	0.00	308.98	0.00	0.00	0.00
1463253853.0 50 0.00	999.85	28.18	-25.00	440.31	217.45	-0.00	0.00	309.32	0.00	0.00	0.00
1463253854.0 50 0.00	999.85	28.18	-24.84	426.29	210.02	-0.00	0.00	308.93	0.00	0.00	0.00
1463253855.0 50 0.00	999.45	27.99	-25.00	426.29	214.96	-0.00	0.00	309.27	0.00	0.00	0.00
1463253856.0 50 0.00	999.45	27.99	-24.84	421.03	210.02	-0.00	0.00	308.98	0.00	0.00	0.00
1463253857.0 50 0.00	999.45	27.99	-24.84	421.03	211.25	-0.00	0.00	308.98	0.00	0.00	0.00
1463253858.0 50 0.00	999.45	27.99	-24.84	417.53	208.80	-0.00	0.00	308.98	0.00	0.00	0.00
1463253859.0 49 0.00	999.45	27.99	-24.84	419.28	210.02	-0.00	0.00	308.93	0.00	0.00	0.00
1463253860.0 49 0.00	999.45	27.99	-24.84	428.04	214.96	-2.33	0.00	309.10	473.68	0.00	0.00
1463253861.0 49 0.00	999.85	28.18	-24.84	424.54	212.48	-0.00	0.00	309.04	0.00	0.00	0.00
1463253862.0 49 0.00	999.45	27.99	-25.00	419.28	211.25	-0.00	0.00	309.32	0.00	0.00	0.00
1463253863.0 49 0.00	998.19	27.99	-24.68	426.29	218.70	-2.33	0.00	308.98	0.00	0.00	0.00
1463253864.0 49 0.00	999.45	27.99	-24.84	426.29	210.02	-2.33	0.00	308.98	0.00	0.00	0.00
1463253865.0 49 0.00	999.45	27.99	-24.84	435.05	218.70	-2.33	0.00	309.21	0.00	0.00	0.00
1463253866.0 49 0.00	999.45	27.99	-24.68	435.05	211.25	-2.33	0.00	308.93	0.00	0.00	0.00
1463253867.0 49 0.00	999.45	27.99	-25.16	443.81	213.72	-2.33	0.00	309.27	0.00	0.00	0.00
1463253868.0 49 0.00	999.45	27.99	-24.84	445.56	211.25	-0.00	0.00	308.98	0.00	0.00	0.00
1463253869.0 49 0.00	999.06	27.80	-24.84	454.32	211.25	-2.33	0.00	308.98	0.00	0.00	0.00
1463253870.0 49 0.00	999.45	27.99	-24.84	452.57	208.80	-0.00	0.00	308.98	0.00	0.00	0.00
1463253870.0 49 0.00	999.45	27.99	-24.84	471.84	221.22	-2.33	0.00	309.04	473.68	0.00	0.00
1463253871.0 52 0.00	999.06	27.80	-25.00	464.83	216.20	4.66	0.00	309.32	0.00	0.00	0.00
1463253872.0 52 0.00	999.45	27.99	-24.84	452.57	210.02	-0.00	0.00	308.93	0.00	0.00	0.00
1463253873.0 52 0.00	999.06	27.80	-25.16	456.07	212.48	-0.00	0.00	309.38	0.00	0.00	0.00
1463253874.0 52 0.00	999.45	27.99	-25.00	459.57	217.45	2.44	0.00	309.10	0.00	0.00	0.00
1463253875.0 52 0.00	999.45	27.99	-25.00	454.32	212.48	-0.00	0.00	309.04	0.00	0.00	0.00
1463253876.0 52 0.00	1000.72	27.99	-24.84	450.82	214.96	-0.00	0.00	309.27	0.00	0.00	0.00
1463253877.0 52 0.00	999.06	27.80	-24.84	454.32	212.48	-0.00	0.00	309.04	0.00	0.00	0.00
1463253878.0 52 0.00	999.85	28.18	-24.84	457.82	213.72	0.68	0.00	308.98	0.00	0.00	0.00
1463253879.0 52 0.00	999.45	27.99	-24.84	454.32	211.25	-0.00	0.00	308.98	0.00	0.00	0.00
1463253880.0 52 0.00	999.45	27.99	-24.84	461.33	212.48	3.69	0.00	308.98	0.00	0.00	0.00
1463253881.0 52 0.00	998.19	27.99	-24.84	457.82	210.02	-0.00	0.00	308.98	0.00	0.00	0.00
1463253882.0 52 0.00	998.19	27.99	-24.84	468.33	218.70	0.68	0.00	309.10	0.00	0.00	0.00
1463253883.0 52 0.00	999.06	27.80	-24.84	459.57	210.02	-2.33	0.00	308.87	0.00	0.00	0.00
1463253884.0 50 0.00	1000.72	27.99	-24.84	459.57	211.25	0.68	0.00	308.98	0.00	0.00	0.00
1463253885.0 50 0.00	998.19	27.99	-25.00	454.32	210.02	-0.00	0.00	309.21	0.00	0.00	0.00
1463253886.0 50 0.00	999.45	27.99	-25.00	452.57	210.02	-0.00	0.00	308.93	0.00	0.00	0.00
1463253887.0 50 0.00	1000.72	27.99	-24.84	457.82	210.02	-0.00	0.00	309.04	0.00	0.00	0.00
1463253888.0 50 0.00	998.19	27.99	-25.00	475.34	216.20	-0.00	0.00	309.32	0.00	0.00	0.00
1463253889.0 50 0.00	999.45	27.99	-24.68	470.08	211.25	-2.33	0.00	308.98	0.00	0.00	0.00
1463253890.0 50 0.00	999.85	28.18	-24.84	480.59	214.96	-0.00	0.00	309.32	0.00	0.00	0.00
1463253891.0 50 0.00	999.45	27.99	-24.84	484.10	212.48	-2.33	0.00	309.04	0.00	0.00	0.00
1463253892.0 50 0.00	999.85	28.18	-24.84	492.85	211.25	-0.00	0.00	308.98	0.00	0.00	0.00
1463253893.0 50 0.00	999.45	27.99	-24.84	494.60	210.02	-0.00	0.00	308.93	0.00	0.00	0.00
1463253894.0 50 0.00	998.59	28.18	-24.84	517.37	219.96	-2.33	0.00	309.10	0.00	0.00	0.00
1463253895.0 50 0.00	998.59	28.18	-24.84	512.12	210.02	-0.00	0.00	309.04	0.00	0.00	0.00
1463253896.0 50 0.00	999.45	27.99	-24.68	540.13	219.96	-0.00	0.00	309.15	473.68	0.00	0.00
1463253897.0 51 0.00	1000.25	28.36	-24.84	533.13	210.02	-2.33	0.00	309.21	0.00	0.00	0.00
1463253898.0 51 0.00	999.45	27.99	-24.84	545.38	212.48	-0.00	0.00	308.93	473.68	0.00	0.00
1463253899.0 51 0.00	999.85	28.18	-24.84	547.13	208.80	-0.00	0.00	308.87	0.00	0.00	0.00
1463253900.0 51 0.00	998.19	27.99	-25.00	573.39	221.22	-2.33	0.00	309.38	473.68	0.00	0.00
1463253901.0 51 0.00	999.85	28.18	-24.84	557.63	211.25	-2.33	0.00	308.98	0.00	0.00	0.00
1463253902.0 51 0.00	999.85	28.18	-25.00	559.38	212.48	-0.00	0.00	309.38	0.00	0.00	0.00
1463253903.0 51 0.00	998.59	28.18	-24.84	557.63	213.72	-2.33	0.00	308.98	0.00	0.00	0.00
1463253904.0 51 0.00	1000.25	28.36	-24.84	550.63	211.25	-0.00	0.00	308.98	0.00	0.00	0.00
1463253905.0 51 0.00	1000.25	28.36	-24.84	548.88	213.72	-0.00	0.00	309.15	0.00	0.00	0.00
1463253906.0 51 0.00	999.85	28.18	-24.84	550.63	214.96	2.44	0.00	308.98	0.00	0.00	0.00
1463253907.0 51 0.00	999.45	27.99	-24.84	538.38	212.48	-0.00	0.00	308.93	0.00	0.00	0.00
1463253908.0 51 0.00	1000.25	28.36	-24.84	550.63	222.49	-0.00	0.00	309.32	0.00	0.00	0.00
1463253909.0 51 0.00	999.85	28.18	-24.84	536.63	217.45	6.70	0.00	309.04	0.00	0.00	0.00
1463253910.0 48 0.00	998.99	28.36	-24.68	510.36	203.95	-0.00	0.00	308.65	0.00	0.00	0.00
1463253911.0 48 0.00	1000.25	28.36	-24.84	520.87	210.02	-2.33	0.00	308.93	0.00	0.00	0.00
1463253912.0 48 0.00	1000.65	28.55	-24.84	513.87	213.72	-0.00	0.00	308.98	0.00	0.00	0.00
1463253913.0 48 0.00	999.85	28.18	-25.00	515.62	211.25	-2.33	0.00	309.10	0.00	0.00	0.00
1463253914.0 48 0.00	1000.25	28.36	-24.84	515.62	210.02	-0.00	0.00	308.93	0.00	0.00	0.00
1463253915.0 48 0.00	1000.25	28.36	-24.84	517.37	210.02	-0.00	0.00	309.04	0.00	0.00	0.00
1463253916.0 48 0.00	1000.25	28.36	-24.84	526.12	213.72	-0.00	0.00	308.98	0.00	0.00	0.00
1463253917.0 48 0.00	1000.25	28.36	-24.84	527.87	213.72	-0.00	0.00	309.15	0.00	0.00	0.00
1463253918.0 48 0.00	1000.25	28.36	-24.84	540.13	217.45	0.68	0.00	309.15	0.00	0.00	0.00
1463253919.0 48 0.00	1000.65	28.55	-24.84	533.13	211.25	-0.00	0.00	308.93	0.00	0.00	0.00
1463253920.0 48 0.00	1000.65	28.55	-24.84	529.62	211.25	-0.00	0.00	309.32	0.00	0.00	0.00
1463253921.0 48 0.00	1000.65	28.55	-24.68	540.13	217.45	-2.33	0.00	309.04	0.00	0.00	0.00
1463253922.0 48 0.00	999.38	28.55	-24.84	527.87	210.02	-0.00	0.00	308.98	0.00	0.00	0.00
1463253923.0 51 0.00	999.38	28.55	-24.84	526.12	208.80	-2.33	0.00	309.04	0.00	0.00	0.00
1463253924.0 51 0.00	1000.25	28.36	-25.00	522.62	210.02	-0.00	0.00	308.93	0.00	0.00	0.00
1463253925.0 51 0.00	999.85	28.18	-24.84	527.87	213.72	-2.33	0.00	308.93	0.00	0.00	0.00
1463253926.0 51 0.00	1000.25	28.36	-25.16	527.87	214.96	-0.00	0.00	309.55	0.00	0.00	0.00
1463253927.0 51 0.00	1001.04	28.74	-24.84	533.13	214.96	-2.33	0.00	308.98	0.00	0.00	0.00
1463253928.0 51 0.00	999.78	28.74	-24.84	531.38	211.25	-2.33	0.00	308.93	0.00	0.00	0.00
1463253929.0 51 0.00	998.99	28.36	-24.84	531.38	210.02	-2.33	0.00	308.98	0.00	0.00	0.00
1463253930.0 51 0.00	1000.25	28.36	-24.68	547.13	214.96	0.68	0.00	308.98	0.00	0.00	0.00
1463253931.0 51 0.00	999.38	28.55	-24.84	536.63	210.02	-0.00	0.00	308.93	0.00	0.00	0.00
1463253932.0 51 0.00	998.99	28.36	-24.84	552.38	218.70	-0.00	0.00	309.27	0.00	0.00	0.00
1463253933.0 51 0.00	998.19	27.99	-24.84	547.13	214.96	0.68	0.00	308.93	0.00	0.00	0.00
1463253934.0 51 0.00	1000.65	28.55	-25.00	543.63	212.48	-0.00	0.00	309.38	473.68	0.00	0.00
1463253934.0 51 0.00	998.59	28.18	-24.84	547.13	217.45	8.08	0.00	309.10	0.00	0.00	0.00
1463253935.0 50 0.00	999.85	28.18	-24.84	536.63	212.48	-0.00	0.00	308.98	0.00	0.00	0.00
1463253936.0 50 0.00	999.38	28.55	-24.68	533.13	211.25	-0.00	0.00	308.93	0.00	0.00	0.00
1463253937.0 50 0.00	999.38	28.55	-24.84	524.37	208.80	-0.00	0.00	309.10	0.00	0.00	0.00
1463253938.0 50 0.00	998.99	28.36	-24.84	526.12	213.72	-0.00	0.00	309.15	0.00	0.00	0.00
1463253939.0 50 0.00	998.59	28.18	-24.84	519.12	210.02	-0.00	0.00	308.98	0.00	0.00	0.00
1463253940.0 50 0.00	1000.25	28.36	-24.84	513.87	211.25	-0.00	0.00	308.98	0.00	0.00	0.00
1463253941.0 50 0.00	1000.25	28.36	-24.84	517.37	213.72	-0.00	0.00	308.98	0.00	0.00	0.00
1463253942.0 50 0.00	998.99	28.36	-24.84	506.86	210.02	-0.00	0.00	308.93	0.00	0.00	0.00
1463253943.0 50 0.00	1000.65	28.55	-25.00	515.62	218.70	-0.00	0.00	309.15	0.00	0.00	0.00
1463253944.0 50 0.00	1000.25	28.36	-24.84	503.36	212.48	-0.00	0.00	308.87	0.00	0.00	0.00
1463253945.0 50 0.00	1000.65	28.55	-25.00	494.60	210.02	-0.00	0.00	309.38	0.00	0.00	0.00
1463253946.0 50 0.00	1000.65	28.55	-25.00	499.86	216.20	0.68	0.00	309.10	0.00	0.00	0.00
1463253947.0 50 0.00	1000.25	28.36	-24.84	487.60	211.25	-0.00	0.00	309.04	0.00	0.00	0.00
1463253948.0 50 0.00	1000.25	28.36	-24.84	485.85	214.96	-0.00	0.00	309.27	0.00	0.00	0.00
1463253949.0 50 0.00	999.85	28.18	-25.00	487.60	212.48	-0.00	0.00	309.15	0.00	0.00	0.00
1463253950.0 50 0.00	1000.25	28.36	-24.84	494.60	218.70	2.44	0.00	308.98	0.00	0.00	0.00
1463253951.0 50 0.00	998.99	28.36	-24.84	489.35	212.48	-0.00	0.00	309.10	0.00	0.00	0.00
1463253952.0 50 0.00	998.99	28.36	-25.00	484.10	210.02	-0.00	0.00	309.04	0.00	0.00	0.00
1463253953.0 50 0.00	998.99	28.36	-24.84	492.85	214.96	-0.00	0.00	308.98	0.00	0.00	0.00
1463253954.0 50 0.00	998.59	28.18	-25.00	482.34	208.80	-0.00	0.00	308.98	0.00	0.00	0.00
