# Name = UIS1
# Version = 1.0
# Location = Universidad Industrial de Santander
# Sensors = Presion, Temperatura, Humedad, Irradiancia, Iluminancia, Ruido, LLuvia, CO2, NO2, Latitud, Longitud, Nubosidad
# Power = Red
# GPS = si
# Time Zone = UTC-5
# Data = UTCtime GPStime Presion Temperatura Humedad Irradiancia Iluminancia  Ruido Lluvia CO2 NO2 Latitud Longitud Nubosidad 
1463590208.0 73 170804.87	1003.02	26.12	-24.84	347.42	214.96	-0.00	0.00	308.98	0.00	708.36	7307.26
1463590209.0 73 170804.87	1002.62	25.93	-24.84	345.67	214.96	-2.33	0.00	309.27	0.00	708.36	7307.26
1463590210.0 73 170804.87	1003.02	26.12	-24.84	340.41	208.80	-0.00	0.00	308.82	0.00	708.36	7307.26
1463590211.0 73 170804.87	1001.76	26.12	-24.84	345.67	213.72	-0.00	0.00	308.93	0.00	708.36	7307.26
1463590212.0 73 170804.87	1001.76	26.12	-25.00	338.66	212.48	-0.00	0.00	309.15	0.00	708.36	7307.26
1463590213.0 73 170804.87	1002.62	25.93	-24.84	347.42	212.48	-2.33	0.00	308.98	0.00	708.36	7307.26
1463590213.0 73 170804.87	1001.76	26.12	-24.84	336.91	206.36	-0.00	0.00	308.87	0.00	708.36	7307.26
1463590214.0 73 170804.87	1003.02	26.12	-24.84	345.67	213.72	0.68	0.00	308.87	0.00	708.36	7307.26
1463590215.0 73 170804.87	1001.36	25.93	-24.84	343.92	211.25	-0.00	0.00	309.04	0.00	708.36	7307.26
1463590216.0 73 170804.87	1003.02	26.12	-24.84	354.44	218.70	-0.00	0.00	309.10	0.00	708.36	7307.26
1463590217.0 73 170804.87	1001.76	26.12	-24.84	347.42	212.48	-0.00	0.00	308.93	0.00	708.36	7307.26
1463590218.0 73 170804.87	1003.02	26.12	-25.00	354.44	219.96	0.68	0.00	309.21	0.00	708.36	7307.26
1463590219.0 73 170804.87	1003.02	26.12	-24.84	347.42	212.48	-0.00	0.00	309.04	0.00	708.36	7307.26
1463590220.0 73 170804.87	1001.36	25.93	-25.00	359.70	226.32	-0.00	0.00	309.66	0.00	708.36	7307.26
1463590221.0 73 170804.87	1003.02	26.12	-24.84	345.67	211.25	-0.00	0.00	308.82	0.00	708.36	7307.26
1463590222.0 73 170804.87	1002.16	26.31	-24.84	343.92	208.80	-0.00	0.00	308.87	0.00	708.36	7307.26
1463590223.0 73 170804.87	1001.36	25.93	-24.84	343.92	216.20	-0.00	0.00	309.15	0.00	708.36	7307.26
1463590224.0 73 170804.87	1003.02	26.12	-24.84	338.66	202.74	-0.00	0.00	308.59	0.00	708.36	7307.26
1463590225.0 73 170804.87	1000.51	26.12	-25.00	350.93	212.48	-0.00	0.00	309.43	0.00	708.36	7307.26
1463590226.0 73 170804.87	1003.02	26.12	-24.84	356.19	216.20	-2.33	0.00	308.98	0.00	708.36	7307.26
1463590227.0 73 170804.87	1001.76	26.12	-25.00	349.18	211.25	-0.00	0.00	309.38	0.00	708.36	7307.26
1463590228.0 73 170804.87	1001.76	26.12	-24.84	354.44	219.96	-2.33	0.00	309.27	0.00	708.36	7307.26
1463590229.0 73 170804.87	1002.16	26.31	-24.84	352.68	214.96	-2.33	0.00	309.15	0.00	708.36	7307.26
1463590230.0 73 170804.87	1001.76	26.12	-24.84	359.70	219.96	-2.33	0.00	309.27	0.00	708.36	7307.26
1463590231.0 73 170804.87	1003.02	26.12	-24.84	349.18	211.25	-0.00	0.00	308.93	0.00	708.36	7307.26
1463590232.0 73 170804.87	1003.02	26.12	-25.00	359.70	219.96	-0.00	0.00	309.43	0.00	708.36	7307.26
1463590233.0 73 170804.87	1001.76	26.12	-25.00	352.68	213.72	-0.00	0.00	309.04	0.00	708.36	7307.26
1463590234.0 74 170804.87	1003.42	26.31	-24.84	352.68	211.25	-0.00	0.00	309.04	0.00	708.36	7307.26
1463590235.0 74 170804.87	1001.76	26.12	-24.84	356.19	214.96	-2.33	0.00	309.21	0.00	708.36	7307.26
1463590236.0 74 170804.87	1003.02	26.12	-24.68	347.42	208.80	-2.33	0.00	308.76	0.00	708.36	7307.26
1463590237.0 74 170804.87	1001.76	26.12	-25.00	363.20	219.96	-0.00	0.00	309.49	0.00	708.36	7307.26
1463590238.0 74 170804.87	1002.16	26.31	-24.84	356.19	213.72	-0.00	0.00	309.10	0.00	708.36	7307.26
1463590239.0 74 170804.87	1002.16	26.31	-25.00	356.19	218.70	-0.00	0.00	309.32	0.00	708.36	7307.26
1463590240.0 74 170804.87	1001.76	26.12	-24.84	359.70	217.45	-0.00	0.00	309.27	0.00	708.36	7307.26
1463590241.0 74 170804.87	1003.02	26.12	-25.00	356.19	212.48	-0.00	0.00	309.38	0.00	708.36	7307.26
1463590242.0 74 170804.87	1001.36	25.93	-24.84	357.94	216.20	-0.00	0.00	309.10	0.00	708.36	7307.26
1463590243.0 74 170804.87	1002.62	25.93	-25.00	359.70	216.20	-0.00	0.00	309.55	0.00	708.36	7307.26
1463590244.0 74 170804.87	1002.62	25.93	-24.84	357.94	214.96	-0.00	0.00	309.10	0.00	708.36	7307.26
1463590245.0 74 170804.87	1003.02	26.12	-24.84	361.45	217.45	-0.00	0.00	309.04	0.00	708.36	7307.26
1463590246.0 73 170804.87	1001.76	26.12	-24.84	359.70	214.96	-0.00	0.00	309.15	473.68	708.36	7307.26
1463590247.0 73 170804.87	1003.02	26.12	-24.84	361.45	214.96	-0.00	0.00	309.15	0.00	708.36	7307.26
1463590248.0 73 170804.87	1001.36	25.93	-24.84	356.19	217.45	-0.00	0.00	309.32	0.00	708.36	7307.26
1463590249.0 73 170804.87	1003.02	26.12	-24.84	364.95	217.45	-2.33	0.00	309.10	0.00	708.36	7307.26
1463590250.0 73 170804.87	1002.16	26.31	-24.84	363.20	216.20	-0.00	0.00	309.60	0.00	708.36	7307.26
1463590251.0 73 170804.87	1001.76	26.12	-24.84	368.46	216.20	-2.33	0.00	309.04	0.00	708.36	7307.26
1463590252.0 73 170804.87	1003.02	26.12	-25.00	359.70	213.72	-0.00	0.00	309.49	0.00	708.36	7307.26
1463590253.0 73 170804.87	1002.62	25.93	-24.68	368.46	219.96	-2.33	0.00	309.15	0.00	708.36	7307.26
1463590254.0 73 170804.87	1003.02	26.12	-24.84	361.45	214.96	-0.00	0.00	309.10	0.00	708.36	7307.26
1463590255.0 73 170804.87	1001.36	25.93	-25.00	370.21	218.70	-2.33	0.00	309.21	0.00	708.36	7307.26
1463590256.0 73 170804.87	1001.36	25.93	-24.84	364.95	216.20	-0.00	0.00	309.15	0.00	708.36	7307.26
1463590257.0 73 170804.87	1003.02	26.12	-25.00	371.96	221.22	-0.00	0.00	309.43	0.00	708.36	7307.26
1463590258.0 73 170804.87	1001.76	26.12	-24.84	364.95	214.96	-0.00	0.00	309.10	0.00	708.36	7307.26
1463590259.0 73 170804.87	1002.62	25.93	-24.84	363.20	212.48	-0.00	0.00	308.98	0.00	708.36	7307.26
1463590260.0 73 170804.87	1001.76	26.12	-25.00	363.20	211.25	-0.00	0.00	309.10	0.00	708.36	7307.26
1463590261.0 73 170804.87	1002.16	26.31	-24.68	364.95	213.72	-2.33	0.00	308.93	0.00	708.36	7307.26
1463590262.0 73 170804.87	1001.76	26.12	-25.00	366.71	213.72	-0.00	0.00	309.38	0.00	708.36	7307.26
1463590263.0 73 170804.87	1001.76	26.12	-24.84	368.46	213.72	-0.00	0.00	309.21	0.00	708.36	7307.26
1463590264.0 73 170804.87	1001.76	26.12	-24.84	366.71	213.72	-0.00	0.00	309.38	0.00	708.36	7307.26
1463590265.0 73 170804.87	1002.16	26.31	-24.84	375.47	219.96	-2.33	0.00	309.27	0.00	708.36	7307.26
1463590266.0 73 170804.87	1003.02	26.12	-25.00	370.21	213.72	-0.00	0.00	309.21	0.00	708.36	7307.26
1463590267.0 73 170804.87	1001.76	26.12	-24.84	368.46	216.20	-0.00	0.00	309.15	0.00	708.36	7307.26
1463590268.0 73 170804.87	1003.42	26.31	-24.84	370.21	213.72	-0.00	0.00	309.10	0.00	708.36	7307.26
1463590268.0 73 170804.87	1002.16	26.31	-25.00	370.21	213.72	-0.00	0.00	309.15	0.00	708.36	7307.26
1463590269.0 73 170804.87	1003.02	26.12	-24.84	373.72	212.48	-2.33	0.00	309.15	0.00	708.36	7307.26
1463590270.0 73 170804.87	1001.76	26.12	-24.84	371.96	213.72	-0.00	0.00	309.21	0.00	708.36	7307.26
1463590271.0 74 170804.87	1001.76	26.12	-24.84	384.23	223.76	0.68	0.00	309.21	0.00	708.36	7307.26
1463590272.0 74 170804.87	1002.16	26.31	-24.84	375.47	212.48	-0.00	0.00	308.98	0.00	708.36	7307.26
1463590273.0 74 170804.87	1003.42	26.31	-24.84	377.22	216.20	-2.33	0.00	309.21	0.00	708.36	7307.26
1463590274.0 74 170804.87	1002.16	26.31	-24.84	378.98	213.72	-2.33	0.00	309.10	0.00	708.36	7307.26
1463590275.0 74 170804.87	1000.91	26.31	-25.00	373.72	211.25	-0.00	0.00	309.10	0.00	708.36	7307.26
1463590276.0 74 170804.87	1001.76	26.12	-24.84	382.48	217.45	-0.00	0.00	309.32	0.00	708.36	7307.26
1463590277.0 74 170804.87	1002.16	26.31	-24.84	377.22	211.25	-0.00	0.00	309.04	0.00	708.36	7307.26
1463590278.0 74 170804.87	1003.42	26.31	-24.84	387.74	218.70	-2.33	0.00	309.15	0.00	708.36	7307.26
1463590279.0 74 170804.87	1002.16	26.31	-25.00	377.22	212.48	-0.00	0.00	309.21	0.00	708.36	7307.26
1463590280.0 74 170804.87	1002.16	26.31	-24.84	387.74	221.22	-0.00	0.00	309.21	0.00	708.36	7307.26
1463590281.0 74 170804.87	1000.91	26.31	-24.84	378.98	212.48	-0.00	0.00	308.98	0.00	708.36	7307.26
1463590282.0 74 170804.87	1003.02	26.12	-24.68	391.24	221.22	-2.33	0.00	309.38	0.00	708.36	7307.26
1463590283.0 74 170804.87	1002.16	26.31	-25.00	387.74	219.96	-2.33	0.00	309.21	0.00	708.36	7307.26
1463590284.0 74 170804.87	1002.16	26.31	-24.84	380.73	212.48	-0.00	0.00	309.10	0.00	708.36	7307.26
1463590285.0 74 170804.87	1002.16	26.31	-24.84	385.99	212.48	-0.00	0.00	309.04	0.00	708.36	7307.26
1463590286.0 74 170804.87	1002.16	26.31	-24.84	384.23	211.25	-0.00	0.00	308.98	473.68	708.36	7307.26
1463590287.0 74 170804.87	1003.42	26.31	-25.00	391.24	221.22	-0.00	0.00	309.43	0.00	708.36	7307.26
1463590288.0 74 170804.87	1003.42	26.31	-24.84	389.49	216.20	-2.33	0.00	308.98	0.00	708.36	7307.26
1463590289.0 74 170804.87	1003.82	26.50	-25.00	384.23	213.72	-0.00	0.00	309.43	0.00	708.36	7307.26
1463590290.0 74 170804.87	1002.16	26.31	-24.68	396.50	217.45	-0.00	0.00	309.04	0.00	708.36	7307.26
1463590291.0 74 170804.87	1002.16	26.31	-25.00	384.23	212.48	-0.00	0.00	309.43	0.00	708.36	7307.26
1463590292.0 74 170804.87	1001.31	26.50	-25.00	394.75	221.22	0.68	0.00	309.27	0.00	708.36	7307.26
1463590293.0 74 170804.87	1002.56	26.50	-25.00	391.24	217.45	-0.00	0.00	309.10	0.00	708.36	7307.26
1463590294.0 74 170804.87	1000.91	26.31	-24.68	394.75	219.96	-0.00	0.00	309.27	0.00	708.36	7307.26
1463590295.0 76 170804.87	1000.91	26.31	-24.84	387.74	212.48	0.68	0.00	309.04	0.00	708.36	7307.26
1463590296.0 76 170804.87	1002.96	26.68	-24.84	389.49	216.20	-0.00	0.00	309.32	0.00	708.36	7307.26
1463590297.0 76 170804.87	1002.16	26.31	-24.84	387.74	216.20	-0.00	0.00	309.21	0.00	708.36	7307.26
1463590298.0 76 170804.87	1002.16	26.31	-25.00	393.00	219.96	-2.33	0.00	309.32	0.00	708.36	7307.26
1463590299.0 76 170804.87	1003.82	26.50	-24.84	394.75	219.96	-0.00	0.00	309.38	0.00	708.36	7307.26
1463590300.0 76 170804.87	1000.91	26.31	-24.84	387.74	212.48	-0.00	0.00	309.15	0.00	708.36	7307.26
1463590301.0 76 170804.87	1002.16	26.31	-24.84	394.75	221.22	-0.00	0.00	309.32	0.00	708.36	7307.26
1463590302.0 76 170804.87	1001.31	26.50	-24.84	393.00	217.45	-0.00	0.00	309.27	0.00	708.36	7307.26
1463590303.0 76 170804.87	1004.22	26.68	-24.84	393.00	216.20	-0.00	0.00	309.55	0.00	708.36	7307.26
1463590304.0 76 170804.87	1000.91	26.31	-24.84	398.25	217.45	-2.33	0.00	309.32	0.00	708.36	7307.26
1463590305.0 76 170804.87	1003.82	26.50	-25.00	394.75	217.45	-0.00	0.00	309.66	0.00	708.36	7307.26
1463590306.0 76 170804.87	1002.56	26.50	-24.84	400.01	218.70	-2.33	0.00	309.32	0.00	708.36	7307.26
1463590307.0 76 170804.87	1002.56	26.50	-24.84	398.25	216.20	-0.00	0.00	309.27	0.00	708.36	7307.26
1463590308.0 77 170804.87	1003.82	26.50	-25.00	396.50	213.72	-0.00	0.00	309.15	0.00	708.36	7307.26
1463590309.0 77 170804.87	1002.16	26.31	-24.84	407.01	225.04	0.68	0.00	309.38	0.00	708.36	7307.26
1463590310.0 77 170804.87	1003.42	26.31	-24.68	393.00	210.02	-0.00	0.00	308.93	0.00	708.36	7307.26
1463590311.0 77 170804.87	1002.16	26.31	-24.84	408.77	221.22	0.68	0.00	309.38	0.00	708.36	7307.26
1463590312.0 77 170804.87	1002.56	26.50	-24.84	405.26	216.20	-0.00	0.00	309.27	0.00	708.36	7307.26
1463590313.0 77 170804.87	1002.56	26.50	-24.84	407.01	217.45	-0.00	0.00	309.38	0.00	708.36	7307.26
1463590314.0 77 170804.87	1003.42	26.31	-24.84	410.52	217.45	-2.33	0.00	309.27	0.00	708.36	7307.26
1463590315.0 77 170804.87	1002.56	26.50	-24.84	407.01	217.45	-0.00	0.00	309.32	0.00	708.36	7307.26
1463590316.0 77 170804.87	1002.56	26.50	-25.00	410.52	221.22	-0.00	0.00	309.27	0.00	708.36	7307.26
1463590317.0 77 170804.87	1002.56	26.50	-24.84	401.76	214.96	-0.00	0.00	309.27	0.00	708.36	7307.26
1463590318.0 77 170804.87	1002.16	26.31	-24.84	410.52	221.22	-2.33	0.00	309.27	0.00	708.36	7307.26
1463590319.0 77 170804.87	1001.76	26.12	-25.00	400.01	214.96	-0.00	0.00	309.21	0.00	708.36	7307.26
1463590320.0 77 170804.87	1002.56	26.50	-25.00	398.25	214.96	-0.00	0.00	309.60	0.00	708.36	7307.26
1463590321.0 77 170804.87	1003.82	26.50	-24.68	408.77	219.96	-0.00	0.00	309.15	0.00	708.36	7307.26
1463590322.0 77 170804.87	1002.56	26.50	-24.84	401.76	218.70	-0.00	0.00	309.32	0.00	708.36	7307.26
1463590323.0 77 170804.87	1001.31	26.50	-24.84	408.77	221.22	2.44	0.00	309.21	0.00	708.36	7307.26
1463590324.0 77 170804.87	1003.42	26.31	-25.00	398.25	214.96	-2.33	0.00	309.21	0.00	708.36	7307.26
1463590324.0 77 170804.87	1004.22	26.68	-25.00	410.52	225.04	-0.00	0.00	309.43	0.00	708.36	7307.26
1463590325.0 77 170804.87	1001.31	26.50	-24.84	398.25	216.20	-0.00	0.00	309.38	0.00	708.36	7307.26
1463590326.0 77 170804.87	1003.42	26.31	-24.84	408.77	226.32	-2.33	0.00	309.43	0.00	708.36	7307.26
1463590327.0 77 170804.87	1002.56	26.50	-24.84	398.25	216.20	-0.00	0.00	309.15	0.00	708.36	7307.26
1463590328.0 77 170804.87	1003.82	26.50	-25.00	400.01	225.04	-0.00	0.00	309.66	0.00	708.36	7307.26
1463590329.0 77 170804.87	1002.56	26.50	-25.00	396.50	219.96	-0.00	0.00	309.38	0.00	708.36	7307.26
1463590330.0 77 170804.87	1003.82	26.50	-25.00	393.00	216.20	-0.00	0.00	309.72	0.00	708.36	7307.26
1463590331.0 77 170804.87	1001.31	26.50	-25.00	396.50	222.49	-2.33	0.00	309.49	0.00	708.36	7307.26
1463590332.0 77 170804.87	1002.56	26.50	-24.84	387.74	216.20	-0.00	0.00	309.21	0.00	708.36	7307.26
1463590333.0 77 170804.87	1002.56	26.50	-24.84	387.74	216.20	-0.00	0.00	309.10	0.00	708.36	7307.26
1463590334.0 77 170804.87	1001.31	26.50	-24.68	385.99	216.20	-2.33	0.00	309.15	0.00	708.36	7307.26
1463590335.0 77 170804.87	1002.96	26.68	-25.00	382.48	212.48	-0.00	0.00	309.43	0.00	708.36	7307.26
1463590336.0 77 170804.87	1003.82	26.50	-24.84	389.49	221.22	-0.00	0.00	309.10	0.00	708.36	7307.26
1463590337.0 77 170804.87	1001.31	26.50	-24.84	378.98	213.72	-0.00	0.00	309.04	0.00	708.36	7307.26
1463590338.0 77 170804.87	1002.96	26.68	-25.00	385.99	219.96	3.69	0.00	309.21	0.00	708.36	7307.26
1463590339.0 77 170804.87	1002.96	26.68	-24.68	378.98	212.48	-0.00	0.00	309.10	0.00	708.36	7307.26
1463590340.0 77 170804.87	1001.31	26.50	-25.00	387.74	219.96	-2.33	0.00	309.49	0.00	708.36	7307.26
1463590341.0 77 170804.87	1001.31	26.50	-25.00	377.22	212.48	-0.00	0.00	309.04	0.00	708.36	7307.26
1463590342.0 77 170804.87	1001.31	26.50	-24.84	380.73	221.22	-0.00	0.00	309.32	0.00	708.36	7307.26
1463590343.0 77 170804.87	1000.45	26.68	-25.00	375.47	212.48	-0.00	0.00	309.15	0.00	708.36	7307.26
1463590344.0 77 170804.87	1002.96	26.68	-24.84	377.22	212.48	-2.33	0.00	309.04	0.00	708.36	7307.26
1463590345.0 77 170804.87	1001.71	26.68	-25.00	375.47	212.48	-0.00	0.00	309.04	0.00	708.36	7307.26
1463590346.0 77 170804.87	1001.31	26.50	-24.84	382.48	217.45	-0.00	0.00	309.21	0.00	708.36	7307.26
1463590347.0 77 170804.87	1001.71	26.68	-24.84	375.47	213.72	-0.00	0.00	309.38	0.00	708.36	7307.26
1463590348.0 77 170804.87	1001.71	26.68	-24.84	380.73	217.45	-2.33	0.00	309.21	0.00	708.36	7307.26
1463590349.0 77 170804.87	1001.71	26.68	-25.16	378.98	213.72	-0.00	0.00	309.38	0.00	708.36	7307.26
1463590350.0 77 170804.87	1001.71	26.68	-24.84	377.22	216.20	-0.00	0.00	309.15	0.00	708.36	7307.26
1463590351.0 77 170804.87	1001.71	26.68	-24.84	377.22	214.96	-2.33	0.00	309.21	0.00	708.36	7307.26
1463590352.0 77 170804.87	1002.10	26.87	-24.84	375.47	213.72	-2.33	0.00	309.21	0.00	708.36	7307.26
1463590353.0 77 170804.87	1001.31	26.50	-25.00	377.22	213.72	0.68	0.00	309.10	0.00	708.36	7307.26
1463590354.0 77 170804.87	1001.71	26.68	-25.00	380.73	217.45	-0.00	0.00	309.38	0.00	708.36	7307.26
1463590355.0 77 170804.87	1002.10	26.87	-24.84	375.47	212.48	-0.00	0.00	309.38	0.00	708.36	7307.26
1463590356.0 77 170804.87	1000.45	26.68	-24.68	385.99	217.45	-0.00	0.00	309.04	0.00	708.36	7307.26
1463590357.0 77 170804.87	1001.71	26.68	-25.16	375.47	212.48	-0.00	0.00	309.21	0.00	708.36	7307.26
1463590358.0 77 170804.87	1001.71	26.68	-24.84	389.49	219.96	-2.33	0.00	309.21	0.00	708.36	7307.26
1463590359.0 77 170804.87	1001.71	26.68	-24.84	375.47	211.25	-0.00	0.00	308.98	0.00	708.36	7307.26
1463590360.0 77 170804.87	1002.96	26.68	-24.84	384.23	219.96	-0.00	0.00	309.21	0.00	708.36	7307.26
1463590361.0 77 170804.87	1002.96	26.68	-24.84	375.47	211.25	-2.33	0.00	309.21	0.00	708.36	7307.26
1463590362.0 77 170804.87	1002.96	26.68	-25.00	385.99	221.22	-0.00	0.00	309.38	0.00	708.36	7307.26
1463590363.0 77 170804.87	1001.71	26.68	-24.68	380.73	213.72	-0.00	0.00	308.93	0.00	708.36	7307.26
1463590364.0 77 170804.87	1000.45	26.68	-24.84	371.96	208.80	-0.00	0.00	309.27	0.00	708.36	7307.26
1463590365.0 77 170804.87	1001.71	26.68	-24.68	378.98	211.25	-2.33	0.00	308.76	0.00	708.36	7307.26
1463590366.0 77 170804.87	1002.96	26.68	-24.84	370.21	208.80	-0.00	0.00	309.21	0.00	708.36	7307.26
1463590367.0 77 170804.87	1001.71	26.68	-24.84	370.21	207.58	-0.00	0.00	308.76	0.00	708.36	7307.26
1463590368.0 77 170804.87	1001.71	26.68	-24.68	375.47	212.48	-0.00	0.00	308.98	0.00	708.36	7307.26
1463590369.0 77 170804.87	1002.96	26.68	-24.84	370.21	208.80	-0.00	0.00	308.98	0.00	708.36	7307.26
1463590370.0 77 170804.87	1001.71	26.68	-25.00	382.48	217.45	3.69	0.00	309.21	0.00	708.36	7307.26
1463590371.0 77 170804.87	1001.71	26.68	-24.84	373.72	211.25	-0.00	0.00	308.93	0.00	708.36	7307.26
1463590372.0 77 170804.87	1001.31	26.50	-24.84	380.73	216.20	-0.00	0.00	309.04	473.68	708.36	7307.26
1463590373.0 77 170804.87	1002.56	26.50	-25.00	380.73	217.45	-2.33	0.00	309.32	0.00	708.36	7307.26
1463590374.0 77 170804.87	1001.31	26.50	-24.84	378.98	216.20	-0.00	0.00	309.10	0.00	708.36	7307.26
1463590375.0 77 170804.87	1001.71	26.68	-24.68	373.72	210.02	-0.00	0.00	308.87	0.00	708.36	7307.26
1463590376.0 77 170804.87	1000.45	26.68	-24.84	375.47	212.48	-0.00	0.00	309.27	0.00	708.36	7307.26
1463590377.0 77 170804.87	1001.71	26.68	-24.84	377.22	211.25	-2.33	0.00	308.93	0.00	708.36	7307.26
1463590378.0 77 170804.87	1001.71	26.68	-25.16	377.22	212.48	-0.00	0.00	309.27	0.00	708.36	7307.26
1463590379.0 77 170804.87	1002.96	26.68	-24.68	375.47	213.72	-0.00	0.00	309.10	0.00	708.36	7307.26
1463590379.0 77 170804.87	1001.71	26.68	-24.84	373.72	210.02	-0.00	0.00	308.98	0.00	708.36	7307.26
1463590380.0 77 170804.87	1001.71	26.68	-24.84	375.47	217.45	-0.00	0.00	309.15	0.00	708.36	7307.26
1463590381.0 77 170804.87	1002.56	26.50	-24.84	382.48	214.96	-2.33	0.00	308.93	0.00	708.36	7307.26
1463590382.0 77 170804.87	1002.96	26.68	-24.84	380.73	213.72	-0.00	0.00	309.43	0.00	708.36	7307.26
1463590383.0 77 170804.87	1001.71	26.68	-24.84	380.73	214.96	0.68	0.00	308.98	0.00	708.36	7307.26
1463590384.0 77 170804.87	1002.96	26.68	-24.68	373.72	208.80	-0.00	0.00	308.87	0.00	708.36	7307.26
1463590385.0 77 170804.87	1002.56	26.50	-24.68	380.73	213.72	-0.00	0.00	309.04	473.68	708.36	7307.26
1463590386.0 77 170804.87	1000.05	26.50	-24.84	378.98	212.48	-0.00	0.00	309.04	0.00	708.36	7307.26
1463590387.0 77 170804.87	1002.56	26.50	-24.84	384.23	221.22	-0.00	0.00	309.32	0.00	708.36	7307.26
1463590388.0 77 170804.87	1001.71	26.68	-24.68	377.22	212.48	-0.00	0.00	308.98	0.00	708.36	7307.26
1463590389.0 77 170804.87	1002.96	26.68	-24.84	377.22	211.25	-2.33	0.00	309.27	0.00	708.36	7307.26
1463590390.0 77 170804.87	1001.31	26.50	-24.84	378.98	213.72	-0.00	0.00	308.98	0.00	708.36	7307.26
1463590391.0 77 170804.87	1002.96	26.68	-24.68	380.73	212.48	-0.00	0.00	308.93	0.00	708.36	7307.26
1463590392.0 77 170804.87	1002.16	26.31	-24.84	378.98	210.02	-0.00	0.00	309.04	0.00	708.36	7307.26
1463590393.0 77 170804.87	1001.31	26.50	-24.84	385.99	216.20	0.68	0.00	309.10	0.00	708.36	7307.26
1463590394.0 77 170804.87	1002.16	26.31	-24.84	378.98	212.48	-0.00	0.00	309.10	0.00	708.36	7307.26
1463590395.0 77 170804.87	1003.42	26.31	-24.68	373.72	207.58	-0.00	0.00	308.87	0.00	708.36	7307.26
1463590396.0 77 170804.87	1002.16	26.31	-24.84	375.47	208.80	-0.00	0.00	308.93	0.00	708.36	7307.26
1463590397.0 77 170804.87	1001.76	26.12	-25.00	382.48	213.72	-0.00	0.00	309.15	0.00	708.36	7307.26
1463590398.0 77 170804.87	1001.76	26.12	-24.84	380.73	212.48	-0.00	0.00	309.04	0.00	708.36	7307.26
1463590399.0 77 170804.87	1002.16	26.31	-24.84	378.98	211.25	-0.00	0.00	309.04	0.00	708.36	7307.26
1463590400.0 77 170804.87	1001.76	26.12	-24.84	384.23	217.45	-0.00	0.00	309.04	0.00	708.36	7307.26
1463590401.0 77 170804.87	1002.16	26.31	-24.84	382.48	213.72	-0.00	0.00	309.10	0.00	708.36	7307.26
1463590402.0 77 170804.87	1003.42	26.31	-24.84	393.00	217.45	0.68	0.00	309.10	0.00	708.36	7307.26
1463590403.0 78 170804.87	1001.76	26.12	-24.68	384.23	214.96	0.68	0.00	308.82	0.00	708.36	7307.26
1463590404.0 78 170804.87	1001.36	25.93	-25.16	377.22	207.58	-2.33	0.00	309.10	0.00	708.36	7307.26
1463590405.0 78 170804.87	1001.36	25.93	-24.68	375.47	207.58	-0.00	0.00	308.82	0.00	708.36	7307.26
1463590406.0 78 170804.87	1002.62	25.93	-24.84	382.48	212.48	-0.00	0.00	309.10	0.00	708.36	7307.26
1463590407.0 78 170804.87	1002.22	25.75	-24.84	393.00	221.22	-0.00	0.00	309.27	0.00	708.36	7307.26
1463590408.0 78 170804.87	1002.62	25.93	-24.84	385.99	212.48	-0.00	0.00	308.98	0.00	708.36	7307.26
1463590409.0 78 170804.87	1002.22	25.75	-25.00	387.74	219.96	-0.00	0.00	309.49	0.00	708.36	7307.26
1463590410.0 78 170804.87	1002.62	25.93	-25.00	389.49	217.45	-2.33	0.00	309.21	0.00	708.36	7307.26
1463590411.0 78 170804.87	1002.22	25.75	-25.00	387.74	216.20	-0.00	0.00	309.60	0.00	708.36	7307.26
1463590412.0 78 170804.87	1001.42	25.37	-24.84	393.00	218.70	-0.00	0.00	309.04	0.00	708.36	7307.26
1463590413.0 78 170804.87	1001.42	25.37	-25.16	384.23	213.72	-0.00	0.00	309.38	0.00	708.36	7307.26
1463590414.0 78 170804.87	1001.82	25.56	-24.84	391.24	219.96	4.66	0.00	309.27	0.00	708.36	7307.26
1463590418.0 77 170804.87	1001.42	25.37	-24.84	384.23	219.96	0.68	0.00	309.21	0.00	708.36	7307.26
1463590419.0 77 170804.87	1001.42	25.37	-25.00	382.48	213.72	-0.00	0.00	309.43	0.00	708.36	7307.26
1463590420.0 77 170804.87	1001.02	25.19	-24.84	385.99	216.20	0.68	0.00	309.15	0.00	708.36	7307.26
1463590421.0 77 170804.87	1001.42	25.37	-24.68	382.48	214.96	-0.00	0.00	309.38	473.68	708.36	7307.26
1463590422.0 77 170804.87	1001.02	25.19	-25.00	382.48	213.72	-0.00	0.00	309.15	0.00	708.36	7307.26
1463590423.0 77 170804.87	1002.27	25.19	-24.84	382.48	213.72	-0.00	0.00	309.10	0.00	708.36	7307.26
1463590424.0 77 170804.87	999.77	25.19	-24.84	384.23	213.72	-0.00	0.00	309.15	0.00	708.36	7307.26
1463590425.0 77 170804.87	1002.67	25.37	-24.84	384.23	214.96	-0.00	0.00	309.10	0.00	708.36	7307.26
1463590426.0 77 170804.87	1001.02	25.19	-24.84	385.99	217.45	-2.33	0.00	309.27	0.00	708.36	7307.26
1463590427.0 78 170804.87	1000.62	25.00	-24.84	389.49	219.96	0.68	0.00	309.21	0.00	708.36	7307.26
1463590428.0 78 170804.87	1002.27	25.19	-24.84	382.48	212.48	-2.33	0.00	308.82	0.00	708.36	7307.26
1463590429.0 78 170804.87	1003.13	25.00	-24.84	384.23	212.48	-0.00	0.00	309.04	0.00	708.36	7307.26
1463590430.0 78 170804.87	1001.87	25.00	-25.00	384.23	213.72	-2.33	0.00	309.15	0.00	708.36	7307.26
1463590431.0 78 170804.87	1001.47	24.81	-24.84	380.73	213.72	-2.33	0.00	309.10	0.00	708.36	7307.26
1463590432.0 78 170804.87	1002.32	24.63	-24.84	387.74	217.45	-2.33	0.00	309.15	0.00	708.36	7307.26
1463590433.0 78 170804.87	1002.72	24.81	-24.84	384.23	214.96	-0.00	0.00	309.21	0.00	708.36	7307.26
1463590434.0 78 170804.87	1001.47	24.81	-24.84	394.75	221.22	-0.00	0.00	309.21	0.00	708.36	7307.26
1463590435.0 78 170804.87	1002.32	24.63	-24.84	384.23	214.96	-0.00	0.00	309.21	0.00	708.36	7307.26
1463590436.0 78 170804.87	1001.07	24.63	-24.84	393.00	219.96	-0.00	0.00	309.27	0.00	708.36	7307.26
1463590437.0 78 170804.87	1002.72	24.81	-25.00	384.23	213.72	-0.00	0.00	309.15	0.00	708.36	7307.26
1463590438.0 78 170804.87	1002.32	24.63	-25.00	398.25	225.04	-0.00	0.00	309.49	473.68	708.36	7307.26
1463590439.0 75 170804.87	1001.07	24.63	-25.00	393.00	218.70	-2.33	0.00	309.43	0.00	708.36	7307.26
1463590440.0 75 170804.87	1002.72	24.81	-24.84	389.49	216.20	-0.00	0.00	309.21	0.00	708.36	7307.26
1463590441.0 75 170804.87	1001.07	24.63	-24.84	385.99	213.72	-2.33	0.00	309.04	0.00	708.36	7307.26
1463590442.0 75 170804.87	1000.67	24.44	-25.00	389.49	217.45	-0.00	0.00	309.10	0.00	708.36	7307.26
1463590443.0 75 170804.87	1001.47	24.81	-24.84	385.99	214.96	-0.00	0.00	309.43	0.00	708.36	7307.26
1463590444.0 75 170804.87	1002.72	24.81	-24.68	393.00	221.22	-2.33	0.00	308.98	0.00	708.36	7307.26
1463590445.0 75 170804.87	1002.72	24.81	-25.16	385.99	213.72	-2.33	0.00	309.32	0.00	708.36	7307.26
1463590445.0 75 170804.87	1001.47	24.81	-24.84	393.00	219.96	-2.33	0.00	309.27	0.00	708.36	7307.26
1463590446.0 75 170804.87	1002.72	24.81	-24.84	385.99	214.96	-0.00	0.00	309.10	0.00	708.36	7307.26
1463590447.0 75 170804.87	1001.47	24.81	-25.00	394.75	221.22	-0.00	0.00	309.38	0.00	708.36	7307.26
1463590448.0 75 170804.87	1001.47	24.81	-24.84	387.74	213.72	-0.00	0.00	309.10	0.00	708.36	7307.26
1463590449.0 75 170804.87	1001.47	24.81	-24.84	389.49	217.45	7.21	0.00	309.43	0.00	708.36	7307.26
1463590450.0 75 170804.87	1002.72	24.81	-24.84	378.98	207.58	-0.00	0.00	308.76	0.00	708.36	7307.26
1463590451.0 75 170804.87	1001.47	24.81	-24.84	389.49	214.96	-0.00	0.00	309.10	0.00	708.36	7307.26
1463590452.0 75 170804.87	1001.47	24.81	-24.84	380.73	208.80	-0.00	0.00	308.98	0.00	708.36	7307.26
1463590453.0 75 170804.87	1003.13	25.00	-24.84	393.00	217.45	-0.00	0.00	309.27	0.00	708.36	7307.26
1463590454.0 75 170804.87	1000.22	24.81	-25.00	391.24	216.20	-0.00	0.00	309.66	0.00	708.36	7307.26
1463590455.0 75 170804.87	1002.72	24.81	-24.84	391.24	214.96	-0.00	0.00	309.10	0.00	708.36	7307.26
1463590456.0 75 170804.87	1002.27	25.19	-24.84	389.49	214.96	-0.00	0.00	309.10	0.00	708.36	7307.26
1463590457.0 75 170804.87	1003.13	25.00	-24.84	389.49	213.72	-0.00	0.00	309.43	0.00	708.36	7307.26
1463590458.0 75 170804.87	1001.87	25.00	-24.84	398.25	219.96	-0.00	0.00	309.15	0.00	708.36	7307.26
1463590459.0 75 170804.87	1002.72	24.81	-24.84	385.99	211.25	-0.00	0.00	308.98	0.00	708.36	7307.26
1463590460.0 75 170804.87	1000.62	25.00	-24.84	400.01	222.49	-2.33	0.00	309.32	0.00	708.36	7307.26
1463590461.0 75 170804.87	1001.47	24.81	-25.00	389.49	213.72	-0.00	0.00	309.04	0.00	708.36	7307.26
1463590462.0 71 170804.87	1001.87	25.00	-24.68	387.74	212.48	-0.00	0.00	309.04	0.00	708.36	7307.26
1463590463.0 71 170804.87	1001.47	24.81	-25.00	396.50	217.45	-0.00	0.00	309.43	0.00	708.36	7307.26
1463590464.0 71 170804.87	1003.13	25.00	-24.84	387.74	211.25	-0.00	0.00	308.98	0.00	708.36	7307.26
1463590465.0 71 170804.87	1000.62	25.00	-24.84	400.01	222.49	-0.00	0.00	309.55	0.00	708.36	7307.26
1463590466.0 71 170804.87	1001.47	24.81	-24.68	398.25	219.96	-2.33	0.00	309.10	0.00	708.36	7307.26
1463590467.0 71 170804.87	1001.87	25.00	-25.00	389.49	213.72	-0.00	0.00	309.49	0.00	708.36	7307.26
1463590468.0 71 170804.87	1000.62	25.00	-24.68	403.51	217.45	-0.00	0.00	308.98	0.00	708.36	7307.26
1463590469.0 71 170804.87	1001.87	25.00	-25.00	391.24	213.72	-0.00	0.00	309.43	0.00	708.36	7307.26
1463590470.0 71 170804.87	1002.27	25.19	-24.68	398.25	218.70	-0.00	0.00	309.21	0.00	708.36	7307.26
1463590471.0 71 170804.87	1003.53	25.19	-24.84	393.00	214.96	-0.00	0.00	309.21	0.00	708.36	7307.26
1463590472.0 71 170804.87	1001.87	25.00	-24.84	400.01	219.96	-0.00	0.00	309.21	473.68	708.36	7307.26
1463590473.0 71 170804.87	1003.13	25.00	-24.84	393.00	213.72	-0.00	0.00	309.15	0.00	708.36	7307.26
1463590474.0 71 170804.87	1001.47	24.81	-25.00	400.01	221.22	-0.00	0.00	309.38	0.00	708.36	7307.26
1463590475.0 71 170804.87	1001.07	24.63	-25.00	391.24	213.72	-0.00	0.00	309.10	0.00	708.36	7307.26
1463590476.0 71 170804.87	1001.87	25.00	-24.68	389.49	211.25	-0.00	0.00	309.04	0.00	708.36	7307.26
1463590477.0 71 170804.87	1001.47	24.81	-25.00	405.26	221.22	-0.00	0.00	309.38	473.68	708.36	7307.26
1463590478.0 71 170804.87	1001.47	24.81	-24.84	394.75	214.96	-0.00	0.00	309.10	0.00	708.36	7307.26
1463590479.0 71 170804.87	1001.07	24.63	-24.84	401.76	221.22	-2.33	0.00	309.32	0.00	708.36	7307.26
1463590480.0 71 170804.87	1001.47	24.81	-24.84	396.50	214.96	-2.33	0.00	309.15	0.00	708.36	7307.26
1463590481.0 71 170804.87	1001.07	24.63	-25.00	396.50	213.72	-0.00	0.00	309.38	0.00	708.36	7307.26
1463590482.0 71 170804.87	1000.67	24.44	-24.84	401.76	217.45	-2.33	0.00	309.27	0.00	708.36	7307.26
1463590483.0 71 170804.87	1001.07	24.63	-25.16	398.25	213.72	-0.00	0.00	309.43	0.00	708.36	7307.26
1463590484.0 71 170804.87	1001.92	24.44	-24.84	401.76	217.45	-2.33	0.00	309.15	0.00	708.36	7307.26
1463590485.0 71 170804.87	1001.07	24.63	-24.84	398.25	213.72	-0.00	0.00	309.10	0.00	708.36	7307.26
1463590486.0 71 170804.87	1001.07	24.63	-24.84	398.25	213.72	-2.33	0.00	309.15	0.00	708.36	7307.26
1463590487.0 73 170804.87	1001.92	24.44	-25.00	407.01	221.22	-0.00	0.00	309.21	0.00	708.36	7307.26
1463590488.0 73 170804.87	1002.32	24.63	-24.68	400.01	214.96	-0.00	0.00	308.93	0.00	708.36	7307.26
1463590489.0 73 170804.87	1002.72	24.81	-24.84	396.50	211.25	-0.00	0.00	308.98	0.00	708.36	7307.26
1463590490.0 73 170804.87	1002.32	24.63	-24.84	398.25	211.25	-0.00	0.00	309.04	0.00	708.36	7307.26
1463590491.0 73 170804.87	1001.92	24.44	-24.84	403.51	212.48	-0.00	0.00	309.15	0.00	708.36	7307.26
1463590492.0 73 170804.87	1000.67	24.44	-24.84	403.51	213.72	-0.00	0.00	309.10	0.00	708.36	7307.26
1463590493.0 73 170804.87	1002.72	24.81	-24.84	398.25	210.02	-0.00	0.00	309.10	0.00	708.36	7307.26
1463590494.0 73 170804.87	1002.32	24.63	-24.84	405.26	211.25	0.68	0.00	308.87	0.00	708.36	7307.26
1463590495.0 73 170804.87	1002.32	24.63	-24.84	401.76	207.58	-0.00	0.00	308.87	0.00	708.36	7307.26
1463590496.0 73 170804.87	1002.32	24.63	-24.68	414.02	214.96	-0.00	0.00	308.93	0.00	708.36	7307.26
1463590497.0 73 170804.87	1002.72	24.81	-24.84	412.27	211.25	-0.00	0.00	309.04	0.00	708.36	7307.26
1463590498.0 73 170804.87	1001.07	24.63	-24.84	429.79	219.96	-2.33	0.00	309.21	0.00	708.36	7307.26
1463590499.0 73 170804.87	1002.32	24.63	-25.00	435.05	217.45	-2.33	0.00	309.21	0.00	708.36	7307.26
1463590500.0 73 170804.87	1001.92	24.44	-24.84	440.31	212.48	-0.00	0.00	309.04	0.00	708.36	7307.26
1463590501.0 73 170804.87	1000.67	24.44	-24.84	457.82	213.72	-0.00	0.00	309.04	0.00	708.36	7307.26
1463590502.0 73 170804.87	1000.67	24.44	-25.00	463.08	213.72	-0.00	0.00	309.15	0.00	708.36	7307.26
1463590503.0 73 170804.87	1002.32	24.63	-25.00	475.34	221.22	-0.00	0.00	309.49	0.00	708.36	7307.26
1463590504.0 73 170804.87	1002.32	24.63	-24.84	471.84	214.96	-0.00	0.00	309.04	0.00	708.36	7307.26
1463590505.0 73 170804.87	1002.32	24.63	-25.00	478.84	217.45	-0.00	0.00	309.60	0.00	708.36	7307.26
1463590506.0 73 170804.87	1001.07	24.63	-24.84	503.36	221.22	-2.33	0.00	309.21	0.00	708.36	7307.26
1463590507.0 73 170804.87	1001.07	24.63	-25.00	506.86	216.20	-2.33	0.00	309.60	0.00	708.36	7307.26
1463590508.0 73 170804.87	1001.92	24.44	-24.84	534.88	223.76	3.69	0.00	309.15	0.00	708.36	7307.26
1463590509.0 73 170804.87	1001.92	24.44	-24.84	534.88	213.72	-0.00	0.00	309.04	0.00	708.36	7307.26
1463590510.0 73 170804.87	1002.72	24.81	-24.68	568.14	223.76	-2.33	0.00	309.21	0.00	708.36	7307.26
1463590511.0 73 170804.87	1001.07	24.63	-24.84	568.14	214.96	-0.00	0.00	309.15	0.00	708.36	7307.26
1463590511.0 69 170804.87	1001.07	24.63	-24.84	561.13	212.48	-0.00	0.00	309.04	0.00	708.36	7307.26
1463590512.0 69 170804.87	1001.07	24.63	-24.84	545.38	211.25	-0.00	0.00	309.15	0.00	708.36	7307.26
1463590513.0 69 170804.87	1001.92	24.44	-25.00	533.13	216.20	-0.00	0.00	309.15	0.00	708.36	7307.26
1463590514.0 69 170804.87	1000.67	24.44	-24.84	529.62	225.04	-0.00	0.00	309.49	0.00	708.36	7307.26
1463590515.0 69 170804.87	1001.07	24.63	-24.84	517.37	213.72	-0.00	0.00	309.10	0.00	708.36	7307.26
1463590516.0 69 170804.87	1000.67	24.44	-25.00	515.62	213.72	-0.00	0.00	309.38	0.00	708.36	7307.26
1463590517.0 69 170804.87	1003.17	24.44	-24.84	519.12	214.96	-2.33	0.00	309.04	0.00	708.36	7307.26
1463590518.0 69 170804.87	1000.67	24.44	-24.84	513.87	212.48	-2.33	0.00	309.38	0.00	708.36	7307.26
1463590519.0 69 170804.87	1002.32	24.63	-24.84	512.12	214.96	-0.00	0.00	309.15	0.00	708.36	7307.26
1463590520.0 69 170804.87	1002.32	24.63	-24.84	510.36	212.48	-0.00	0.00	309.10	0.00	708.36	7307.26
1463590521.0 69 170804.87	1000.67	24.44	-24.84	506.86	214.96	-0.00	0.00	309.21	0.00	708.36	7307.26
1463590522.0 69 170804.87	1001.92	24.44	-24.84	496.36	212.48	-0.00	0.00	309.10	0.00	708.36	7307.26
1463590523.0 74 170804.87	1000.67	24.44	-24.84	482.34	213.72	-2.33	0.00	309.04	0.00	708.36	7307.26
1463590524.0 74 170804.87	1003.17	24.44	-25.00	480.59	219.96	-0.00	0.00	309.43	0.00	708.36	7307.26
1463590525.0 74 170804.87	1000.67	24.44	-24.84	470.08	213.72	-0.00	0.00	309.10	0.00	708.36	7307.26
1463590526.0 74 170804.87	1001.92	24.44	-24.84	468.33	217.45	-0.00	0.00	309.27	0.00	708.36	7307.26
1463590527.0 74 170804.87	1000.67	24.44	-24.84	466.58	217.45	-0.00	0.00	309.10	0.00	708.36	7307.26
1463590528.0 74 170804.87	1001.92	24.44	-24.84	452.57	212.48	-0.00	0.00	309.15	0.00	708.36	7307.26
1463590529.0 74 170804.87	1001.92	24.44	-24.84	459.57	218.70	-0.00	0.00	309.15	0.00	708.36	7307.26
1463590530.0 74 170804.87	1003.17	24.44	-24.84	442.06	212.48	-0.00	0.00	309.04	0.00	708.36	7307.26
1463590531.0 74 170804.87	1000.67	24.44	-25.00	450.82	222.49	-0.00	0.00	309.27	0.00	708.36	7307.26
1463590532.0 74 170804.87	1001.92	24.44	-24.84	435.05	211.25	-0.00	0.00	308.98	0.00	708.36	7307.26
1463590533.0 74 170804.87	1002.32	24.63	-24.84	443.81	221.22	-2.33	0.00	309.32	0.00	708.36	7307.26
1463590534.0 74 170804.87	1001.92	24.44	-24.84	436.80	214.96	-0.00	0.00	308.98	0.00	708.36	7307.26
1463590535.0 75 170804.87	1001.92	24.44	-24.84	431.55	214.96	-2.33	0.00	309.10	0.00	708.36	7307.26
1463590536.0 75 170804.87	1001.92	24.44	-25.00	436.80	222.49	-0.00	0.00	309.55	0.00	708.36	7307.26
1463590537.0 75 170804.87	1001.52	24.25	-24.84	424.54	213.72	-0.00	0.00	309.04	0.00	708.36	7307.26
1463590538.0 75 170804.87	1001.92	24.44	-25.00	436.80	225.04	-0.00	0.00	309.60	0.00	708.36	7307.26
1463590539.0 75 170804.87	1001.92	24.44	-24.84	426.29	218.70	-0.00	0.00	309.15	0.00	708.36	7307.26
1463590540.0 75 170804.87	1001.92	24.44	-25.00	422.78	217.45	-0.00	0.00	309.66	0.00	708.36	7307.26
1463590541.0 75 170804.87	1001.92	24.44	-24.84	436.80	219.96	-0.00	0.00	309.15	0.00	708.36	7307.26
1463590542.0 75 170804.87	1001.92	24.44	-25.16	442.06	217.45	-0.00	0.00	309.72	473.68	708.36	7307.26
1463590543.0 75 170804.87	1002.77	24.25	-24.68	466.58	225.04	-2.33	0.00	309.21	473.68	708.36	7307.26
1463590544.0 75 170804.87	1001.92	24.44	-25.00	487.60	217.45	-0.00	0.00	309.27	0.00	708.36	7307.26
1463590545.0 75 170804.87	1001.92	24.44	-24.84	520.87	223.76	-2.33	0.00	309.43	0.00	708.36	7307.26
1463590546.0 75 170804.87	1003.17	24.44	-24.84	522.62	217.45	-0.00	0.00	309.21	0.00	708.36	7307.26
1463590547.0 72 170804.87	1001.92	24.44	-24.84	531.38	214.96	-0.00	0.00	309.27	0.00	708.36	7307.26
1463590548.0 72 170804.87	1001.92	24.44	-25.00	538.38	214.96	-0.00	0.00	309.27	0.00	708.36	7307.26
1463590549.0 72 170804.87	1001.92	24.44	-24.84	538.38	212.48	-0.00	0.00	309.10	0.00	708.36	7307.26
1463590550.0 72 170804.87	1001.92	24.44	-25.00	545.38	221.22	-0.00	0.00	309.43	0.00	708.36	7307.26
1463590551.0 72 170804.87	1001.92	24.44	-24.84	543.63	218.70	-0.00	0.00	309.27	0.00	708.36	7307.26
1463590552.0 72 170804.87	1001.92	24.44	-24.84	543.63	216.20	-0.00	0.00	309.49	0.00	708.36	7307.26
1463590553.0 72 170804.87	1000.67	24.44	-24.84	547.13	214.96	-0.00	0.00	309.21	0.00	708.36	7307.26
1463590554.0 72 170804.87	1001.92	24.44	-25.16	547.13	213.72	-0.00	0.00	309.43	0.00	708.36	7307.26
1463590555.0 72 170804.87	1001.92	24.44	-24.84	550.63	217.45	-0.00	0.00	309.15	0.00	708.36	7307.26
1463590556.0 72 170804.87	1003.17	24.44	-25.00	557.63	217.45	-0.00	0.00	309.27	0.00	708.36	7307.26
1463590557.0 72 170804.87	1001.92	24.44	-25.00	561.13	216.20	-0.00	0.00	309.32	0.00	708.36	7307.26
1463590558.0 72 170804.87	1001.92	24.44	-25.00	564.64	216.20	-0.00	0.00	309.27	0.00	708.36	7307.26
1463590559.0 73 170804.87	1000.67	24.44	-24.84	569.89	218.70	-2.33	0.00	309.43	0.00	708.36	7307.26
1463590560.0 73 170804.87	1003.17	24.44	-24.84	575.14	216.20	-0.00	0.00	309.21	0.00	708.36	7307.26
1463590561.0 73 170804.87	1002.32	24.63	-25.00	578.64	214.96	-2.33	0.00	309.49	0.00	708.36	7307.26
1463590562.0 73 170804.87	1001.07	24.63	-24.84	597.89	223.76	-2.33	0.00	309.32	0.00	708.36	7307.26
1463590563.0 73 170804.87	1001.92	24.44	-25.00	566.39	217.45	-0.00	0.00	309.60	0.00	708.36	7307.26
1463590564.0 73 170804.87	1000.67	24.44	-24.84	548.88	222.49	-2.33	0.00	309.38	0.00	708.36	7307.26
1463590565.0 73 170804.87	1001.92	24.44	-24.84	512.12	216.20	-0.00	0.00	309.21	0.00	708.36	7307.26
1463590566.0 73 170804.87	1001.92	24.44	-25.00	501.61	222.49	-0.00	0.00	309.49	0.00	708.36	7307.26
1463590566.0 73 170804.87	1002.32	24.63	-24.84	473.59	214.96	-0.00	0.00	309.21	0.00	708.36	7307.26
1463590567.0 73 170804.87	1000.67	24.44	-25.00	471.84	226.32	-0.00	0.00	309.55	0.00	708.36	7307.26
1463590568.0 73 170804.87	1000.67	24.44	-24.84	449.06	212.48	-0.00	0.00	309.04	0.00	708.36	7307.26
1463590569.0 73 170804.87	1003.58	24.63	-24.84	436.80	208.80	-2.33	0.00	309.15	0.00	708.36	7307.26
1463590570.0 73 170804.87	1001.92	24.44	-24.84	445.56	214.96	-0.00	0.00	309.04	0.00	708.36	7307.26
1463590571.0 72 170804.87	1002.32	24.63	-24.68	442.06	212.48	-0.00	0.00	308.98	0.00	708.36	7307.26
1463590572.0 72 170804.87	1000.67	24.44	-24.84	426.29	211.25	-0.00	0.00	309.04	0.00	708.36	7307.26
1463590573.0 72 170804.87	1002.32	24.63	-24.84	410.52	210.02	-0.00	0.00	308.93	0.00	708.36	7307.26
1463590574.0 72 170804.87	1001.07	24.63	-25.16	396.50	208.80	-0.00	0.00	309.21	0.00	708.36	7307.26
1463590575.0 72 170804.87	1001.07	24.63	-24.84	387.74	214.96	-0.00	0.00	309.10	0.00	708.36	7307.26
1463590576.0 72 170804.87	1002.32	24.63	-24.84	380.73	213.72	-2.33	0.00	309.10	0.00	708.36	7307.26
1463590577.0 72 170804.87	1001.92	24.44	-24.84	375.47	213.72	-2.33	0.00	309.10	0.00	708.36	7307.26
1463590578.0 72 170804.87	1001.07	24.63	-25.00	370.21	213.72	-0.00	0.00	309.10	0.00	708.36	7307.26
1463590579.0 72 170804.87	1002.32	24.63	-24.84	373.72	221.22	-2.33	0.00	309.21	0.00	708.36	7307.26
1463590580.0 72 170804.87	1001.92	24.44	-24.84	370.21	216.20	-0.00	0.00	309.10	0.00	708.36	7307.26
1463590581.0 72 170804.87	1000.67	24.44	-24.84	361.45	212.48	-0.00	0.00	309.15	0.00	708.36	7307.26
1463590582.0 72 170804.87	1002.32	24.63	-24.84	370.21	218.70	-2.33	0.00	309.10	0.00	708.36	7307.26
1463590583.0 75 170804.87	1001.92	24.44	-24.84	368.46	214.96	-2.33	0.00	308.98	0.00	708.36	7307.26
1463590584.0 75 170804.87	1001.92	24.44	-25.00	373.72	216.20	-0.00	0.00	309.60	0.00	708.36	7307.26
1463590585.0 75 170804.87	1001.92	24.44	-24.84	378.98	212.48	-0.00	0.00	309.04	0.00	708.36	7307.26
1463590586.0 75 170804.87	1001.92	24.44	-24.84	382.48	211.25	-0.00	0.00	309.10	0.00	708.36	7307.26
1463590587.0 75 170804.87	1002.32	24.63	-24.84	391.24	219.96	0.68	0.00	309.15	0.00	708.36	7307.26
1463590588.0 75 170804.87	1001.92	24.44	-24.84	377.22	211.25	-0.00	0.00	309.04	0.00	708.36	7307.26
1463590589.0 75 170804.87	1000.67	24.44	-24.84	387.74	223.76	-2.33	0.00	309.32	0.00	708.36	7307.26
1463590590.0 75 170804.87	1002.32	24.63	-24.84	364.95	212.48	-0.00	0.00	309.10	0.00	708.36	7307.26
1463590591.0 75 170804.87	1002.32	24.63	-24.84	364.95	219.96	-0.00	0.00	309.32	0.00	708.36	7307.26
1463590592.0 75 170804.87	1001.92	24.44	-24.84	354.44	213.72	-0.00	0.00	308.93	0.00	708.36	7307.26
1463590593.0 75 170804.87	1002.32	24.63	-25.00	340.41	208.80	-0.00	0.00	309.27	0.00	708.36	7307.26
1463590594.0 75 170804.87	1001.47	24.81	-24.68	349.18	217.45	-0.00	0.00	309.04	0.00	708.36	7307.26
1463590595.0 74 170804.87	1001.92	24.44	-25.00	335.15	212.48	-0.00	0.00	309.04	0.00	708.36	7307.26
1463590596.0 74 170804.87	1001.92	24.44	-25.00	331.65	211.25	-0.00	0.00	309.32	0.00	708.36	7307.26
1463590597.0 74 170804.87	1000.67	24.44	-24.84	329.89	212.48	-0.00	0.00	308.98	0.00	708.36	7307.26
1463590598.0 74 170804.87	1001.92	24.44	-25.32	326.39	213.72	-0.00	0.00	309.38	0.00	708.36	7307.26
1463590599.0 74 170804.87	1001.92	24.44	-24.84	329.89	218.70	0.68	0.00	309.21	0.00	708.36	7307.26
1463590600.0 74 170804.87	1003.17	24.44	-24.84	321.13	213.72	-0.00	0.00	309.15	0.00	708.36	7307.26
1463590601.0 74 170804.87	1001.92	24.44	-25.00	324.63	216.20	-0.00	0.00	309.32	0.00	708.36	7307.26
1463590602.0 74 170804.87	1001.92	24.44	-24.84	315.87	208.80	-2.33	0.00	308.87	0.00	708.36	7307.26
1463590603.0 74 170804.87	1001.92	24.44	-24.84	319.37	218.70	-2.33	0.00	309.32	0.00	708.36	7307.26
1463590604.0 74 170804.87	1001.92	24.44	-24.84	314.11	211.25	-0.00	0.00	309.10	0.00	708.36	7307.26
1463590605.0 74 170804.87	1001.92	24.44	-25.00	317.62	213.72	-0.00	0.00	309.43	473.68	708.36	7307.26
1463590606.0 74 170804.87	1001.92	24.44	-24.84	319.37	219.96	-0.00	0.00	309.27	0.00	708.36	7307.26
1463590607.0 75 170804.87	1001.92	24.44	-24.84	310.61	210.02	-0.00	0.00	308.98	0.00	708.36	7307.26
1463590608.0 75 170804.87	1001.52	24.25	-24.68	310.61	208.80	-0.00	0.00	308.87	0.00	708.36	7307.26
1463590609.0 75 170804.87	1001.52	24.25	-24.84	314.11	217.45	0.68	0.00	309.04	0.00	708.36	7307.26
1463590610.0 75 170804.87	1001.92	24.44	-24.84	308.85	212.48	-0.00	0.00	308.98	0.00	708.36	7307.26
1463590611.0 75 170804.87	1001.52	24.25	-24.84	305.35	208.80	-2.33	0.00	309.04	0.00	708.36	7307.26
1463590612.0 75 170804.87	999.87	24.07	-24.84	308.85	213.72	-0.00	0.00	309.10	0.00	708.36	7307.26
1463590613.0 75 170804.87	1000.72	23.88	-24.84	305.35	210.02	-0.00	0.00	308.98	0.00	708.36	7307.26
1463590614.0 75 170804.87	1001.92	24.44	-24.84	307.10	212.48	-0.00	0.00	308.87	0.00	708.36	7307.26
1463590615.0 75 170804.87	1001.92	24.44	-24.84	305.35	212.48	-0.00	0.00	309.10	0.00	708.36	7307.26
1463590616.0 75 170804.87	1000.67	24.44	-24.84	310.61	214.96	-0.00	0.00	308.98	0.00	708.36	7307.26
1463590617.0 75 170804.87	1003.17	24.44	-25.00	300.09	210.02	-0.00	0.00	309.04	0.00	708.36	7307.26
1463590618.0 75 170804.87	1002.77	24.25	-24.84	308.85	217.45	-2.33	0.00	309.10	473.68	708.36	7307.26
1463590619.0 75 170804.87	1001.12	24.07	-24.84	300.09	206.36	-0.00	0.00	308.76	0.00	708.36	7307.26
1463590620.0 74 170804.87	1001.92	24.44	-24.84	301.84	213.72	-0.00	0.00	309.04	0.00	708.36	7307.26
1463590621.0 74 170804.87	1001.92	24.44	-25.00	310.61	218.70	-0.00	0.00	309.38	0.00	708.36	7307.26
1463590621.0 74 170804.87	1001.92	24.44	-25.00	305.35	218.70	-0.00	0.00	309.10	0.00	708.36	7307.26
1463590622.0 74 170804.87	1001.92	24.44	-24.84	300.09	213.72	-2.33	0.00	309.43	0.00	708.36	7307.26
1463590623.0 74 170804.87	1001.92	24.44	-24.84	307.10	217.45	-2.33	0.00	309.04	0.00	708.36	7307.26
1463590624.0 74 170804.87	1001.92	24.44	-25.00	300.09	212.48	-0.00	0.00	309.43	473.68	708.36	7307.26
1463590625.0 74 170804.87	1001.92	24.44	-24.84	300.09	214.96	-2.33	0.00	308.98	0.00	708.36	7307.26
1463590626.0 74 170804.87	1001.92	24.44	-24.84	294.83	208.80	-0.00	0.00	308.87	0.00	708.36	7307.26
1463590627.0 74 170804.87	1001.92	24.44	-24.68	307.10	223.76	-0.00	0.00	309.43	473.68	708.36	7307.26
1463590628.0 74 170804.87	1001.92	24.44	-24.84	300.09	217.45	-0.00	0.00	309.10	0.00	708.36	7307.26
1463590629.0 74 170804.87	1001.92	24.44	-24.84	301.84	219.96	-0.00	0.00	309.27	0.00	708.36	7307.26
1463590630.0 74 170804.87	1001.92	24.44	-24.84	296.58	212.48	-0.00	0.00	309.10	0.00	708.36	7307.26
1463590631.0 75 170804.87	1001.92	24.44	-24.84	293.07	212.48	-0.00	0.00	308.98	0.00	708.36	7307.26
1463590632.0 75 170804.87	1001.92	24.44	-24.84	293.07	211.25	-0.00	0.00	309.15	0.00	708.36	7307.26
1463590633.0 75 170804.87	1001.92	24.44	-24.84	294.83	213.72	-0.00	0.00	309.10	0.00	708.36	7307.26
1463590634.0 75 170804.87	1001.92	24.44	-24.84	291.32	214.96	-0.00	0.00	309.10	0.00	708.36	7307.26
1463590635.0 75 170804.87	1003.17	24.44	-24.68	289.57	208.80	-0.00	0.00	308.98	0.00	708.36	7307.26
1463590636.0 75 170804.87	1001.92	24.44	-24.84	287.81	207.58	-0.00	0.00	309.15	0.00	708.36	7307.26
1463590637.0 75 170804.87	1001.92	24.44	-24.84	289.57	211.25	-0.00	0.00	308.93	0.00	708.36	7307.26
1463590638.0 75 170804.87	1001.92	24.44	-25.16	291.32	213.72	-0.00	0.00	309.38	0.00	708.36	7307.26
1463590639.0 75 170804.87	1001.92	24.44	-24.84	287.81	211.25	-0.00	0.00	308.93	0.00	708.36	7307.26
1463590640.0 75 170804.87	1001.92	24.44	-24.84	286.06	208.80	-0.00	0.00	308.82	0.00	708.36	7307.26
1463590641.0 75 170804.87	1001.92	24.44	-24.84	289.57	212.48	-2.33	0.00	309.04	0.00	708.36	7307.26
1463590642.0 75 170804.87	1001.92	24.44	-24.84	286.06	208.80	-2.33	0.00	308.87	0.00	708.36	7307.26
1463590643.0 75 170804.87	1001.92	24.44	-24.84	286.06	212.48	-0.00	0.00	308.93	0.00	708.36	7307.26
1463590644.0 75 170804.87	1001.92	24.44	-24.84	293.07	219.96	-2.33	0.00	309.15	0.00	708.36	7307.26
1463590645.0 75 170804.87	1001.52	24.25	-24.68	289.57	214.96	-0.00	0.00	309.15	0.00	708.36	7307.26
1463590646.0 75 170804.87	1001.92	24.44	-24.84	286.06	212.48	-0.00	0.00	309.10	0.00	708.36	7307.26
1463590647.0 75 170804.87	1001.52	24.25	-24.84	289.57	213.72	-0.00	0.00	309.10	0.00	708.36	7307.26
1463590648.0 75 170804.87	1001.52	24.25	-25.00	287.81	216.20	-2.33	0.00	309.27	0.00	708.36	7307.26
1463590649.0 75 170804.87	1001.52	24.25	-24.84	287.81	213.72	-2.33	0.00	308.93	0.00	708.36	7307.26
1463590650.0 75 170804.87	1001.92	24.44	-24.84	280.80	207.58	-0.00	0.00	308.93	0.00	708.36	7307.26
1463590651.0 75 170804.87	1001.92	24.44	-24.68	287.81	217.45	-2.33	0.00	308.93	0.00	708.36	7307.26
1463590652.0 75 170804.87	1001.12	24.07	-24.68	279.04	206.36	-0.00	0.00	308.82	0.00	708.36	7307.26
1463590653.0 75 170804.87	1001.12	24.07	-24.84	291.32	221.22	4.66	0.00	309.32	0.00	708.36	7307.26
1463590654.0 75 170804.87	1002.77	24.25	-24.84	286.06	213.72	-2.33	0.00	309.10	0.00	708.36	7307.26
1463590655.0 75 170804.87	1001.52	24.25	-24.84	280.80	212.48	-2.33	0.00	308.98	0.00	708.36	7307.26
1463590656.0 75 170804.87	1002.77	24.25	-25.00	287.81	217.45	-0.00	0.00	309.32	0.00	708.36	7307.26
1463590657.0 75 170804.87	1001.12	24.07	-24.84	280.80	213.72	-0.00	0.00	309.04	0.00	708.36	7307.26
1463590658.0 75 170804.87	1001.12	24.07	-25.00	287.81	221.22	-2.33	0.00	309.32	0.00	708.36	7307.26
1463590659.0 75 170804.87	1003.22	23.88	-24.68	282.55	214.96	-0.00	0.00	308.93	0.00	708.36	7307.26
1463590660.0 75 170804.87	1000.72	23.88	-25.00	277.29	207.58	-0.00	0.00	309.32	0.00	708.36	7307.26
1463590661.0 75 170804.87	1002.77	24.25	-24.68	282.55	211.25	-0.00	0.00	308.82	0.00	708.36	7307.26
1463590662.0 75 170804.87	1001.52	24.25	-24.84	275.54	208.80	-0.00	0.00	309.21	0.00	708.36	7307.26
1463590663.0 75 170804.87	1003.22	23.88	-24.84	286.06	218.70	2.44	0.00	309.21	0.00	708.36	7307.26
1463590664.0 75 170804.87	1000.32	23.69	-24.84	277.29	212.48	-0.00	0.00	309.10	0.00	708.36	7307.26
1463590665.0 75 170804.87	1001.57	23.69	-24.68	282.55	218.70	-2.33	0.00	309.21	0.00	708.36	7307.26
1463590666.0 75 170804.87	1001.97	23.88	-24.68	277.29	212.48	-0.00	0.00	309.04	0.00	708.36	7307.26
1463590667.0 74 170804.87	1000.32	23.69	-24.84	277.29	211.25	-0.00	0.00	309.04	0.00	708.36	7307.26
1463590668.0 74 170804.87	1001.12	24.07	-25.00	277.29	211.25	-0.00	0.00	309.15	0.00	708.36	7307.26
1463590669.0 74 170804.87	1000.32	23.69	-25.00	280.80	217.45	-0.00	0.00	309.15	0.00	708.36	7307.26
1463590670.0 74 170804.87	1001.12	24.07	-24.84	280.80	217.45	-0.00	0.00	309.21	0.00	708.36	7307.26
1463590671.0 74 170804.87	1002.82	23.69	-24.84	275.54	210.02	-0.00	0.00	308.98	0.00	708.36	7307.26
1463590672.0 74 170804.87	1002.37	24.07	-24.84	273.78	210.02	-0.00	0.00	309.21	0.00	708.36	7307.26
1463590673.0 74 170804.87	1003.22	23.88	-25.00	277.29	214.96	-0.00	0.00	309.27	0.00	708.36	7307.26
1463590674.0 74 170804.87	1003.22	23.88	-25.00	275.54	213.72	-0.00	0.00	309.43	0.00	708.36	7307.26
1463590675.0 74 170804.87	1001.97	23.88	-24.84	272.03	211.25	-2.33	0.00	308.87	0.00	708.36	7307.26
1463590676.0 74 170804.87	1000.32	23.69	-24.84	273.78	212.48	-2.33	0.00	308.98	0.00	708.36	7307.26
1463590676.0 74 170804.87	1003.22	23.88	-24.68	273.78	212.48	-2.33	0.00	309.04	0.00	708.36	7307.26
1463590677.0 74 170804.87	1002.82	23.69	-24.84	275.54	213.72	-0.00	0.00	309.10	0.00	708.36	7307.26
1463590678.0 75 170804.87	1001.97	23.88	-24.84	272.03	210.02	-0.00	0.00	308.98	0.00	708.36	7307.26
1463590679.0 75 170804.87	1000.32	23.69	-24.84	280.80	217.45	-0.00	0.00	309.15	0.00	708.36	7307.26
1463590680.0 75 170804.87	1001.57	23.69	-25.00	273.78	214.96	-0.00	0.00	309.38	0.00	708.36	7307.26
1463590681.0 75 170804.87	1001.97	23.88	-24.84	272.03	214.96	-0.00	0.00	309.04	0.00	708.36	7307.26
1463590682.0 75 170804.87	1002.82	23.69	-24.68	272.03	212.48	-0.00	0.00	308.98	473.68	708.36	7307.26
1463590683.0 75 170804.87	1001.57	23.69	-24.84	270.28	210.02	-0.00	0.00	309.04	0.00	708.36	7307.26
1463590684.0 75 170804.87	1001.57	23.69	-24.84	268.52	210.02	-2.33	0.00	308.87	0.00	708.36	7307.26
1463590685.0 75 170804.87	1002.82	23.69	-25.00	273.78	213.72	-2.33	0.00	309.21	0.00	708.36	7307.26
1463590686.0 75 170804.87	1001.57	23.69	-24.68	272.03	210.02	-0.00	0.00	308.87	0.00	708.36	7307.26
1463590687.0 75 170804.87	1002.42	23.50	-24.84	266.77	207.58	-2.33	0.00	308.87	0.00	708.36	7307.26
1463590688.0 75 170804.87	1001.17	23.50	-24.84	272.03	212.48	-0.00	0.00	308.93	0.00	708.36	7307.26
1463590689.0 75 170804.87	1001.57	23.69	-24.84	266.77	207.58	-0.00	0.00	308.87	0.00	708.36	7307.26
1463590690.0 73 170804.87	1002.82	23.69	-24.84	266.77	207.58	-0.00	0.00	308.76	0.00	708.36	7307.26
1463590691.0 73 170804.87	1001.57	23.69	-24.84	275.54	218.70	-0.00	0.00	309.04	0.00	708.36	7307.26
1463590692.0 73 170804.87	1001.57	23.69	-25.16	268.52	211.25	-0.00	0.00	309.27	0.00	708.36	7307.26
1463590693.0 73 170804.87	1001.57	23.69	-24.84	277.29	218.70	-2.33	0.00	309.15	0.00	708.36	7307.26
1463590694.0 73 170804.87	1002.82	23.69	-25.00	268.52	211.25	-0.00	0.00	309.04	0.00	708.36	7307.26
1463590695.0 73 170804.87	1002.82	23.69	-24.84	277.29	221.22	0.68	0.00	309.21	0.00	708.36	7307.26
1463590696.0 73 170804.87	1001.57	23.69	-24.84	268.52	211.25	-0.00	0.00	308.93	0.00	708.36	7307.26
1463590697.0 73 170804.87	1001.57	23.69	-24.84	275.54	221.22	-2.33	0.00	309.27	0.00	708.36	7307.26
1463590698.0 73 170804.87	1003.22	23.88	-24.84	268.52	211.25	-0.00	0.00	308.98	0.00	708.36	7307.26
1463590699.0 73 170804.87	1001.57	23.69	-25.00	273.78	221.22	-0.00	0.00	309.43	0.00	708.36	7307.26
1463590700.0 73 170804.87	1003.22	23.88	-24.84	270.28	216.20	-0.00	0.00	309.15	0.00	708.36	7307.26
1463590701.0 73 170804.87	1002.82	23.69	-24.84	265.01	208.80	-2.33	0.00	309.27	0.00	708.36	7307.26
1463590702.0 72 170804.87	1002.82	23.69	-24.68	266.77	211.25	-2.33	0.00	308.87	0.00	708.36	7307.26
1463590703.0 72 170804.87	1002.82	23.69	-24.84	263.26	208.80	-0.00	0.00	308.93	0.00	708.36	7307.26
1463590704.0 72 170804.87	1001.97	23.88	-24.68	266.77	208.80	-0.00	0.00	308.82	0.00	708.36	7307.26
1463590705.0 72 170804.87	1002.82	23.69	-25.00	270.28	219.96	-2.33	0.00	309.55	473.68	708.36	7307.26
1463590706.0 72 170804.87	1001.57	23.69	-24.84	266.77	210.02	-0.00	0.00	308.98	0.00	708.36	7307.26
1463590707.0 72 170804.87	1001.97	23.88	-24.84	263.26	208.80	-0.00	0.00	309.32	0.00	708.36	7307.26
1463590708.0 72 170804.87	1000.32	23.69	-24.84	265.01	212.48	-0.00	0.00	308.93	0.00	708.36	7307.26
1463590709.0 72 170804.87	1001.57	23.69	-25.16	265.01	210.02	-0.00	0.00	309.15	0.00	708.36	7307.26
1463590710.0 72 170804.87	1000.32	23.69	-24.84	266.77	216.20	-0.00	0.00	309.10	0.00	708.36	7307.26
1463590711.0 72 170804.87	1000.32	23.69	-24.84	266.77	212.48	-0.00	0.00	309.04	0.00	708.36	7307.26
1463590712.0 72 170804.87	1000.32	23.69	-25.00	266.77	212.48	-0.00	0.00	309.15	0.00	708.36	7307.26
1463590713.0 72 170804.87	1001.57	23.69	-24.84	265.01	212.48	-0.00	0.00	309.10	0.00	708.36	7307.26
1463590714.0 72 170804.87	1002.82	23.69	-25.00	265.01	213.72	-0.00	0.00	309.10	0.00	708.36	7307.26
1463590715.0 71 170804.87	1001.57	23.69	-25.00	270.28	221.22	-0.00	0.00	309.27	0.00	708.36	7307.26
1463590716.0 71 170804.87	1000.32	23.69	-24.84	259.75	207.58	-0.00	0.00	308.93	0.00	708.36	7307.26
1463590717.0 71 170804.87	1002.82	23.69	-24.68	263.26	212.48	-2.33	0.00	309.04	0.00	708.36	7307.26
1463590718.0 71 170804.87	1001.17	23.50	-24.68	261.51	210.02	-0.00	0.00	308.87	0.00	708.36	7307.26
1463590719.0 71 170804.87	1002.42	23.50	-24.84	259.75	210.02	-0.00	0.00	309.04	0.00	708.36	7307.26
1463590720.0 71 170804.87	1001.57	23.69	-24.84	265.01	213.72	-0.00	0.00	309.04	0.00	708.36	7307.26
1463590721.0 71 170804.87	1000.32	23.69	-24.84	259.75	210.02	-0.00	0.00	308.98	0.00	708.36	7307.26
1463590722.0 71 170804.87	1002.42	23.50	-24.84	265.01	216.20	-0.00	0.00	308.98	0.00	708.36	7307.26
1463590723.0 71 170804.87	1001.57	23.69	-25.00	261.51	214.96	-2.33	0.00	309.15	0.00	708.36	7307.26
1463590724.0 71 170804.87	1002.82	23.69	-24.68	266.77	216.20	-0.00	0.00	309.10	0.00	708.36	7307.26
1463590725.0 71 170804.87	1002.82	23.69	-24.84	258.00	210.02	-0.00	0.00	308.98	0.00	708.36	7307.26
1463590726.0 71 170804.87	1001.57	23.69	-24.68	268.52	222.49	-0.00	0.00	309.32	0.00	708.36	7307.26
1463590727.0 71 170804.87	1000.32	23.69	-24.68	263.26	211.25	-0.00	0.00	308.76	0.00	708.36	7307.26
1463590728.0 71 170804.87	1001.57	23.69	-24.84	256.24	208.80	-0.00	0.00	309.21	0.00	708.36	7307.26
1463590729.0 71 170804.87	1002.82	23.69	-24.84	259.75	212.48	-0.00	0.00	309.04	0.00	708.36	7307.26
1463590730.0 71 170804.87	1002.82	23.69	-24.84	256.24	208.80	-0.00	0.00	308.93	0.00	708.36	7307.26
1463590731.0 71 170804.87	1001.57	23.69	-24.84	266.77	222.49	-0.00	0.00	309.27	0.00	708.36	7307.26
1463590732.0 71 170804.87	1002.82	23.69	-24.84	261.51	214.96	-0.00	0.00	309.10	0.00	708.36	7307.26
1463590732.0 71 170804.87	1001.57	23.69	-24.84	265.01	222.49	0.68	0.00	309.27	0.00	708.36	7307.26
1463590733.0 71 170804.87	1003.22	23.88	-24.84	259.75	213.72	-0.00	0.00	309.04	0.00	708.36	7307.26
1463590734.0 71 170804.87	1000.32	23.69	-25.00	265.01	222.49	-0.00	0.00	309.49	0.00	708.36	7307.26
1463590735.0 71 170804.87	1001.57	23.69	-24.84	261.51	214.96	-0.00	0.00	309.10	0.00	708.36	7307.26
1463590736.0 71 170804.87	1001.57	23.69	-25.00	256.24	212.48	-0.00	0.00	309.43	0.00	708.36	7307.26
1463590737.0 71 170804.87	1000.32	23.69	-24.84	265.01	221.22	-2.33	0.00	309.27	0.00	708.36	7307.26
1463590738.0 71 170804.87	1001.57	23.69	-24.84	254.49	211.25	-0.00	0.00	308.98	0.00	708.36	7307.26
1463590739.0 71 170804.87	1003.22	23.88	-24.84	259.75	218.70	-0.00	0.00	309.27	0.00	708.36	7307.26
1463590740.0 71 170804.87	1000.72	23.88	-24.84	256.24	213.72	-2.33	0.00	309.10	0.00	708.36	7307.26
1463590741.0 71 170804.87	1000.32	23.69	-25.00	259.75	226.32	-0.00	0.00	309.72	0.00	708.36	7307.26
1463590742.0 71 170804.87	1001.57	23.69	-24.84	261.51	221.22	-0.00	0.00	309.21	0.00	708.36	7307.26
1463590743.0 71 170804.87	1000.32	23.69	-24.84	259.75	218.70	-0.00	0.00	309.66	0.00	708.36	7307.26
1463590744.0 71 170804.87	1003.22	23.88	-24.84	265.01	221.22	-0.00	0.00	309.27	0.00	708.36	7307.26
1463590745.0 71 170804.87	1000.32	23.69	-24.84	256.24	214.96	-0.00	0.00	309.55	0.00	708.36	7307.26
1463590746.0 71 170804.87	1001.17	23.50	-24.84	258.00	221.22	-0.00	0.00	309.21	0.00	708.36	7307.26
1463590747.0 71 170804.87	1000.32	23.69	-24.84	258.00	218.70	-0.00	0.00	309.38	0.00	708.36	7307.26
1463590748.0 71 170804.87	1000.32	23.69	-24.84	261.51	223.76	-2.33	0.00	309.43	0.00	708.36	7307.26
1463590749.0 71 170804.87	1002.82	23.69	-24.84	256.24	217.45	-2.33	0.00	309.32	0.00	708.36	7307.26
1463590750.0 68 170804.87	1002.82	23.69	-24.84	249.23	207.58	-0.00	0.00	308.93	0.00	708.36	7307.26
1463590751.0 68 170804.87	1000.32	23.69	-24.84	252.74	214.96	-0.00	0.00	309.15	0.00	708.36	7307.26
1463590752.0 68 170804.87	1000.32	23.69	-24.68	250.98	212.48	-0.00	0.00	309.10	0.00	708.36	7307.26
1463590753.0 68 170804.87	1000.32	23.69	-25.00	258.00	222.49	-2.33	0.00	309.43	0.00	708.36	7307.26
1463590754.0 68 170804.87	1000.32	23.69	-25.00	252.74	214.96	-0.00	0.00	309.15	0.00	708.36	7307.26
1463590755.0 68 170804.87	1000.72	23.88	-24.84	258.00	223.76	-0.00	0.00	309.32	0.00	708.36	7307.26
1463590756.0 68 170804.87	1000.32	23.69	-24.84	250.98	214.96	-2.33	0.00	309.10	0.00	708.36	7307.26
1463590757.0 68 170804.87	1001.57	23.69	-25.00	256.24	221.22	-0.00	0.00	309.49	0.00	708.36	7307.26
1463590758.0 68 170804.87	1000.72	23.88	-24.84	250.98	216.20	-0.00	0.00	309.15	0.00	708.36	7307.26
1463590759.0 68 170804.87	1001.57	23.69	-24.84	252.74	222.49	-2.33	0.00	309.43	0.00	708.36	7307.26
1463590760.0 68 170804.87	1002.82	23.69	-24.84	249.23	217.45	-0.00	0.00	309.32	0.00	708.36	7307.26
1463590761.0 68 170804.87	1001.57	23.69	-25.00	249.23	214.96	-2.33	0.00	309.38	0.00	708.36	7307.26
1463590762.0 68 170804.87	1002.82	23.69	-24.84	249.23	214.96	-0.00	0.00	309.21	0.00	708.36	7307.26
1463590763.0 68 170804.87	1001.57	23.69	-25.16	247.47	214.96	-0.00	0.00	309.32	0.00	708.36	7307.26
1463590764.0 68 170804.87	1002.82	23.69	-25.00	249.23	218.70	3.69	0.00	309.15	0.00	708.36	7307.26
1463590765.0 68 170804.87	1001.17	23.50	-25.00	247.47	216.20	-2.33	0.00	309.49	0.00	708.36	7307.26
1463590766.0 68 170804.87	1002.01	23.32	-24.84	252.74	221.22	-0.00	0.00	309.27	0.00	708.36	7307.26
1463590767.0 68 170804.87	1002.42	23.50	-24.84	243.97	212.48	-0.00	0.00	309.04	0.00	708.36	7307.26
1463590768.0 68 170804.87	1004.07	23.69	-24.84	252.74	222.49	0.68	0.00	309.38	0.00	708.36	7307.26
1463590769.0 68 170804.87	1003.26	23.32	-24.84	245.72	212.48	-0.00	0.00	309.04	0.00	708.36	7307.26
1463590770.0 68 170804.87	1002.01	23.32	-25.00	250.98	222.49	-0.00	0.00	309.38	473.68	708.36	7307.26
1463590771.0 68 170804.87	1001.21	22.94	-25.00	247.47	216.20	-0.00	0.00	309.10	0.00	708.36	7307.26
1463590772.0 68 170804.87	1002.01	23.32	-24.84	243.97	218.70	-0.00	0.00	309.49	0.00	708.36	7307.26
1463590773.0 68 170804.87	1002.01	23.32	-24.84	245.72	217.45	2.44	0.00	309.15	0.00	708.36	7307.26
1463590774.0 68 170804.87	1002.01	23.32	-25.00	243.97	213.72	-0.00	0.00	309.49	0.00	708.36	7307.26
1463590775.0 70 170804.87	1003.66	23.50	-24.84	247.47	222.49	-2.33	0.00	309.38	0.00	708.36	7307.26
1463590776.0 70 170804.87	1002.42	23.50	-24.84	242.21	214.96	-0.00	0.00	309.10	0.00	708.36	7307.26
1463590777.0 70 170804.87	1002.42	23.50	-24.84	243.97	219.96	-0.00	0.00	309.27	0.00	708.36	7307.26
1463590778.0 70 170804.87	1002.42	23.50	-24.84	242.21	217.45	-0.00	0.00	309.10	0.00	708.36	7307.26
1463590779.0 70 170804.87	1002.42	23.50	-24.84	240.46	214.96	-0.00	0.00	309.49	0.00	708.36	7307.26
1463590780.0 70 170804.87	1003.26	23.32	-24.84	245.72	217.45	-0.00	0.00	309.10	0.00	708.36	7307.26
1463590781.0 70 170804.87	1004.07	23.69	-24.84	240.46	214.96	-0.00	0.00	309.49	0.00	708.36	7307.26
1463590782.0 70 170804.87	1002.01	23.32	-24.68	245.72	223.76	-2.33	0.00	309.04	0.00	708.36	7307.26
1463590783.0 70 170804.87	1002.42	23.50	-25.16	238.70	213.72	-0.00	0.00	309.32	0.00	708.36	7307.26
1463590784.0 70 170804.87	1002.01	23.32	-24.84	243.97	221.22	0.68	0.00	309.27	0.00	708.36	7307.26
1463590785.0 70 170804.87	1002.01	23.32	-24.84	235.20	211.25	-0.00	0.00	308.93	0.00	708.36	7307.26
1463590786.0 70 170804.87	1003.66	23.50	-24.84	240.46	216.20	-2.33	0.00	309.10	0.00	708.36	7307.26
1463590787.0 70 170804.87	1002.42	23.50	-24.68	235.20	214.96	-0.00	0.00	309.10	0.00	708.36	7307.26
1463590788.0 70 170804.87	1003.66	23.50	-24.68	233.44	210.02	-0.00	0.00	308.93	0.00	708.36	7307.26
1463590788.0 70 170804.87	1002.42	23.50	-24.68	233.44	208.80	-0.00	0.00	308.87	0.00	708.36	7307.26
1463590789.0 70 170804.87	1002.01	23.32	-24.84	233.44	210.02	-0.00	0.00	308.87	0.00	708.36	7307.26
1463590790.0 70 170804.87	1002.42	23.50	-24.84	238.70	214.96	-0.00	0.00	309.27	0.00	708.36	7307.26
1463590791.0 70 170804.87	1002.82	23.69	-24.68	235.20	210.02	-0.00	0.00	309.10	0.00	708.36	7307.26
1463590792.0 70 170804.87	1000.76	23.32	-24.84	233.44	214.96	-0.00	0.00	309.21	0.00	708.36	7307.26
1463590793.0 70 170804.87	1001.17	23.50	-24.68	236.95	216.20	-0.00	0.00	309.21	0.00	708.36	7307.26
1463590794.0 70 170804.87	1002.42	23.50	-24.84	235.20	212.48	-0.00	0.00	309.43	0.00	708.36	7307.26
1463590795.0 70 170804.87	1002.42	23.50	-24.84	236.95	216.20	-0.00	0.00	309.15	0.00	708.36	7307.26
1463590796.0 70 170804.87	1003.26	23.32	-24.84	235.20	214.96	-2.33	0.00	309.43	0.00	708.36	7307.26
1463590797.0 70 170804.87	1002.42	23.50	-24.84	236.95	217.45	-2.33	0.00	309.15	0.00	708.36	7307.26
1463590798.0 70 170804.87	1001.61	23.13	-24.84	235.20	216.20	-0.00	0.00	309.10	0.00	708.36	7307.26
1463590799.0 70 170804.87	1002.01	23.32	-24.84	231.69	214.96	-0.00	0.00	309.32	0.00	708.36	7307.26
1463590800.0 70 170804.87	1002.01	23.32	-24.68	233.44	212.48	-0.00	0.00	309.10	0.00	708.36	7307.26
