# Name = UIS1
# Version = 1.0
# Location = Universidad Industrial de Santander
# Sensors = Presion, Temperatura, Humedad, Irradiancia, Iluminancia, Ruido, LLuvia, CO2, NO2, Latitud, Longitud, Nubosidad
# Power = Red
# GPS = si
# Time Zone = UTC-5
# Data = UTCtime GPStime Presion Temperatura Humedad Irradiancia Iluminancia  Ruido Lluvia CO2 NO2 Latitud Longitud Nubosidad 
1473829201.0 100 154422.98	999.76	19.39	-24.84	0.00	222.49	-0.00	-666.00	309.43	0.00	708.35	7307.27
1473829202.0 100 154422.98	998.52	19.39	-24.84	0.00	226.32	-0.00	-666.00	309.89	0.00	708.35	7307.27
1473829202.0 100 154422.98	999.35	19.21	-24.68	0.00	230.18	-0.00	-666.00	309.66	0.00	708.35	7307.27
1473829203.0 100 154422.98	999.76	19.39	-24.68	0.00	226.32	-2.33	-666.00	309.66	0.00	708.35	7307.27
1473829204.0 100 154422.98	999.35	19.21	-24.84	0.00	227.60	-0.00	-666.00	309.66	0.00	708.35	7307.27
1473829204.0 100 154422.98	998.95	19.02	-25.00	0.00	226.32	-0.00	-666.00	309.72	0.00	708.35	7307.27
1473829205.0 100 154422.98	999.35	19.21	-24.68	0.00	223.76	-0.00	-666.00	309.66	0.00	708.35	7307.27
1473829206.0 100 154422.98	999.35	19.21	-24.84	0.00	227.60	-2.33	-666.00	309.72	0.00	708.35	7307.27
1473829207.0 100 154422.98	998.95	19.02	-24.84	0.00	228.89	-2.33	-666.00	309.77	0.00	708.35	7307.27
1473829207.0 100 154422.98	999.35	19.21	-24.84	0.00	228.89	-0.00	-666.00	309.77	0.00	708.35	7307.27
