# Name = UIS1
# Version = 1.0
# Location = Universidad Industrial de Santander
# Sensors = Presion, Temperatura, Humedad, Irradiancia, Iluminancia, Ruido, LLuvia, CO2, NO2, Latitud, Longitud, Nubosidad
# Power = Red
# GPS = si
# Time Zone = UTC-5
# Data = UTCtime GPStime Presion Temperatura Humedad Irradiancia Iluminancia  Ruido Lluvia CO2 NO2 Latitud Longitud Nubosidad 
1469250001.0 100 2047.48	998.92	19.58	-24.84	0.00	226.32	-0.00	-666.00	309.55	0.00	708.34	7307.27
1469250001.0 100 2047.48	999.76	19.39	-24.84	0.00	228.89	4.66	-666.00	309.77	0.00	708.34	7307.27
1469250002.0 100 2047.48	998.52	19.39	-25.00	0.00	225.04	2.44	-666.00	309.77	0.00	708.34	7307.27
1469250003.0 100 2047.48	1000.16	19.58	-25.00	0.00	226.32	-0.00	-666.00	309.60	0.00	708.34	7307.27
1469250003.0 100 2047.48	999.76	19.39	-24.84	0.00	230.18	-2.33	-666.00	309.77	0.00	708.34	7307.27
1469250004.0 100 2047.48	997.69	19.58	-24.84	0.00	225.04	-0.00	-666.00	309.89	0.00	708.34	7307.27
1469250005.0 100 2047.48	998.12	19.21	-24.84	0.00	225.04	-0.00	-666.00	309.66	0.00	708.34	7307.27
1469250006.0 100 2047.48	998.12	19.21	-24.84	0.00	225.04	-2.33	-666.00	309.72	0.00	708.34	7307.27
1469250006.0 100 2047.48	1000.16	19.58	-24.84	0.00	228.89	-0.00	-666.00	309.83	0.00	708.34	7307.27
1469250007.0 100 2047.48	1000.16	19.58	-25.00	0.00	240.70	-2.33	-666.00	310.17	0.00	708.34	7307.27
