# Name = UIS1
# Version = 1.0
# Location = Universidad Industrial de Santander
# Sensors = Presion, Temperatura, Humedad, Irradiancia, Iluminancia, Ruido, LLuvia, CO2, NO2, Latitud, Longitud, Nubosidad
# Power = Red
# GPS = si
# Time Zone = UTC-5
# Data = UTCtime GPStime Presion Temperatura Humedad Irradiancia Iluminancia  Ruido Lluvia CO2 NO2 Latitud Longitud Nubosidad 
1463666401.0 50 170804.87	1004.47	23.88	-25.00	770.98	221.22	-2.33	0.00	309.55	0.00	708.36	7307.26
1463666402.0 50 170804.87	1002.42	23.50	-25.00	777.97	223.76	-0.00	0.00	309.60	0.00	708.36	7307.26
1463666403.0 50 170804.87	1002.82	23.69	-24.84	765.74	214.96	-0.00	0.00	309.27	0.00	708.36	7307.26
1463666404.0 50 170804.87	1003.66	23.50	-24.84	784.95	223.76	-0.00	0.00	309.38	0.00	708.36	7307.26
1463666405.0 50 170804.87	1002.82	23.69	-24.84	769.23	217.45	-2.33	0.00	309.38	0.00	708.36	7307.26
1463666406.0 50 170804.87	1004.07	23.69	-24.68	793.69	226.32	-0.00	0.00	309.38	473.68	708.36	7307.26
1463666406.0 50 170804.87	1001.57	23.69	-24.84	772.73	217.45	-0.00	0.00	309.32	0.00	708.36	7307.26
1463666407.0 50 170804.87	1004.07	23.69	-24.84	786.70	226.32	3.69	0.00	309.38	0.00	708.36	7307.26
1463666408.0 50 170804.87	1002.82	23.69	-24.84	767.49	214.96	-2.33	0.00	309.15	0.00	708.36	7307.26
1463666409.0 50 170804.87	1002.82	23.69	-24.68	790.19	225.04	7.67	0.00	309.43	473.68	708.36	7307.26
1463666410.0 50 170804.87	1003.66	23.50	-24.84	786.70	219.96	-0.00	0.00	309.32	0.00	708.36	7307.26
1463666411.0 50 170804.87	1001.57	23.69	-25.00	788.45	227.60	-0.00	0.00	309.83	0.00	708.36	7307.26
1463666412.0 50 170804.87	1002.82	23.69	-24.84	781.46	221.22	-0.00	0.00	309.60	0.00	708.36	7307.26
1463666413.0 50 170804.87	1004.07	23.69	-25.00	784.95	219.96	-0.00	0.00	309.38	0.00	708.36	7307.26
1463666414.0 50 170804.87	1001.57	23.69	-24.84	772.73	216.20	-0.00	0.00	309.15	0.00	708.36	7307.26
1463666415.0 50 170804.87	1001.97	23.88	-24.84	798.93	222.49	-2.33	0.00	309.21	0.00	708.36	7307.26
1463666416.0 50 170804.87	1001.97	23.88	-25.00	776.22	217.45	-0.00	0.00	309.60	0.00	708.36	7307.26
1463666417.0 50 170804.87	1002.82	23.69	-24.84	788.45	225.04	-2.33	0.00	309.27	473.68	708.36	7307.26
1463666418.0 50 170804.87	1002.82	23.69	-24.68	774.47	217.45	-0.00	0.00	309.27	0.00	708.36	7307.26
1463666419.0 50 170804.87	1004.47	23.88	-24.84	788.45	222.49	-2.33	0.00	309.38	0.00	708.36	7307.26
1463666420.0 50 170804.87	1004.07	23.69	-25.00	784.95	219.96	-0.00	0.00	309.38	0.00	708.36	7307.26
1463666421.0 50 170804.87	1001.57	23.69	-25.00	791.94	222.49	-0.00	0.00	309.60	0.00	708.36	7307.26
1463666422.0 50 170804.87	1002.82	23.69	-24.84	776.22	216.20	-0.00	0.00	309.21	0.00	708.36	7307.26
1463666423.0 50 170804.87	1002.82	23.69	-24.84	779.71	222.49	-0.00	0.00	309.43	0.00	708.36	7307.26
1463666424.0 50 170804.87	1003.22	23.88	-24.84	776.22	217.45	-2.33	0.00	309.27	0.00	708.36	7307.26
1463666425.0 49 170804.87	1003.22	23.88	-24.84	774.47	217.45	-0.00	0.00	309.32	0.00	708.36	7307.26
1463666426.0 49 170804.87	1001.57	23.69	-25.00	774.47	214.96	-0.00	0.00	309.32	0.00	708.36	7307.26
1463666427.0 49 170804.87	1001.57	23.69	-25.00	786.70	221.22	-0.00	0.00	309.32	0.00	708.36	7307.26
1463666428.0 49 170804.87	1002.82	23.69	-24.84	781.46	222.49	-0.00	0.00	309.49	0.00	708.36	7307.26
1463666429.0 49 170804.87	1004.07	23.69	-24.84	776.22	216.20	-0.00	0.00	309.27	0.00	708.36	7307.26
1463666430.0 49 170804.87	1002.82	23.69	-24.84	774.47	216.20	-2.33	0.00	309.55	0.00	708.36	7307.26
1463666431.0 49 170804.87	1002.82	23.69	-24.84	783.21	219.96	-0.00	0.00	309.21	0.00	708.36	7307.26
1463666432.0 49 170804.87	1003.22	23.88	-25.16	774.47	217.45	-0.00	0.00	309.55	0.00	708.36	7307.26
1463666433.0 49 170804.87	1002.82	23.69	-24.84	776.22	218.70	0.68	0.00	309.21	0.00	708.36	7307.26
1463666434.0 49 170804.87	1002.82	23.69	-24.84	770.98	217.45	-0.00	0.00	309.21	0.00	708.36	7307.26
1463666435.0 49 170804.87	1001.57	23.69	-24.84	769.23	216.20	-0.00	0.00	309.32	0.00	708.36	7307.26
1463666436.0 49 170804.87	1001.97	23.88	-24.84	770.98	216.20	-2.33	0.00	309.27	0.00	708.36	7307.26
1463666437.0 48 170804.87	1001.57	23.69	-24.84	770.98	216.20	-0.00	0.00	309.32	0.00	708.36	7307.26
1463666438.0 48 170804.87	1001.97	23.88	-24.84	763.99	214.96	-0.00	0.00	309.21	0.00	708.36	7307.26
1463666439.0 48 170804.87	1002.82	23.69	-25.00	762.24	214.96	-0.00	0.00	309.43	0.00	708.36	7307.26
1463666440.0 48 170804.87	1001.97	23.88	-24.84	776.22	221.22	-0.00	0.00	309.32	0.00	708.36	7307.26
1463666441.0 48 170804.87	1001.97	23.88	-24.84	763.99	217.45	-0.00	0.00	309.60	0.00	708.36	7307.26
1463666442.0 48 170804.87	1001.97	23.88	-24.84	790.19	228.89	-2.33	0.00	309.21	0.00	708.36	7307.26
1463666443.0 48 170804.87	1001.97	23.88	-25.16	765.74	217.45	-0.00	0.00	309.43	0.00	708.36	7307.26
1463666444.0 48 170804.87	1001.97	23.88	-24.84	781.46	222.49	2.44	0.00	309.38	0.00	708.36	7307.26
1463666445.0 48 170804.87	1001.97	23.88	-24.84	769.23	216.20	-2.33	0.00	309.21	0.00	708.36	7307.26
1463666446.0 48 170804.87	1003.22	23.88	-25.00	779.71	222.49	-0.00	0.00	309.38	344.01	708.36	7307.26
1463666447.0 48 170804.87	1001.97	23.88	-24.84	777.97	219.96	0.68	0.00	309.32	0.00	708.36	7307.26
1463666448.0 48 170804.87	1001.97	23.88	-24.84	786.70	223.76	-0.00	0.00	309.49	0.00	708.36	7307.26
1463666449.0 48 170804.87	1002.37	24.07	-24.84	772.73	216.20	-0.00	0.00	309.21	0.00	708.36	7307.26
1463666450.0 50 170804.87	1001.57	23.69	-24.84	772.73	214.96	-0.00	0.00	309.15	0.00	708.36	7307.26
1463666451.0 50 170804.87	1001.97	23.88	-24.84	776.22	216.20	-0.00	0.00	309.43	0.00	708.36	7307.26
1463666452.0 50 170804.87	1002.37	24.07	-24.84	791.94	221.22	-0.00	0.00	309.43	0.00	708.36	7307.26
1463666453.0 50 170804.87	1004.02	24.25	-24.84	779.71	217.45	-2.33	0.00	309.55	473.68	708.36	7307.26
1463666454.0 50 170804.87	1001.97	23.88	-24.84	781.46	217.45	-2.33	0.00	309.21	0.00	708.36	7307.26
1463666455.0 50 170804.87	1001.97	23.88	-25.00	779.71	216.20	-0.00	0.00	309.55	0.00	708.36	7307.26
1463666456.0 50 170804.87	1004.02	24.25	-25.00	784.95	218.70	-0.00	0.00	309.32	0.00	708.36	7307.26
1463666457.0 50 170804.87	1003.22	23.88	-25.00	776.22	216.20	-0.00	0.00	309.43	0.00	708.36	7307.26
1463666458.0 50 170804.87	1001.97	23.88	-24.84	793.69	225.04	-2.33	0.00	309.49	0.00	708.36	7307.26
1463666459.0 50 170804.87	1003.22	23.88	-24.84	772.73	216.20	-0.00	0.00	309.21	0.00	708.36	7307.26
1463666460.0 50 170804.87	1001.57	23.69	-24.84	769.23	214.96	-2.33	0.00	309.32	0.00	708.36	7307.26
1463666461.0 50 170804.87	1002.37	24.07	-24.84	769.23	217.45	-0.00	0.00	309.21	0.00	708.36	7307.26
1463666461.0 50 170804.87	1001.57	23.69	-24.84	763.99	216.20	-2.33	0.00	309.32	0.00	708.36	7307.26
1463666462.0 49 170804.87	1002.37	24.07	-24.84	779.71	223.76	-2.33	0.00	309.32	0.00	708.36	7307.26
1463666463.0 49 170804.87	1002.82	23.69	-24.84	765.74	214.96	-0.00	0.00	309.21	0.00	708.36	7307.26
1463666464.0 49 170804.87	1002.37	24.07	-24.84	760.50	221.22	-2.33	0.00	309.60	0.00	708.36	7307.26
1463666465.0 49 170804.87	1002.77	24.25	-24.84	777.97	218.70	-2.33	0.00	309.21	0.00	708.36	7307.26
1463666466.0 49 170804.87	1001.97	23.88	-24.68	753.51	214.96	-0.00	0.00	309.27	0.00	708.36	7307.26
1463666467.0 49 170804.87	1001.97	23.88	-24.84	763.99	221.22	-2.33	0.00	309.21	0.00	708.36	7307.26
1463666468.0 49 170804.87	1003.62	24.07	-24.84	758.75	218.70	-0.00	0.00	309.38	0.00	708.36	7307.26
1463666469.0 49 170804.87	1003.62	24.07	-24.84	770.98	222.49	-2.33	0.00	309.27	0.00	708.36	7307.26
1463666470.0 49 170804.87	1001.97	23.88	-24.84	750.01	216.20	-0.00	0.00	309.32	0.00	708.36	7307.26
1463666471.0 49 170804.87	1002.37	24.07	-24.84	770.98	225.04	0.68	0.00	309.43	0.00	708.36	7307.26
1463666472.0 49 170804.87	1002.77	24.25	-24.84	750.01	214.96	-2.33	0.00	309.15	0.00	708.36	7307.26
1463666473.0 49 170804.87	1003.17	24.44	-24.84	781.46	228.89	-2.33	0.00	309.55	0.00	708.36	7307.26
1463666474.0 49 170804.87	1003.62	24.07	-24.84	762.24	214.96	-0.00	0.00	309.15	0.00	708.36	7307.26
1463666475.0 49 170804.87	1003.17	24.44	-24.84	767.49	218.70	-2.33	0.00	309.60	473.68	708.36	7307.26
1463666476.0 49 170804.87	1001.52	24.25	-24.84	776.22	222.49	0.68	0.00	309.32	0.00	708.36	7307.26
1463666477.0 49 170804.87	1002.37	24.07	-24.84	767.49	214.96	-0.00	0.00	309.15	0.00	708.36	7307.26
1463666478.0 49 170804.87	1003.17	24.44	-25.00	793.69	223.76	-0.00	0.00	309.55	0.00	708.36	7307.26
1463666479.0 49 170804.87	1003.17	24.44	-24.84	781.46	216.20	-0.00	0.00	309.15	0.00	708.36	7307.26
1463666480.0 49 170804.87	1003.17	24.44	-25.00	804.16	226.32	-2.33	0.00	309.83	0.00	708.36	7307.26
1463666481.0 49 170804.87	1002.77	24.25	-24.84	805.91	221.22	-0.00	0.00	309.27	0.00	708.36	7307.26
1463666482.0 49 170804.87	1004.42	24.44	-24.84	795.43	216.20	-0.00	0.00	309.60	0.00	708.36	7307.26
1463666483.0 49 170804.87	1003.17	24.44	-24.68	816.39	219.96	-0.00	0.00	309.15	0.00	708.36	7307.26
1463666484.0 49 170804.87	1003.17	24.44	-24.84	800.67	217.45	-0.00	0.00	309.60	0.00	708.36	7307.26
1463666485.0 49 170804.87	1003.17	24.44	-24.68	814.64	222.49	3.69	0.00	309.38	0.00	708.36	7307.26
1463666486.0 49 170804.87	1003.17	24.44	-24.84	804.16	216.20	-0.00	0.00	309.21	0.00	708.36	7307.26
1463666487.0 49 170804.87	1003.17	24.44	-24.68	821.63	222.49	3.69	0.00	309.38	0.00	708.36	7307.26
1463666488.0 48 170804.87	1001.92	24.44	-24.84	812.90	216.20	-2.33	0.00	309.15	0.00	708.36	7307.26
1463666489.0 48 170804.87	1003.17	24.44	-25.00	812.90	214.96	-0.00	0.00	309.49	0.00	708.36	7307.26
1463666490.0 48 170804.87	1003.17	24.44	-24.68	802.42	210.02	-2.33	0.00	308.98	0.00	708.36	7307.26
1463666491.0 48 170804.87	1003.17	24.44	-24.84	819.88	214.96	-0.00	0.00	309.38	0.00	708.36	7307.26
1463666492.0 48 170804.87	1003.17	24.44	-25.00	837.34	222.49	3.69	0.00	309.43	0.00	708.36	7307.26
1463666493.0 48 170804.87	1003.17	24.44	-24.84	828.61	217.45	-0.00	0.00	309.27	0.00	708.36	7307.26
1463666494.0 48 170804.87	1004.42	24.44	-25.00	849.55	222.49	-2.33	0.00	309.66	0.00	708.36	7307.26
1463666495.0 48 170804.87	1003.17	24.44	-24.84	842.57	219.96	-0.00	0.00	309.38	0.00	708.36	7307.26
1463666496.0 48 170804.87	1003.17	24.44	-24.84	853.05	227.60	0.68	0.00	309.72	0.00	708.36	7307.26
1463666497.0 48 170804.87	1003.17	24.44	-24.84	840.83	217.45	-2.33	0.00	309.15	0.00	708.36	7307.26
1463666498.0 48 170804.87	1003.17	24.44	-25.00	840.83	216.20	-2.33	0.00	309.55	0.00	708.36	7307.26
1463666499.0 48 170804.87	1001.92	24.44	-24.84	847.81	218.70	-2.33	0.00	309.27	0.00	708.36	7307.26
1463666500.0 48 170804.87	1003.17	24.44	-25.16	851.30	218.70	-0.00	0.00	309.60	0.00	708.36	7307.26
1463666501.0 48 170804.87	1003.17	24.44	-24.84	839.08	213.72	-0.00	0.00	309.21	0.00	708.36	7307.26
1463666502.0 48 170804.87	1002.72	24.81	-24.84	854.79	218.70	-0.00	0.00	309.15	0.00	708.36	7307.26
1463666503.0 48 170804.87	1003.17	24.44	-24.84	856.54	217.45	-0.00	0.00	309.55	0.00	708.36	7307.26
1463666504.0 48 170804.87	1001.92	24.44	-25.00	860.03	217.45	-0.00	0.00	309.38	0.00	708.36	7307.26
1463666505.0 48 170804.87	1003.58	24.63	-25.16	861.77	216.20	-0.00	0.00	309.49	0.00	708.36	7307.26
1463666506.0 48 170804.87	1003.17	24.44	-24.84	872.24	218.70	-0.00	0.00	309.27	0.00	708.36	7307.26
1463666507.0 48 170804.87	1003.58	24.63	-24.84	879.22	214.96	-0.00	0.00	309.21	0.00	708.36	7307.26
1463666508.0 48 170804.87	1002.32	24.63	-24.84	887.94	214.96	-0.00	0.00	309.27	0.00	708.36	7307.26
1463666509.0 48 170804.87	1003.17	24.44	-24.84	901.90	216.20	-2.33	0.00	309.27	0.00	708.36	7307.26
1463666510.0 48 170804.87	1003.17	24.44	-24.84	921.08	218.70	-2.33	0.00	309.32	0.00	708.36	7307.26
1463666511.0 48 170804.87	1002.32	24.63	-24.84	928.05	217.45	2.44	0.00	309.27	0.00	708.36	7307.26
1463666512.0 48 170804.87	1001.92	24.44	-24.84	922.82	213.72	-0.00	0.00	309.21	0.00	708.36	7307.26
1463666513.0 45 170804.87	1003.58	24.63	-24.84	936.77	214.96	-0.00	0.00	309.15	0.00	708.36	7307.26
1463666514.0 45 170804.87	1003.17	24.44	-24.84	943.74	214.96	-2.33	0.00	309.21	0.00	708.36	7307.26
1463666515.0 45 170804.87	1003.17	24.44	-24.84	948.97	213.72	-0.00	0.00	309.21	0.00	708.36	7307.26
1463666516.0 45 170804.87	1003.17	24.44	-24.68	968.14	221.22	-0.00	0.00	309.32	0.00	708.36	7307.26
1463666517.0 45 170804.87	1001.92	24.44	-25.00	983.82	222.49	-2.33	0.00	309.55	0.00	708.36	7307.26
1463666517.0 45 170804.87	1003.58	24.63	-24.84	964.65	216.20	-0.00	0.00	309.21	0.00	708.36	7307.26
1463666518.0 45 170804.87	1003.17	24.44	-24.84	964.65	216.20	-0.00	0.00	309.49	0.00	708.36	7307.26
1463666519.0 45 170804.87	1001.92	24.44	-24.84	966.40	216.20	-0.00	0.00	309.21	0.00	708.36	7307.26
1463666520.0 45 170804.87	1003.17	24.44	-24.84	961.17	217.45	-2.33	0.00	309.55	0.00	708.36	7307.26
1463666521.0 45 170804.87	1001.92	24.44	-24.84	976.85	221.22	-2.33	0.00	309.38	0.00	708.36	7307.26
1463666522.0 45 170804.87	1003.17	24.44	-24.84	971.62	219.96	-0.00	0.00	309.38	0.00	708.36	7307.26
1463666523.0 45 170804.87	1003.17	24.44	-25.00	959.43	217.45	-2.33	0.00	309.32	0.00	708.36	7307.26
1463666524.0 45 170804.87	1001.92	24.44	-24.84	955.94	214.96	-2.33	0.00	309.21	0.00	708.36	7307.26
1463666525.0 45 170804.87	1002.77	24.25	-24.84	954.20	214.96	-2.33	0.00	309.32	0.00	708.36	7307.26
1463666526.0 45 170804.87	1003.17	24.44	-24.84	978.59	227.60	0.68	0.00	309.49	0.00	708.36	7307.26
1463666527.0 45 170804.87	1003.17	24.44	-25.00	945.48	216.20	-0.00	0.00	309.21	0.00	708.36	7307.26
1463666528.0 45 170804.87	1003.17	24.44	-25.00	948.97	218.70	7.21	0.00	309.38	473.68	708.36	7307.26
1463666529.0 45 170804.87	1004.02	24.25	-24.84	940.25	216.20	-0.00	0.00	309.27	0.00	708.36	7307.26
1463666530.0 45 170804.87	1003.62	24.07	-24.84	928.05	214.96	-0.00	0.00	309.27	0.00	708.36	7307.26
1463666531.0 45 170804.87	1002.37	24.07	-24.84	933.28	219.96	-0.00	0.00	309.21	0.00	708.36	7307.26
1463666532.0 45 170804.87	1001.52	24.25	-24.84	914.10	214.96	-0.00	0.00	309.15	0.00	708.36	7307.26
1463666533.0 45 170804.87	1004.42	24.44	-24.84	935.03	222.49	-0.00	0.00	309.27	0.00	708.36	7307.26
1463666534.0 45 170804.87	1001.57	23.69	-24.84	901.90	214.96	-0.00	0.00	309.32	0.00	708.36	7307.26
1463666535.0 45 170804.87	1002.37	24.07	-24.84	921.08	223.76	-2.33	0.00	309.43	0.00	708.36	7307.26
1463666536.0 45 170804.87	1003.22	23.88	-24.68	891.43	213.72	-2.33	0.00	309.10	0.00	708.36	7307.26
1463666537.0 45 170804.87	1002.37	24.07	-25.00	912.36	223.76	-0.00	0.00	309.43	473.68	708.36	7307.26
1463666538.0 48 170804.87	1004.87	24.07	-24.84	879.22	212.48	-0.00	0.00	308.93	0.00	708.36	7307.26
1463666539.0 48 170804.87	1001.57	23.69	-24.84	891.43	218.70	-2.33	0.00	309.32	0.00	708.36	7307.26
1463666540.0 48 170804.87	1001.97	23.88	-25.00	886.20	222.49	-0.00	0.00	309.60	0.00	708.36	7307.26
1463666541.0 48 170804.87	1002.82	23.69	-24.84	901.90	223.76	-2.33	0.00	309.38	0.00	708.36	7307.26
1463666542.0 48 170804.87	1001.97	23.88	-25.00	882.71	219.96	-2.33	0.00	309.77	0.00	708.36	7307.26
1463666543.0 48 170804.87	1001.57	23.69	-24.84	903.64	223.76	-0.00	0.00	309.27	0.00	708.36	7307.26
1463666544.0 48 170804.87	1003.22	23.88	-25.00	882.71	218.70	-0.00	0.00	309.72	0.00	708.36	7307.26
1463666545.0 48 170804.87	1002.82	23.69	-24.84	896.66	225.04	-2.33	0.00	309.49	0.00	708.36	7307.26
1463666546.0 48 170804.87	1002.82	23.69	-24.84	886.20	222.49	-0.00	0.00	309.38	0.00	708.36	7307.26
1463666547.0 48 170804.87	1003.22	23.88	-24.84	900.15	225.04	-0.00	0.00	309.49	473.68	708.36	7307.26
1463666548.0 48 170804.87	1001.57	23.69	-24.84	886.20	219.96	-2.33	0.00	309.32	0.00	708.36	7307.26
1463666549.0 48 170804.87	1002.82	23.69	-25.00	900.15	226.32	-2.33	0.00	309.66	0.00	708.36	7307.26
1463666550.0 48 170804.87	1002.82	23.69	-24.84	889.69	219.96	-0.00	0.00	309.38	0.00	708.36	7307.26
1463666551.0 46 170804.87	1002.82	23.69	-24.84	886.20	217.45	-0.00	0.00	309.27	0.00	708.36	7307.26
1463666552.0 46 170804.87	1002.82	23.69	-25.00	887.94	218.70	-0.00	0.00	309.38	0.00	708.36	7307.26
1463666553.0 46 170804.87	1002.82	23.69	-24.84	907.13	223.76	-0.00	0.00	309.43	0.00	708.36	7307.26
1463666554.0 46 170804.87	1002.82	23.69	-24.84	896.66	218.70	-0.00	0.00	309.66	0.00	708.36	7307.26
1463666555.0 46 170804.87	1002.82	23.69	-24.84	901.90	221.22	-0.00	0.00	309.38	0.00	708.36	7307.26
1463666556.0 46 170804.87	1003.22	23.88	-25.00	894.92	218.70	-0.00	0.00	309.72	0.00	708.36	7307.26
1463666557.0 46 170804.87	1002.82	23.69	-25.00	898.41	221.22	-0.00	0.00	309.38	0.00	708.36	7307.26
1463666558.0 46 170804.87	1004.07	23.69	-24.84	891.43	219.96	-0.00	0.00	309.32	0.00	708.36	7307.26
1463666559.0 46 170804.87	1001.57	23.69	-24.84	889.69	219.96	-0.00	0.00	309.43	0.00	708.36	7307.26
1463666560.0 46 170804.87	1002.82	23.69	-24.84	889.69	218.70	-0.00	0.00	309.38	0.00	708.36	7307.26
1463666561.0 46 170804.87	1002.42	23.50	-25.00	889.69	222.49	-0.00	0.00	309.60	0.00	708.36	7307.26
1463666562.0 46 170804.87	1002.82	23.69	-24.84	893.17	221.22	-0.00	0.00	309.38	0.00	708.36	7307.26
1463666563.0 46 170804.87	1004.07	23.69	-24.84	875.73	217.45	-2.33	0.00	309.38	0.00	708.36	7307.26
1463666564.0 49 170804.87	1002.82	23.69	-25.00	877.47	223.76	-2.33	0.00	309.72	0.00	708.36	7307.26
1463666565.0 49 170804.87	1002.42	23.50	-24.84	884.45	221.22	0.68	0.00	309.27	0.00	708.36	7307.26
1463666566.0 49 170804.87	1003.22	23.88	-24.84	877.47	225.04	-2.33	0.00	309.60	0.00	708.36	7307.26
1463666567.0 49 170804.87	1004.07	23.69	-24.84	889.69	223.76	-0.00	0.00	309.43	0.00	708.36	7307.26
1463666568.0 49 170804.87	1004.07	23.69	-24.84	877.47	218.70	-0.00	0.00	309.38	0.00	708.36	7307.26
1463666569.0 49 170804.87	1002.82	23.69	-24.84	893.17	228.89	0.68	0.00	309.55	0.00	708.36	7307.26
1463666570.0 49 170804.87	1004.07	23.69	-24.84	867.01	218.70	-0.00	0.00	309.32	0.00	708.36	7307.26
1463666571.0 49 170804.87	1005.32	23.69	-24.84	884.45	227.60	-2.33	0.00	309.55	0.00	708.36	7307.26
1463666572.0 49 170804.87	1004.07	23.69	-24.84	856.54	214.96	-0.00	0.00	309.10	0.00	708.36	7307.26
1463666572.0 49 170804.87	1002.82	23.69	-25.00	846.06	221.22	-2.33	0.00	309.60	0.00	708.36	7307.26
1463666573.0 49 170804.87	1002.42	23.50	-24.68	849.55	219.96	-2.33	0.00	309.15	0.00	708.36	7307.26
1463666574.0 49 170804.87	1003.66	23.50	-24.84	833.85	216.20	-0.00	0.00	309.55	0.00	708.36	7307.26
1463666575.0 49 170804.87	1001.57	23.69	-24.68	842.57	223.76	-2.33	0.00	309.27	0.00	708.36	7307.26
1463666576.0 49 170804.87	1001.57	23.69	-24.84	818.13	216.20	-0.00	0.00	309.15	0.00	708.36	7307.26
1463666577.0 49 170804.87	1001.97	23.88	-24.84	816.39	218.70	-0.00	0.00	309.66	0.00	708.36	7307.26
1463666578.0 49 170804.87	1001.57	23.69	-24.84	809.40	219.96	-0.00	0.00	309.27	0.00	708.36	7307.26
1463666579.0 49 170804.87	1002.82	23.69	-25.16	793.69	216.20	-0.00	0.00	309.43	0.00	708.36	7307.26
1463666580.0 49 170804.87	1004.07	23.69	-24.84	802.42	221.22	0.68	0.00	309.38	0.00	708.36	7307.26
1463666581.0 49 170804.87	1003.22	23.88	-24.84	784.95	216.20	-0.00	0.00	309.21	0.00	708.36	7307.26
1463666582.0 49 170804.87	1002.82	23.69	-24.53	795.43	221.22	-2.33	0.00	309.43	0.00	708.36	7307.26
1463666583.0 49 170804.87	1001.97	23.88	-24.84	776.22	214.96	-0.00	0.00	309.15	0.00	708.36	7307.26
1463666584.0 49 170804.87	1002.82	23.69	-24.84	784.95	223.76	-0.00	0.00	309.49	0.00	708.36	7307.26
1463666585.0 49 170804.87	1002.82	23.69	-24.84	774.47	217.45	-0.00	0.00	309.27	0.00	708.36	7307.26
1463666586.0 49 170804.87	1001.97	23.88	-24.84	769.23	216.20	-0.00	0.00	309.49	0.00	708.36	7307.26
1463666587.0 49 170804.87	1001.57	23.69	-24.84	770.98	218.70	-2.33	0.00	309.21	0.00	708.36	7307.26
1463666588.0 49 170804.87	1001.57	23.69	-25.00	774.47	219.96	0.68	0.00	309.72	0.00	708.36	7307.26
1463666589.0 50 170804.87	1002.82	23.69	-24.84	765.74	216.20	-0.00	0.00	309.32	0.00	708.36	7307.26
1463666590.0 50 170804.87	1001.97	23.88	-24.84	786.70	225.04	-2.33	0.00	309.38	0.00	708.36	7307.26
1463666591.0 50 170804.87	1001.97	23.88	-25.00	777.97	225.04	-0.00	0.00	309.43	0.00	708.36	7307.26
1463666592.0 50 170804.87	1002.82	23.69	-24.84	769.23	221.22	-0.00	0.00	309.32	0.00	708.36	7307.26
1463666593.0 50 170804.87	1003.22	23.88	-24.68	760.50	216.20	-2.33	0.00	309.21	0.00	708.36	7307.26
1463666594.0 50 170804.87	1002.82	23.69	-24.84	762.24	216.20	-0.00	0.00	309.27	473.68	708.36	7307.26
1463666595.0 50 170804.87	1004.07	23.69	-24.84	765.74	217.45	-0.00	0.00	309.15	0.00	708.36	7307.26
1463666596.0 50 170804.87	1001.57	23.69	-24.84	757.00	213.72	-0.00	0.00	309.38	0.00	708.36	7307.26
1463666597.0 50 170804.87	1002.82	23.69	-24.84	770.98	219.96	-0.00	0.00	309.21	0.00	708.36	7307.26
1463666598.0 50 170804.87	1001.97	23.88	-24.84	758.75	214.96	-0.00	0.00	309.21	0.00	708.36	7307.26
1463666599.0 50 170804.87	1003.22	23.88	-24.84	777.97	226.32	-0.00	0.00	309.27	0.00	708.36	7307.26
1463666600.0 50 170804.87	1001.57	23.69	-24.84	755.26	212.48	-0.00	0.00	309.10	0.00	708.36	7307.26
1463666601.0 51 170804.87	1002.82	23.69	-24.84	777.97	223.76	-2.33	0.00	309.43	0.00	708.36	7307.26
1463666602.0 51 170804.87	1002.82	23.69	-24.84	767.49	219.96	-2.33	0.00	309.32	0.00	708.36	7307.26
1463666603.0 51 170804.87	1001.97	23.88	-24.84	755.26	213.72	-0.00	0.00	309.10	0.00	708.36	7307.26
1463666604.0 51 170804.87	1003.62	24.07	-25.00	779.71	226.32	0.68	0.00	309.49	0.00	708.36	7307.26
1463666605.0 51 170804.87	1002.82	23.69	-24.84	758.75	217.45	-2.33	0.00	309.27	0.00	708.36	7307.26
1463666606.0 51 170804.87	1003.22	23.88	-24.84	770.98	222.49	-0.00	0.00	309.55	0.00	708.36	7307.26
1463666607.0 51 170804.87	1002.82	23.69	-25.00	762.24	219.96	-0.00	0.00	309.27	0.00	708.36	7307.26
1463666608.0 51 170804.87	1003.22	23.88	-25.00	753.51	217.45	-0.00	0.00	309.60	0.00	708.36	7307.26
1463666609.0 51 170804.87	1003.22	23.88	-24.84	769.23	221.22	-2.33	0.00	309.15	0.00	708.36	7307.26
1463666610.0 51 170804.87	1002.37	24.07	-25.00	750.01	217.45	-0.00	0.00	309.49	0.00	708.36	7307.26
1463666611.0 51 170804.87	1001.57	23.69	-24.84	760.50	221.22	0.68	0.00	309.38	0.00	708.36	7307.26
1463666612.0 51 170804.87	1002.82	23.69	-24.84	746.52	216.20	-2.33	0.00	309.21	0.00	708.36	7307.26
1463666613.0 51 170804.87	1002.82	23.69	-25.00	765.74	225.04	-0.00	0.00	309.77	0.00	708.36	7307.26
1463666614.0 51 170804.87	1001.57	23.69	-25.00	748.27	216.20	-0.00	0.00	309.27	0.00	708.36	7307.26
1463666615.0 51 170804.87	1002.82	23.69	-25.00	760.50	223.76	-0.00	0.00	309.32	0.00	708.36	7307.26
1463666616.0 51 170804.87	1004.07	23.69	-24.84	739.53	213.72	2.44	0.00	309.10	0.00	708.36	7307.26
1463666617.0 51 170804.87	1002.82	23.69	-24.68	746.52	216.20	-0.00	0.00	309.43	0.00	708.36	7307.26
1463666618.0 51 170804.87	1002.82	23.69	-25.00	744.77	214.96	-0.00	0.00	309.38	0.00	708.36	7307.26
1463666619.0 51 170804.87	1003.22	23.88	-24.84	739.53	216.20	-0.00	0.00	309.21	0.00	708.36	7307.26
1463666620.0 51 170804.87	1002.82	23.69	-24.84	753.51	219.96	0.68	0.00	309.21	0.00	708.36	7307.26
1463666621.0 51 170804.87	1001.57	23.69	-24.84	743.02	214.96	-0.00	0.00	309.21	0.00	708.36	7307.26
1463666622.0 51 170804.87	1003.22	23.88	-24.68	765.74	221.22	-2.33	0.00	309.27	0.00	708.36	7307.26
1463666623.0 51 170804.87	1002.82	23.69	-24.84	750.01	216.20	-0.00	0.00	309.15	0.00	708.36	7307.26
1463666624.0 51 170804.87	1003.22	23.88	-24.84	767.49	223.76	0.68	0.00	309.38	0.00	708.36	7307.26
1463666625.0 51 170804.87	1004.07	23.69	-24.84	748.27	213.72	-0.00	0.00	309.10	0.00	708.36	7307.26
1463666626.0 51 170804.87	1001.57	23.69	-24.84	767.49	223.76	-0.00	0.00	309.55	0.00	708.36	7307.26
1463666627.0 52 170804.87	1001.97	23.88	-24.84	767.49	223.76	-0.00	0.00	309.32	473.68	708.36	7307.26
1463666627.0 52 170804.87	1002.82	23.69	-24.84	746.52	213.72	-2.33	0.00	309.15	0.00	708.36	7307.26
1463666628.0 52 170804.87	1004.47	23.88	-24.84	769.23	222.49	-2.33	0.00	309.21	0.00	708.36	7307.26
1463666629.0 52 170804.87	1001.57	23.69	-24.84	760.50	218.70	-0.00	0.00	309.27	0.00	708.36	7307.26
1463666630.0 52 170804.87	1001.97	23.88	-25.00	765.74	219.96	-0.00	0.00	309.32	473.68	708.36	7307.26
1463666631.0 52 170804.87	1001.57	23.69	-24.84	758.75	214.96	-0.00	0.00	309.21	0.00	708.36	7307.26
1463666632.0 52 170804.87	1002.82	23.69	-24.84	757.00	217.45	-0.00	0.00	309.21	0.00	708.36	7307.26
1463666633.0 52 170804.87	1003.22	23.88	-24.84	769.23	217.45	-0.00	0.00	309.21	0.00	708.36	7307.26
1463666634.0 52 170804.87	1003.22	23.88	-24.68	765.74	217.45	-0.00	0.00	309.32	0.00	708.36	7307.26
1463666635.0 52 170804.87	1002.82	23.69	-24.68	772.73	218.70	-0.00	0.00	309.21	0.00	708.36	7307.26
1463666636.0 52 170804.87	1002.82	23.69	-24.84	776.22	218.70	-0.00	0.00	309.32	0.00	708.36	7307.26
1463666637.0 52 170804.87	1001.57	23.69	-24.84	783.21	225.04	-2.33	0.00	309.38	0.00	708.36	7307.26
1463666638.0 52 170804.87	1002.82	23.69	-24.84	763.99	214.96	-0.00	0.00	309.10	0.00	708.36	7307.26
1463666639.0 53 170804.87	1002.42	23.50	-24.84	760.50	211.25	-0.00	0.00	309.21	0.00	708.36	7307.26
1463666640.0 53 170804.87	1003.66	23.50	-24.84	767.49	219.96	-0.00	0.00	309.38	0.00	708.36	7307.26
1463666641.0 53 170804.87	1004.07	23.69	-24.84	769.23	213.72	-2.33	0.00	309.15	0.00	708.36	7307.26
1463666642.0 53 170804.87	1003.22	23.88	-24.84	776.22	218.70	-0.00	0.00	309.72	0.00	708.36	7307.26
1463666643.0 53 170804.87	1001.57	23.69	-24.84	783.21	222.49	0.68	0.00	309.32	0.00	708.36	7307.26
1463666644.0 53 170804.87	1001.97	23.88	-24.84	769.23	216.20	-0.00	0.00	309.21	0.00	708.36	7307.26
1463666645.0 53 170804.87	1001.97	23.88	-24.84	784.95	222.49	-0.00	0.00	309.43	0.00	708.36	7307.26
1463666646.0 53 170804.87	1003.22	23.88	-24.84	767.49	216.20	-2.33	0.00	309.21	0.00	708.36	7307.26
1463666647.0 53 170804.87	1003.22	23.88	-25.00	774.47	222.49	-0.00	0.00	309.43	0.00	708.36	7307.26
1463666648.0 53 170804.87	1003.22	23.88	-24.84	763.99	214.96	-0.00	0.00	309.21	0.00	708.36	7307.26
1463666649.0 53 170804.87	1003.22	23.88	-24.84	762.24	214.96	-0.00	0.00	309.55	0.00	708.36	7307.26
1463666650.0 53 170804.87	1001.97	23.88	-24.84	765.74	217.45	-0.00	0.00	309.21	0.00	708.36	7307.26
1463666651.0 53 170804.87	1001.57	23.69	-25.00	767.49	219.96	-0.00	0.00	309.55	0.00	708.36	7307.26
1463666652.0 52 170804.87	1004.07	23.69	-24.84	744.77	210.02	-2.33	0.00	308.93	0.00	708.36	7307.26
1463666653.0 52 170804.87	1003.22	23.88	-24.84	767.49	217.45	-2.33	0.00	309.15	0.00	708.36	7307.26
1463666654.0 52 170804.87	1002.37	24.07	-25.00	758.75	214.96	-0.00	0.00	309.10	0.00	708.36	7307.26
1463666655.0 52 170804.87	1001.57	23.69	-25.00	767.49	218.70	-2.33	0.00	309.32	0.00	708.36	7307.26
1463666656.0 52 170804.87	1001.97	23.88	-24.84	767.49	218.70	-0.00	0.00	309.32	0.00	708.36	7307.26
1463666657.0 52 170804.87	1001.97	23.88	-24.84	760.50	214.96	-0.00	0.00	309.21	0.00	708.36	7307.26
1463666658.0 52 170804.87	1003.22	23.88	-24.84	763.99	214.96	-0.00	0.00	309.15	0.00	708.36	7307.26
1463666659.0 52 170804.87	1001.57	23.69	-25.00	763.99	216.20	-0.00	0.00	309.32	0.00	708.36	7307.26
1463666660.0 52 170804.87	1001.57	23.69	-24.84	772.73	216.20	-0.00	0.00	309.15	0.00	708.36	7307.26
1463666661.0 52 170804.87	1003.22	23.88	-24.84	763.99	213.72	-0.00	0.00	309.38	0.00	708.36	7307.26
1463666662.0 52 170804.87	1002.37	24.07	-24.84	777.97	219.96	4.66	0.00	309.21	0.00	708.36	7307.26
1463666663.0 52 170804.87	1003.22	23.88	-24.84	765.74	216.20	-0.00	0.00	309.32	0.00	708.36	7307.26
1463666664.0 52 170804.87	1002.37	24.07	-24.84	788.45	223.76	0.68	0.00	309.27	0.00	708.36	7307.26
1463666665.0 53 170804.87	1001.57	23.69	-24.84	777.97	216.20	-0.00	0.00	309.10	0.00	708.36	7307.26
1463666666.0 53 170804.87	1001.57	23.69	-25.16	767.49	213.72	-0.00	0.00	309.43	0.00	708.36	7307.26
1463666667.0 53 170804.87	1002.77	24.25	-24.84	781.46	219.96	3.69	0.00	309.21	0.00	708.36	7307.26
1463666668.0 53 170804.87	1002.37	24.07	-24.84	767.49	216.20	-0.00	0.00	309.21	473.68	708.36	7307.26
1463666669.0 53 170804.87	1003.17	24.44	-24.84	784.95	225.04	3.69	0.00	309.32	0.00	708.36	7307.26
1463666670.0 53 170804.87	1003.22	23.88	-24.68	767.49	214.96	-2.33	0.00	309.10	0.00	708.36	7307.26
1463666671.0 53 170804.87	1002.37	24.07	-24.84	779.71	222.49	-0.00	0.00	309.55	0.00	708.36	7307.26
1463666672.0 53 170804.87	1004.02	24.25	-25.00	777.97	222.49	-2.33	0.00	309.27	0.00	708.36	7307.26
1463666673.0 53 170804.87	1002.77	24.25	-24.84	760.50	216.20	-0.00	0.00	309.55	0.00	708.36	7307.26
1463666674.0 53 170804.87	1002.77	24.25	-24.84	776.22	219.96	-2.33	0.00	309.10	473.68	708.36	7307.26
1463666675.0 53 170804.87	1002.37	24.07	-25.16	757.00	216.20	-0.00	0.00	309.49	0.00	708.36	7307.26
1463666676.0 53 170804.87	1001.97	23.88	-24.84	770.98	222.49	2.44	0.00	309.32	0.00	708.36	7307.26
1463666677.0 53 170804.87	1002.77	24.25	-24.84	757.00	216.20	-0.00	0.00	309.15	0.00	708.36	7307.26
1463666678.0 52 170804.87	1003.17	24.44	-25.00	758.75	217.45	-2.33	0.00	309.49	0.00	708.36	7307.26
1463666679.0 52 170804.87	1002.37	24.07	-25.00	767.49	219.96	-0.00	0.00	309.32	0.00	708.36	7307.26
1463666680.0 52 170804.87	1003.22	23.88	-24.84	760.50	217.45	-0.00	0.00	309.27	0.00	708.36	7307.26
1463666681.0 52 170804.87	1002.37	24.07	-25.00	767.49	219.96	-2.33	0.00	309.38	0.00	708.36	7307.26
1463666682.0 52 170804.87	1003.62	24.07	-24.84	755.26	214.96	-0.00	0.00	309.21	0.00	708.36	7307.26
1463666682.0 52 170804.87	1001.97	23.88	-25.16	781.46	226.32	-0.00	0.00	309.66	0.00	708.36	7307.26
1463666683.0 52 170804.87	1004.42	24.44	-24.68	760.50	218.70	-2.33	0.00	309.21	0.00	708.36	7307.26
1463666684.0 52 170804.87	1002.37	24.07	-25.00	757.00	216.20	-2.33	0.00	309.43	0.00	708.36	7307.26
1463666685.0 52 170804.87	1003.62	24.07	-24.84	767.49	217.45	-2.33	0.00	309.21	0.00	708.36	7307.26
1463666686.0 52 170804.87	1004.42	24.44	-24.84	760.50	216.20	-0.00	0.00	309.55	0.00	708.36	7307.26
1463666687.0 52 170804.87	1002.77	24.25	-24.84	765.74	217.45	-2.33	0.00	309.21	0.00	708.36	7307.26
1463666688.0 52 170804.87	1002.37	24.07	-24.84	762.24	216.20	-0.00	0.00	309.21	0.00	708.36	7307.26
1463666689.0 52 170804.87	1002.77	24.25	-25.00	760.50	214.96	-0.00	0.00	309.32	0.00	708.36	7307.26
1463666690.0 52 170804.87	1002.77	24.25	-24.84	770.98	219.96	-0.00	0.00	309.15	0.00	708.36	7307.26
1463666691.0 52 170804.87	1002.37	24.07	-25.00	755.26	212.48	-0.00	0.00	309.10	0.00	708.36	7307.26
1463666692.0 52 170804.87	1002.77	24.25	-24.84	760.50	214.96	-0.00	0.00	309.15	0.00	708.36	7307.26
1463666693.0 52 170804.87	1003.62	24.07	-24.84	763.99	214.96	-0.00	0.00	309.15	0.00	708.36	7307.26
1463666694.0 52 170804.87	1001.97	23.88	-24.84	770.98	219.96	-0.00	0.00	309.32	0.00	708.36	7307.26
1463666695.0 52 170804.87	1001.97	23.88	-24.84	765.74	214.96	-0.00	0.00	309.21	0.00	708.36	7307.26
1463666696.0 52 170804.87	1003.17	24.44	-24.68	762.24	214.96	-0.00	0.00	309.27	0.00	708.36	7307.26
1463666697.0 52 170804.87	1003.17	24.44	-24.84	772.73	218.70	-2.33	0.00	309.21	0.00	708.36	7307.26
1463666698.0 52 170804.87	1002.77	24.25	-24.84	760.50	213.72	-2.33	0.00	309.21	0.00	708.36	7307.26
1463666699.0 52 170804.87	1003.17	24.44	-24.84	791.94	225.04	-2.33	0.00	309.32	0.00	708.36	7307.26
1463666700.0 52 170804.87	1001.52	24.25	-24.68	758.75	212.48	-0.00	0.00	309.04	0.00	708.36	7307.26
1463666701.0 52 170804.87	1004.42	24.44	-24.84	781.46	223.76	-0.00	0.00	309.43	0.00	708.36	7307.26
1463666702.0 52 170804.87	1004.02	24.25	-24.84	757.00	214.96	-0.00	0.00	309.04	0.00	708.36	7307.26
1463666703.0 53 170804.87	1002.37	24.07	-24.84	755.26	213.72	-2.33	0.00	309.21	0.00	708.36	7307.26
1463666704.0 53 170804.87	1002.37	24.07	-24.84	769.23	219.96	-0.00	0.00	309.60	0.00	708.36	7307.26
1463666705.0 53 170804.87	1003.17	24.44	-24.84	755.26	214.96	-0.00	0.00	309.15	0.00	708.36	7307.26
1463666706.0 53 170804.87	1002.77	24.25	-25.16	786.70	230.18	-0.00	0.00	309.89	0.00	708.36	7307.26
1463666707.0 53 170804.87	1004.42	24.44	-24.84	770.98	222.49	-2.33	0.00	309.32	0.00	708.36	7307.26
1463666708.0 53 170804.87	1002.77	24.25	-25.00	769.23	218.70	-0.00	0.00	309.72	0.00	708.36	7307.26
1463666709.0 53 170804.87	1003.17	24.44	-24.84	777.97	218.70	-2.33	0.00	309.15	0.00	708.36	7307.26
1463666710.0 53 170804.87	1003.17	24.44	-25.00	757.00	214.96	-0.00	0.00	309.49	0.00	708.36	7307.26
1463666711.0 53 170804.87	1003.17	24.44	-24.84	770.98	221.22	2.44	0.00	309.27	0.00	708.36	7307.26
1463666712.0 53 170804.87	1003.17	24.44	-24.84	760.50	217.45	-0.00	0.00	309.15	0.00	708.36	7307.26
1463666713.0 53 170804.87	1003.17	24.44	-24.84	774.47	221.22	-0.00	0.00	309.60	0.00	708.36	7307.26
1463666714.0 53 170804.87	1003.17	24.44	-24.84	758.75	216.20	-2.33	0.00	309.21	0.00	708.36	7307.26
1463666715.0 53 170804.87	1002.77	24.25	-25.00	758.75	219.96	-2.33	0.00	309.43	0.00	708.36	7307.26
1463666716.0 53 170804.87	1004.42	24.44	-24.68	750.01	212.48	-2.33	0.00	309.15	0.00	708.36	7307.26
1463666717.0 53 170804.87	1003.17	24.44	-24.84	770.98	221.22	-0.00	0.00	309.32	0.00	708.36	7307.26
1463666718.0 53 170804.87	1003.17	24.44	-24.84	751.76	212.48	-0.00	0.00	309.10	0.00	708.36	7307.26
1463666719.0 53 170804.87	1002.37	24.07	-24.84	767.49	219.96	0.68	0.00	309.43	0.00	708.36	7307.26
1463666720.0 53 170804.87	1003.17	24.44	-25.00	758.75	214.96	-0.00	0.00	309.21	0.00	708.36	7307.26
1463666721.0 53 170804.87	1003.17	24.44	-24.84	765.74	218.70	-2.33	0.00	309.43	0.00	708.36	7307.26
1463666722.0 53 170804.87	1003.17	24.44	-24.84	758.75	216.20	-0.00	0.00	309.21	0.00	708.36	7307.26
1463666723.0 53 170804.87	1002.77	24.25	-25.00	758.75	214.96	-0.00	0.00	309.21	0.00	708.36	7307.26
1463666724.0 53 170804.87	1003.17	24.44	-24.84	767.49	217.45	-0.00	0.00	309.15	0.00	708.36	7307.26
1463666725.0 53 170804.87	1004.02	24.25	-24.84	755.26	213.72	-0.00	0.00	309.15	0.00	708.36	7307.26
1463666726.0 53 170804.87	1004.42	24.44	-25.00	772.73	221.22	-2.33	0.00	309.32	0.00	708.36	7307.26
1463666727.0 53 170804.87	1002.37	24.07	-24.84	760.50	214.96	-0.00	0.00	309.21	0.00	708.36	7307.26
1463666728.0 53 170804.87	1003.17	24.44	-24.84	777.97	223.76	-2.33	0.00	309.32	0.00	708.36	7307.26
1463666729.0 53 170804.87	1001.12	24.07	-24.84	769.23	221.22	-2.33	0.00	309.32	0.00	708.36	7307.26
1463666730.0 53 170804.87	1004.02	24.25	-24.84	755.26	213.72	-0.00	0.00	309.15	0.00	708.36	7307.26
1463666731.0 53 170804.87	1002.77	24.25	-24.68	751.76	213.72	-0.00	0.00	309.21	0.00	708.36	7307.26
1463666732.0 53 170804.87	1003.17	24.44	-24.84	758.75	214.96	-0.00	0.00	309.21	0.00	708.36	7307.26
1463666733.0 53 170804.87	1004.42	24.44	-24.84	748.27	218.70	-0.00	0.00	309.55	0.00	708.36	7307.26
1463666734.0 53 170804.87	1002.37	24.07	-24.84	755.26	218.70	-0.00	0.00	309.10	0.00	708.36	7307.26
1463666735.0 53 170804.87	1002.77	24.25	-25.00	748.27	214.96	-0.00	0.00	309.55	0.00	708.36	7307.26
1463666736.0 53 170804.87	1003.62	24.07	-24.68	762.24	222.49	-2.33	0.00	309.27	0.00	708.36	7307.26
1463666737.0 53 170804.87	1002.37	24.07	-24.84	750.01	216.20	-2.33	0.00	309.21	0.00	708.36	7307.26
1463666737.0 53 170804.87	1001.92	24.44	-25.00	765.74	221.22	-0.00	0.00	309.38	344.01	708.36	7307.26
1463666738.0 53 170804.87	1004.02	24.25	-24.84	750.01	214.96	-0.00	0.00	309.21	0.00	708.36	7307.26
1463666739.0 53 170804.87	1004.02	24.25	-24.84	757.00	222.49	-2.33	0.00	309.43	0.00	708.36	7307.26
1463666740.0 53 170804.87	1003.62	24.07	-24.84	755.26	219.96	-2.33	0.00	309.21	0.00	708.36	7307.26
1463666741.0 54 170804.87	1003.62	24.07	-24.84	748.27	213.72	-0.00	0.00	309.15	0.00	708.36	7307.26
1463666742.0 54 170804.87	1002.37	24.07	-24.84	762.24	217.45	-0.00	0.00	309.32	0.00	708.36	7307.26
1463666743.0 54 170804.87	1001.97	23.88	-24.84	757.00	213.72	-0.00	0.00	309.10	0.00	708.36	7307.26
1463666744.0 54 170804.87	1003.62	24.07	-25.00	760.50	214.96	-0.00	0.00	309.49	0.00	708.36	7307.26
1463666745.0 54 170804.87	1004.87	24.07	-24.84	763.99	216.20	-0.00	0.00	309.15	0.00	708.36	7307.26
1463666746.0 54 170804.87	1002.77	24.25	-25.00	760.50	216.20	-0.00	0.00	309.55	0.00	708.36	7307.26
1463666747.0 54 170804.87	1003.62	24.07	-24.68	770.98	217.45	-2.33	0.00	309.21	0.00	708.36	7307.26
1463666748.0 54 170804.87	1001.12	24.07	-24.84	769.23	216.20	-0.00	0.00	309.15	0.00	708.36	7307.26
1463666749.0 54 170804.87	1004.02	24.25	-24.84	772.73	216.20	-0.00	0.00	309.27	0.00	708.36	7307.26
1463666750.0 54 170804.87	1002.37	24.07	-24.84	776.22	214.96	-2.33	0.00	309.15	0.00	708.36	7307.26
1463666751.0 54 170804.87	1002.77	24.25	-24.84	774.47	214.96	-0.00	0.00	309.27	0.00	708.36	7307.26
1463666752.0 54 170804.87	1001.97	23.88	-24.84	784.95	217.45	-0.00	0.00	309.15	0.00	708.36	7307.26
1463666753.0 54 170804.87	1002.37	24.07	-25.00	770.98	213.72	-0.00	0.00	309.27	0.00	708.36	7307.26
1463666754.0 53 170804.87	1003.62	24.07	-24.84	776.22	219.96	-0.00	0.00	309.49	0.00	708.36	7307.26
1463666755.0 53 170804.87	1003.22	23.88	-24.68	786.70	217.45	-2.33	0.00	309.10	0.00	708.36	7307.26
1463666756.0 53 170804.87	1001.97	23.88	-24.84	798.93	221.22	-0.00	0.00	309.60	0.00	708.36	7307.26
1463666757.0 53 170804.87	1003.62	24.07	-24.84	793.69	218.70	-0.00	0.00	309.21	0.00	708.36	7307.26
1463666758.0 53 170804.87	1001.97	23.88	-24.84	777.97	212.48	-0.00	0.00	309.21	0.00	708.36	7307.26
1463666759.0 53 170804.87	1003.62	24.07	-24.84	800.67	225.04	-0.00	0.00	309.21	473.68	708.36	7307.26
1463666760.0 53 170804.87	1002.37	24.07	-24.84	772.73	212.48	-0.00	0.00	309.10	0.00	708.36	7307.26
1463666761.0 53 170804.87	1002.37	24.07	-24.84	793.69	222.49	-0.00	0.00	309.32	473.68	708.36	7307.26
1463666762.0 53 170804.87	1001.97	23.88	-24.68	779.71	213.72	-0.00	0.00	309.10	0.00	708.36	7307.26
1463666763.0 53 170804.87	1003.22	23.88	-24.84	779.71	219.96	-2.33	0.00	309.55	0.00	708.36	7307.26
1463666764.0 53 170804.87	1001.97	23.88	-24.84	804.16	222.49	-2.33	0.00	309.21	0.00	708.36	7307.26
1463666765.0 53 170804.87	1001.57	23.69	-25.00	791.94	216.20	-0.00	0.00	309.55	0.00	708.36	7307.26
1463666766.0 53 170804.87	1001.57	23.69	-24.84	804.16	222.49	-2.33	0.00	309.27	0.00	708.36	7307.26
1463666767.0 53 170804.87	1002.37	24.07	-25.00	795.43	213.72	-0.00	0.00	309.21	0.00	708.36	7307.26
1463666768.0 53 170804.87	1002.37	24.07	-25.16	797.18	213.72	-0.00	0.00	309.43	0.00	708.36	7307.26
1463666769.0 53 170804.87	1003.62	24.07	-25.16	819.88	218.70	-0.00	0.00	309.66	0.00	708.36	7307.26
1463666770.0 53 170804.87	1001.97	23.88	-24.68	833.85	214.96	-0.00	0.00	309.15	473.68	708.36	7307.26
1463666771.0 53 170804.87	1002.77	24.25	-24.84	880.96	226.32	-0.00	0.00	309.60	0.00	708.36	7307.26
1463666772.0 53 170804.87	1002.37	24.07	-24.68	873.98	214.96	-0.00	0.00	309.21	0.00	708.36	7307.26
1463666773.0 53 170804.87	1003.62	24.07	-24.84	896.66	222.49	-0.00	0.00	309.43	0.00	708.36	7307.26
1463666774.0 53 170804.87	1003.62	24.07	-24.84	887.94	216.20	-2.33	0.00	309.15	0.00	708.36	7307.26
1463666775.0 53 170804.87	1002.77	24.25	-24.84	889.69	214.96	-0.00	0.00	309.43	473.68	708.36	7307.26
1463666776.0 53 170804.87	1002.77	24.25	-24.84	903.64	216.20	-0.00	0.00	309.15	0.00	708.36	7307.26
1463666777.0 53 170804.87	1004.02	24.25	-24.84	907.13	214.96	-0.00	0.00	309.15	0.00	708.36	7307.26
1463666778.0 53 170804.87	1004.02	24.25	-24.68	933.28	221.22	-2.33	0.00	309.32	0.00	708.36	7307.26
1463666779.0 53 170804.87	1002.77	24.25	-24.84	931.54	214.96	-0.00	0.00	309.15	0.00	708.36	7307.26
1463666780.0 52 170804.87	1004.42	24.44	-24.84	938.51	212.48	-0.00	0.00	309.04	0.00	708.36	7307.26
1463666781.0 52 170804.87	1002.37	24.07	-24.68	983.82	223.76	-2.33	0.00	309.27	473.68	708.36	7307.26
1463666782.0 52 170804.87	1002.77	24.25	-24.84	952.46	208.80	-0.00	0.00	308.93	0.00	708.36	7307.26
1463666783.0 52 170804.87	1003.17	24.44	-24.84	971.62	213.72	-0.00	0.00	309.15	0.00	708.36	7307.26
1463666784.0 52 170804.87	1002.77	24.25	-24.84	992.53	218.70	-2.33	0.00	309.21	0.00	708.36	7307.26
1463666785.0 52 170804.87	1002.77	24.25	-24.84	983.82	213.72	-0.00	0.00	309.27	0.00	708.36	7307.26
1463666786.0 52 170804.87	1003.62	24.07	-24.68	1011.68	225.04	-2.33	0.00	309.43	0.00	708.36	7307.26
1463666787.0 52 170804.87	1002.77	24.25	-24.84	982.08	213.72	-0.00	0.00	309.10	0.00	708.36	7307.26
1463666788.0 52 170804.87	1003.17	24.44	-24.84	1025.61	227.60	0.68	0.00	309.55	0.00	708.36	7307.26
1463666789.0 52 170804.87	1002.77	24.25	-24.68	997.75	214.96	-0.00	0.00	309.10	0.00	708.36	7307.26
1463666790.0 52 170804.87	1004.02	24.25	-24.84	992.53	219.96	-0.00	0.00	309.55	0.00	708.36	7307.26
1463666791.0 52 170804.87	1004.42	24.44	-24.84	1002.98	218.70	-2.33	0.00	309.15	0.00	708.36	7307.26
1463666792.0 52 170804.87	1003.17	24.44	-24.84	989.04	214.96	-2.33	0.00	309.21	0.00	708.36	7307.26
1463666792.0 52 170804.87	1002.77	24.25	-25.00	990.79	213.72	-0.00	0.00	309.38	0.00	708.36	7307.26
1463666793.0 52 170804.87	1003.17	24.44	-24.84	990.79	216.20	-0.00	0.00	309.10	0.00	708.36	7307.26
1463666794.0 52 170804.87	1003.17	24.44	-24.84	1004.72	218.70	-0.00	0.00	309.27	0.00	708.36	7307.26
1463666795.0 52 170804.87	1001.52	24.25	-24.68	1011.68	221.22	-2.33	0.00	309.32	0.00	708.36	7307.26
1463666796.0 52 170804.87	1003.17	24.44	-24.84	997.75	217.45	-0.00	0.00	309.21	0.00	708.36	7307.26
1463666797.0 52 170804.87	1003.17	24.44	-24.84	1015.16	226.32	-0.00	0.00	309.49	0.00	708.36	7307.26
1463666798.0 52 170804.87	1002.77	24.25	-24.84	989.04	214.96	-0.00	0.00	309.15	0.00	708.36	7307.26
1463666799.0 52 170804.87	1001.92	24.44	-24.84	985.56	214.96	-2.33	0.00	309.38	0.00	708.36	7307.26
1463666800.0 52 170804.87	1002.37	24.07	-24.84	985.56	216.20	-0.00	0.00	309.27	0.00	708.36	7307.26
1463666801.0 52 170804.87	1002.77	24.25	-24.84	983.82	216.20	-0.00	0.00	309.21	0.00	708.36	7307.26
1463666802.0 52 170804.87	1003.62	24.07	-24.84	990.79	217.45	-2.33	0.00	309.21	0.00	708.36	7307.26
1463666803.0 52 170804.87	1002.77	24.25	-24.84	990.79	218.70	-2.33	0.00	309.32	0.00	708.36	7307.26
1463666804.0 49 170804.87	1003.17	24.44	-24.84	962.91	210.02	-0.00	0.00	308.87	0.00	708.36	7307.26
1463666805.0 49 170804.87	1003.17	24.44	-24.84	999.49	222.49	3.69	0.00	309.15	473.68	708.36	7307.26
1463666806.0 49 170804.87	1003.17	24.44	-24.84	975.11	216.20	-0.00	0.00	309.04	0.00	708.36	7307.26
1463666807.0 49 170804.87	1003.17	24.44	-24.68	985.56	217.45	-0.00	0.00	309.49	0.00	708.36	7307.26
1463666808.0 49 170804.87	1003.17	24.44	-24.68	982.08	214.96	-0.00	0.00	309.15	0.00	708.36	7307.26
1463666809.0 49 170804.87	1001.92	24.44	-24.84	975.11	213.72	-2.33	0.00	309.21	0.00	708.36	7307.26
1463666810.0 49 170804.87	1003.17	24.44	-24.84	994.27	217.45	-0.00	0.00	309.21	0.00	708.36	7307.26
1463666811.0 49 170804.87	1003.17	24.44	-24.68	980.33	212.48	-0.00	0.00	309.21	0.00	708.36	7307.26
1463666812.0 49 170804.87	1004.42	24.44	-24.84	1015.16	223.76	-0.00	0.00	309.27	0.00	708.36	7307.26
1463666813.0 49 170804.87	1001.92	24.44	-24.68	990.79	214.96	-2.33	0.00	309.10	0.00	708.36	7307.26
1463666814.0 49 170804.87	1003.17	24.44	-24.68	1018.65	222.49	-0.00	0.00	309.32	473.68	708.36	7307.26
1463666815.0 49 170804.87	1001.92	24.44	-24.68	1006.46	217.45	-0.00	0.00	309.10	0.00	708.36	7307.26
1463666816.0 49 170804.87	1003.17	24.44	-24.84	1001.23	214.96	-0.00	0.00	309.55	0.00	708.36	7307.26
1463666817.0 50 170804.87	1002.77	24.25	-24.84	982.08	208.80	-2.33	0.00	308.87	0.00	708.36	7307.26
1463666818.0 50 170804.87	1003.17	24.44	-24.84	1002.98	216.20	-0.00	0.00	309.27	0.00	708.36	7307.26
1463666819.0 50 170804.87	1003.17	24.44	-25.00	1002.98	217.45	-0.00	0.00	309.43	0.00	708.36	7307.26
1463666820.0 50 170804.87	1003.17	24.44	-25.00	1018.65	225.04	-2.33	0.00	309.43	0.00	708.36	7307.26
1463666821.0 50 170804.87	1003.17	24.44	-24.84	1004.72	214.96	-0.00	0.00	309.21	0.00	708.36	7307.26
1463666822.0 50 170804.87	1003.17	24.44	-24.68	1025.61	223.76	-0.00	0.00	309.38	0.00	708.36	7307.26
1463666823.0 50 170804.87	1003.17	24.44	-24.84	1020.39	221.22	-2.33	0.00	309.27	0.00	708.36	7307.26
1463666824.0 50 170804.87	1003.17	24.44	-24.84	1002.98	225.04	-0.00	0.00	309.60	0.00	708.36	7307.26
1463666825.0 50 170804.87	1002.77	24.25	-24.84	989.04	216.20	-0.00	0.00	309.15	0.00	708.36	7307.26
1463666826.0 50 170804.87	1001.92	24.44	-25.00	982.08	214.96	-0.00	0.00	309.49	0.00	708.36	7307.26
1463666827.0 50 170804.87	1003.17	24.44	-25.00	987.30	214.96	-2.33	0.00	309.38	0.00	708.36	7307.26
1463666828.0 50 170804.87	1001.52	24.25	-24.84	994.27	214.96	-0.00	0.00	309.21	0.00	708.36	7307.26
1463666829.0 50 170804.87	1003.17	24.44	-24.84	1006.46	214.96	-0.00	0.00	309.27	0.00	708.36	7307.26
1463666830.0 50 170804.87	1003.17	24.44	-24.84	1022.13	214.96	-0.00	0.00	309.15	0.00	708.36	7307.26
1463666831.0 49 170804.87	1001.92	24.44	-24.84	1027.35	212.48	-0.00	0.00	309.04	0.00	708.36	7307.26
1463666832.0 49 170804.87	1003.17	24.44	-24.84	1056.93	221.22	-0.00	0.00	309.49	0.00	708.36	7307.26
1463666833.0 49 170804.87	1003.17	24.44	-24.84	1049.97	217.45	-0.00	0.00	309.21	0.00	708.36	7307.26
1463666834.0 49 170804.87	1004.83	24.63	-24.84	1034.31	214.96	-0.00	0.00	309.15	0.00	708.36	7307.26
1463666835.0 49 170804.87	1003.17	24.44	-24.84	1048.23	218.70	-2.33	0.00	309.21	473.68	708.36	7307.26
1463666836.0 49 170804.87	1003.17	24.44	-24.84	1039.53	216.20	-0.00	0.00	309.32	0.00	708.36	7307.26
1463666837.0 49 170804.87	1003.17	24.44	-24.84	1058.67	227.60	-0.00	0.00	309.49	0.00	708.36	7307.26
1463666838.0 49 170804.87	1003.17	24.44	-24.84	1009.94	217.45	-0.00	0.00	309.21	0.00	708.36	7307.26
1463666839.0 49 170804.87	1003.17	24.44	-24.84	1013.42	226.32	-2.33	0.00	309.55	0.00	708.36	7307.26
1463666840.0 49 170804.87	1001.52	24.25	-24.84	982.08	221.22	-0.00	0.00	309.32	0.00	708.36	7307.26
1463666841.0 49 170804.87	1004.42	24.44	-25.00	962.91	218.70	-0.00	0.00	309.72	0.00	708.36	7307.26
1463666842.0 49 170804.87	1002.77	24.25	-24.84	975.11	222.49	-2.33	0.00	309.27	0.00	708.36	7307.26
1463666843.0 48 170804.87	1003.17	24.44	-25.00	957.68	219.96	-0.00	0.00	309.66	0.00	708.36	7307.26
1463666844.0 48 170804.87	1003.17	24.44	-24.84	950.71	222.49	0.68	0.00	309.60	0.00	708.36	7307.26
1463666845.0 48 170804.87	1003.17	24.44	-25.00	959.43	218.70	-2.33	0.00	309.38	0.00	708.36	7307.26
1463666846.0 48 170804.87	1003.17	24.44	-25.00	975.11	222.49	-2.33	0.00	309.89	0.00	708.36	7307.26
1463666846.0 48 170804.87	1003.17	24.44	-24.68	1006.46	228.89	3.69	0.00	309.27	0.00	708.36	7307.26
1463666847.0 48 170804.87	1003.17	24.44	-24.84	1002.98	218.70	-0.00	0.00	309.43	0.00	708.36	7307.26
1463666848.0 48 170804.87	1003.17	24.44	-25.00	1036.05	225.04	-2.33	0.00	309.43	0.00	708.36	7307.26
1463666849.0 48 170804.87	1004.42	24.44	-24.84	1027.35	217.45	-0.00	0.00	309.32	0.00	708.36	7307.26
1463666850.0 48 170804.87	1004.42	24.44	-25.00	1056.93	227.60	-0.00	0.00	309.66	0.00	708.36	7307.26
1463666851.0 48 170804.87	1003.17	24.44	-24.84	1039.53	219.96	-0.00	0.00	309.38	0.00	708.36	7307.26
1463666852.0 48 170804.87	1002.77	24.25	-24.84	1029.09	217.45	-0.00	0.00	309.60	0.00	708.36	7307.26
1463666853.0 48 170804.87	1003.17	24.44	-24.84	1025.61	221.22	-0.00	0.00	309.38	0.00	708.36	7307.26
1463666854.0 48 170804.87	1003.17	24.44	-24.84	1002.98	217.45	-0.00	0.00	309.32	0.00	708.36	7307.26
1463666855.0 49 170804.87	1004.42	24.44	-25.00	996.01	221.22	0.68	0.00	309.43	0.00	708.36	7307.26
1463666856.0 49 170804.87	1002.77	24.25	-24.84	983.82	218.70	-0.00	0.00	309.32	0.00	708.36	7307.26
1463666857.0 49 170804.87	1002.77	24.25	-24.84	976.85	217.45	-0.00	0.00	309.49	0.00	708.36	7307.26
1463666858.0 49 170804.87	1003.17	24.44	-24.84	999.49	223.76	-0.00	0.00	309.38	473.68	708.36	7307.26
1463666859.0 49 170804.87	1002.37	24.07	-25.00	969.88	218.70	-0.00	0.00	309.66	0.00	708.36	7307.26
1463666860.0 49 170804.87	1002.77	24.25	-25.00	971.62	225.04	0.68	0.00	309.49	0.00	708.36	7307.26
1463666861.0 49 170804.87	1003.17	24.44	-24.84	943.74	218.70	-0.00	0.00	309.38	0.00	708.36	7307.26
1463666862.0 49 170804.87	1002.77	24.25	-25.16	948.97	225.04	-0.00	0.00	309.72	0.00	708.36	7307.26
1463666863.0 49 170804.87	1003.17	24.44	-24.84	922.82	218.70	-0.00	0.00	309.32	0.00	708.36	7307.26
1463666864.0 49 170804.87	1003.17	24.44	-25.00	929.80	222.49	-0.00	0.00	309.60	0.00	708.36	7307.26
1463666865.0 49 170804.87	1004.02	24.25	-24.84	935.03	219.96	-2.33	0.00	309.43	0.00	708.36	7307.26
1463666866.0 49 170804.87	1004.02	24.25	-25.00	940.25	218.70	-0.00	0.00	309.72	0.00	708.36	7307.26
1463666867.0 49 170804.87	1003.17	24.44	-24.84	945.48	216.20	-0.00	0.00	309.21	0.00	708.36	7307.26
1463666868.0 49 170804.87	1002.37	24.07	-25.00	957.68	218.70	-0.00	0.00	309.21	0.00	708.36	7307.26
1463666869.0 49 170804.87	1002.77	24.25	-24.68	976.85	221.22	-0.00	0.00	309.43	473.68	708.36	7307.26
1463666870.0 49 170804.87	1001.52	24.25	-24.84	976.85	213.72	-0.00	0.00	309.10	0.00	708.36	7307.26
1463666871.0 49 170804.87	1004.02	24.25	-25.00	992.53	216.20	-0.00	0.00	309.72	0.00	708.36	7307.26
1463666872.0 49 170804.87	1002.77	24.25	-24.68	1015.16	225.04	-0.00	0.00	309.21	0.00	708.36	7307.26
1463666873.0 49 170804.87	1003.17	24.44	-24.84	1009.94	219.96	-0.00	0.00	309.32	0.00	708.36	7307.26
1463666874.0 49 170804.87	1002.77	24.25	-25.00	1008.20	221.22	-2.33	0.00	309.38	0.00	708.36	7307.26
1463666875.0 49 170804.87	1002.77	24.25	-24.84	980.33	214.96	-2.33	0.00	309.21	0.00	708.36	7307.26
1463666876.0 49 170804.87	1001.12	24.07	-25.00	994.27	226.32	-0.00	0.00	309.66	0.00	708.36	7307.26
1463666877.0 49 170804.87	1002.37	24.07	-24.84	961.17	214.96	-0.00	0.00	309.27	0.00	708.36	7307.26
1463666878.0 49 170804.87	1003.17	24.44	-24.84	961.17	214.96	-2.33	0.00	309.43	0.00	708.36	7307.26
1463666879.0 49 170804.87	1002.37	24.07	-24.84	990.79	221.22	2.44	0.00	309.21	0.00	708.36	7307.26
1463666880.0 49 170804.87	1002.37	24.07	-24.84	990.79	213.72	-0.00	0.00	309.21	0.00	708.36	7307.26
1463666881.0 49 170804.87	1004.02	24.25	-24.84	982.08	208.80	-0.00	0.00	308.87	0.00	708.36	7307.26
1463666882.0 49 170804.87	1003.17	24.44	-24.68	1032.57	222.49	-0.00	0.00	309.21	0.00	708.36	7307.26
1463666883.0 49 170804.87	1003.17	24.44	-24.68	1016.91	213.72	-0.00	0.00	309.10	0.00	708.36	7307.26
1463666884.0 49 170804.87	1003.17	24.44	-25.00	1029.09	216.20	-0.00	0.00	309.49	0.00	708.36	7307.26
1463666885.0 49 170804.87	1002.77	24.25	-24.68	1030.83	214.96	-0.00	0.00	309.15	0.00	708.36	7307.26
1463666886.0 49 170804.87	1001.92	24.44	-25.00	1041.27	218.70	-2.33	0.00	309.43	0.00	708.36	7307.26
1463666887.0 49 170804.87	1003.17	24.44	-24.84	1055.19	221.22	-2.33	0.00	309.32	0.00	708.36	7307.26
1463666888.0 49 170804.87	1003.17	24.44	-24.84	1037.79	214.96	-0.00	0.00	309.21	0.00	708.36	7307.26
1463666889.0 49 170804.87	1003.17	24.44	-24.84	1069.11	221.22	3.69	0.00	309.21	0.00	708.36	7307.26
1463666890.0 49 170804.87	1004.02	24.25	-24.84	1039.53	212.48	-0.00	0.00	309.10	0.00	708.36	7307.26
1463666891.0 49 170804.87	1002.77	24.25	-24.84	1070.85	223.76	-0.00	0.00	309.32	0.00	708.36	7307.26
1463666892.0 49 170804.87	1003.17	24.44	-24.84	1067.37	219.96	-0.00	0.00	309.27	0.00	708.36	7307.26
1463666893.0 49 170804.87	1003.17	24.44	-24.84	1058.67	217.45	-0.00	0.00	309.72	0.00	708.36	7307.26
1463666894.0 48 170804.87	1001.92	24.44	-24.84	1043.01	212.48	-0.00	0.00	309.15	0.00	708.36	7307.26
1463666895.0 48 170804.87	1002.77	24.25	-24.84	1048.23	214.96	-2.33	0.00	309.10	0.00	708.36	7307.26
1463666896.0 48 170804.87	1001.92	24.44	-24.68	1051.71	217.45	-0.00	0.00	309.21	0.00	708.36	7307.26
1463666897.0 48 170804.87	1003.17	24.44	-25.00	1069.11	222.49	-0.00	0.00	309.55	0.00	708.36	7307.26
1463666898.0 48 170804.87	1001.92	24.44	-24.84	1046.49	214.96	-0.00	0.00	309.15	0.00	708.36	7307.26
1463666899.0 48 170804.87	1001.92	24.44	-24.84	1044.75	216.20	2.44	0.00	309.49	0.00	708.36	7307.26
1463666900.0 48 170804.87	1001.92	24.44	-24.84	1049.97	214.96	-0.00	0.00	309.21	0.00	708.36	7307.26
1463666901.0 48 170804.87	1003.17	24.44	-25.16	1044.75	214.96	-0.00	0.00	309.49	0.00	708.36	7307.26
1463666902.0 48 170804.87	1003.17	24.44	-24.84	1046.49	217.45	-2.33	0.00	309.21	0.00	708.36	7307.26
1463666903.0 48 170804.87	1001.92	24.44	-24.84	1043.01	214.96	-0.00	0.00	309.21	0.00	708.36	7307.26
1463666904.0 48 170804.87	1001.52	24.25	-25.00	1053.45	218.70	-0.00	0.00	309.43	0.00	708.36	7307.26
1463666905.0 48 170804.87	1003.17	24.44	-24.84	1049.97	214.96	-0.00	0.00	309.15	0.00	708.36	7307.26
1463666906.0 48 170804.87	1002.77	24.25	-24.84	1034.31	212.48	-0.00	0.00	309.21	0.00	708.36	7307.26
1463666907.0 49 170804.87	1003.17	24.44	-24.84	1058.67	222.49	-0.00	0.00	309.55	0.00	708.36	7307.26
1463666908.0 49 170804.87	1003.17	24.44	-24.84	1055.19	219.96	-0.00	0.00	309.10	0.00	708.36	7307.26
1463666909.0 49 170804.87	1002.77	24.25	-24.84	1034.31	214.96	-2.33	0.00	309.10	0.00	708.36	7307.26
1463666910.0 49 170804.87	1002.77	24.25	-24.84	1049.97	218.70	-2.33	0.00	309.10	0.00	708.36	7307.26
1463666911.0 49 170804.87	1003.17	24.44	-24.84	1029.09	213.72	-0.00	0.00	309.15	0.00	708.36	7307.26
1463666911.0 49 170804.87	1002.77	24.25	-24.84	1060.41	223.76	8.08	0.00	309.43	0.00	708.36	7307.26
1463666912.0 49 170804.87	1004.42	24.44	-25.00	1037.79	214.96	-0.00	0.00	309.38	0.00	708.36	7307.26
1463666913.0 49 170804.87	1003.17	24.44	-24.84	1048.23	222.49	-2.33	0.00	309.55	0.00	708.36	7307.26
1463666914.0 49 170804.87	1002.37	24.07	-25.00	1043.01	218.70	-2.33	0.00	309.15	0.00	708.36	7307.26
1463666915.0 49 170804.87	1003.17	24.44	-25.00	1032.57	214.96	-0.00	0.00	309.55	0.00	708.36	7307.26
1463666916.0 49 170804.87	1002.77	24.25	-24.84	1049.97	222.49	-2.33	0.00	309.27	0.00	708.36	7307.26
1463666917.0 49 170804.87	1002.77	24.25	-24.84	1032.57	216.20	-0.00	0.00	309.15	0.00	708.36	7307.26
1463666918.0 49 170804.87	1002.77	24.25	-24.84	1049.97	219.96	-0.00	0.00	309.55	0.00	708.36	7307.26
1463666919.0 50 170804.87	1004.42	24.44	-25.00	1025.61	213.72	-0.00	0.00	309.27	0.00	708.36	7307.26
1463666920.0 50 170804.87	1002.77	24.25	-24.84	1025.61	213.72	-0.00	0.00	309.15	0.00	708.36	7307.26
1463666921.0 50 170804.87	1002.37	24.07	-24.84	1025.61	213.72	-2.33	0.00	309.10	0.00	708.36	7307.26
1463666922.0 50 170804.87	1003.17	24.44	-25.00	1029.09	214.96	-0.00	0.00	309.21	0.00	708.36	7307.26
1463666923.0 50 170804.87	1003.17	24.44	-25.00	1025.61	214.96	-0.00	0.00	309.55	0.00	708.36	7307.26
1463666924.0 50 170804.87	1002.77	24.25	-24.84	1041.27	219.96	-2.33	0.00	309.15	0.00	708.36	7307.26
1463666925.0 50 170804.87	1002.77	24.25	-24.84	1025.61	214.96	-0.00	0.00	309.21	0.00	708.36	7307.26
1463666926.0 50 170804.87	1004.02	24.25	-24.84	1023.87	214.96	-0.00	0.00	309.21	0.00	708.36	7307.26
1463666927.0 50 170804.87	1002.37	24.07	-24.84	1025.61	214.96	-0.00	0.00	309.15	0.00	708.36	7307.26
1463666928.0 50 170804.87	1004.42	24.44	-24.84	1022.13	213.72	-0.00	0.00	309.43	0.00	708.36	7307.26
1463666929.0 50 170804.87	1002.77	24.25	-24.84	1036.05	219.96	-0.00	0.00	309.32	0.00	708.36	7307.26
1463666930.0 50 170804.87	1003.62	24.07	-24.84	1018.65	213.72	-0.00	0.00	309.15	0.00	708.36	7307.26
1463666931.0 50 170804.87	1004.42	24.44	-24.84	1046.49	222.49	-2.33	0.00	309.38	0.00	708.36	7307.26
1463666932.0 50 170804.87	1003.62	24.07	-24.84	1037.79	218.70	-2.33	0.00	309.21	0.00	708.36	7307.26
1463666933.0 50 170804.87	1003.62	24.07	-24.84	1029.09	216.20	-2.33	0.00	309.10	0.00	708.36	7307.26
1463666934.0 50 170804.87	1003.17	24.44	-24.84	1013.42	211.25	-2.33	0.00	308.93	0.00	708.36	7307.26
1463666935.0 50 170804.87	1004.02	24.25	-24.84	1023.87	213.72	-0.00	0.00	309.04	0.00	708.36	7307.26
1463666936.0 50 170804.87	1003.62	24.07	-25.00	1025.61	217.45	-0.00	0.00	309.49	0.00	708.36	7307.26
1463666937.0 50 170804.87	1002.77	24.25	-24.68	1039.53	217.45	-2.33	0.00	309.21	0.00	708.36	7307.26
1463666938.0 50 170804.87	1003.62	24.07	-25.00	1030.83	214.96	-0.00	0.00	309.49	0.00	708.36	7307.26
1463666939.0 50 170804.87	1002.37	24.07	-24.84	1043.01	219.96	0.68	0.00	309.38	0.00	708.36	7307.26
1463666940.0 50 170804.87	1002.37	24.07	-24.84	1025.61	214.96	-0.00	0.00	309.15	0.00	708.36	7307.26
1463666941.0 50 170804.87	1001.97	23.88	-24.84	1053.45	222.49	-0.00	0.00	309.43	0.00	708.36	7307.26
1463666942.0 50 170804.87	1002.77	24.25	-24.84	1030.83	214.96	-2.33	0.00	309.21	0.00	708.36	7307.26
1463666943.0 50 170804.87	1001.92	24.44	-24.84	1029.09	214.96	-0.00	0.00	309.49	0.00	708.36	7307.26
1463666944.0 50 170804.87	1002.77	24.25	-24.84	1034.31	216.20	-2.33	0.00	309.15	0.00	708.36	7307.26
1463666945.0 52 170804.87	1001.92	24.44	-24.84	1039.53	217.45	-0.00	0.00	309.15	0.00	708.36	7307.26
1463666946.0 52 170804.87	1001.92	24.44	-24.84	1025.61	214.96	-0.00	0.00	309.27	0.00	708.36	7307.26
1463666947.0 52 170804.87	1004.42	24.44	-24.68	1023.87	213.72	-0.00	0.00	309.15	0.00	708.36	7307.26
1463666948.0 52 170804.87	1002.77	24.25	-24.84	1027.35	214.96	-2.33	0.00	309.21	0.00	708.36	7307.26
1463666949.0 52 170804.87	1002.77	24.25	-24.84	1025.61	214.96	-0.00	0.00	309.21	0.00	708.36	7307.26
1463666950.0 52 170804.87	1003.17	24.44	-24.84	1032.57	216.20	-0.00	0.00	309.15	0.00	708.36	7307.26
1463666951.0 52 170804.87	1002.77	24.25	-25.00	1032.57	217.45	-0.00	0.00	309.32	0.00	708.36	7307.26
1463666952.0 52 170804.87	1004.42	24.44	-24.84	1018.65	218.70	-2.33	0.00	309.21	0.00	708.36	7307.26
1463666953.0 52 170804.87	1001.92	24.44	-24.84	1002.98	216.20	-0.00	0.00	309.10	0.00	708.36	7307.26
1463666954.0 52 170804.87	1003.17	24.44	-24.84	1029.09	222.49	-2.33	0.00	309.38	0.00	708.36	7307.26
1463666955.0 52 170804.87	1001.92	24.44	-24.84	1008.20	214.96	-0.00	0.00	309.10	0.00	708.36	7307.26
1463666956.0 52 170804.87	1004.42	24.44	-25.00	1004.72	216.20	-0.00	0.00	309.55	0.00	708.36	7307.26
1463666957.0 52 170804.87	1002.77	24.25	-24.84	1022.13	218.70	-2.33	0.00	309.10	0.00	708.36	7307.26
1463666958.0 53 170804.87	1003.17	24.44	-24.84	1011.68	216.20	-0.00	0.00	309.15	0.00	708.36	7307.26
1463666959.0 53 170804.87	1003.58	24.63	-25.00	1002.98	218.70	-0.00	0.00	309.38	0.00	708.36	7307.26
1463666960.0 53 170804.87	1003.17	24.44	-24.84	987.30	208.80	-0.00	0.00	308.93	0.00	708.36	7307.26
1463666961.0 53 170804.87	1003.17	24.44	-25.00	997.75	216.20	-0.00	0.00	309.49	0.00	708.36	7307.26
1463666962.0 53 170804.87	1001.92	24.44	-24.84	1006.46	221.22	0.68	0.00	309.32	0.00	708.36	7307.26
1463666963.0 53 170804.87	1001.92	24.44	-24.84	992.53	217.45	-0.00	0.00	309.32	473.68	708.36	7307.26
1463666964.0 53 170804.87	1002.32	24.63	-24.84	992.53	221.22	-2.33	0.00	309.55	0.00	708.36	7307.26
1463666965.0 53 170804.87	1001.92	24.44	-24.84	966.40	214.96	-0.00	0.00	309.21	0.00	708.36	7307.26
1463666966.0 53 170804.87	1003.98	24.81	-25.00	950.71	213.72	-2.33	0.00	309.43	0.00	708.36	7307.26
1463666966.0 53 170804.87	1003.58	24.63	-24.84	942.00	214.96	-0.00	0.00	309.27	473.68	708.36	7307.26
1463666967.0 53 170804.87	1003.17	24.44	-24.84	929.80	213.72	-0.00	0.00	309.32	0.00	708.36	7307.26
1463666968.0 53 170804.87	1002.72	24.81	-24.68	919.33	214.96	-0.00	0.00	309.21	0.00	708.36	7307.26
1463666969.0 55 170804.87	1002.32	24.63	-24.84	907.13	214.96	-0.00	0.00	309.15	0.00	708.36	7307.26
1463666970.0 55 170804.87	1003.58	24.63	-25.00	903.64	216.20	-2.33	0.00	309.38	0.00	708.36	7307.26
1463666971.0 55 170804.87	1003.17	24.44	-24.68	887.94	213.72	-2.33	0.00	309.21	0.00	708.36	7307.26
1463666972.0 55 170804.87	1002.72	24.81	-24.84	886.20	218.70	-0.00	0.00	309.38	473.68	708.36	7307.26
1463666973.0 55 170804.87	1003.58	24.63	-24.84	886.20	222.49	-0.00	0.00	309.43	0.00	708.36	7307.26
1463666974.0 55 170804.87	1001.47	24.81	-24.84	865.26	214.96	-0.00	0.00	309.15	0.00	708.36	7307.26
1463666975.0 55 170804.87	1002.32	24.63	-24.84	856.54	214.96	-0.00	0.00	309.55	0.00	708.36	7307.26
1463666976.0 55 170804.87	1003.98	24.81	-24.84	854.79	216.20	-2.33	0.00	309.21	0.00	708.36	7307.26
1463666977.0 55 170804.87	1001.47	24.81	-24.84	840.83	214.96	-0.00	0.00	309.15	0.00	708.36	7307.26
1463666978.0 55 170804.87	1001.87	25.00	-25.00	835.59	213.72	-0.00	0.00	309.32	0.00	708.36	7307.26
1463666979.0 55 170804.87	1003.98	24.81	-24.84	839.08	218.70	-0.00	0.00	309.32	0.00	708.36	7307.26
1463666980.0 55 170804.87	1001.47	24.81	-24.68	819.88	213.72	-2.33	0.00	309.21	0.00	708.36	7307.26
1463666981.0 55 170804.87	1001.87	25.00	-24.84	828.61	218.70	-0.00	0.00	309.21	0.00	708.36	7307.26
1463666982.0 57 170804.87	1003.13	25.00	-24.68	826.86	219.96	-0.00	0.00	309.10	0.00	708.36	7307.26
1463666983.0 57 170804.87	1003.13	25.00	-24.84	802.42	213.72	-0.00	0.00	309.15	0.00	708.36	7307.26
1463666984.0 57 170804.87	1001.87	25.00	-24.68	811.15	218.70	-2.33	0.00	309.27	0.00	708.36	7307.26
1463666985.0 57 170804.87	1003.13	25.00	-24.84	790.19	213.72	-0.00	0.00	309.04	0.00	708.36	7307.26
1463666986.0 57 170804.87	1003.58	24.63	-24.84	790.19	221.22	-2.33	0.00	309.55	0.00	708.36	7307.26
1463666987.0 57 170804.87	1001.87	25.00	-24.84	788.45	218.70	0.68	0.00	309.10	473.68	708.36	7307.26
1463666988.0 57 170804.87	1001.87	25.00	-25.00	774.47	214.96	-0.00	0.00	309.49	0.00	708.36	7307.26
1463666989.0 57 170804.87	1000.22	24.81	-24.68	790.19	225.04	-2.33	0.00	309.49	0.00	708.36	7307.26
1463666990.0 57 170804.87	1001.87	25.00	-24.84	770.98	218.70	-0.00	0.00	309.32	0.00	708.36	7307.26
1463666991.0 57 170804.87	1002.72	24.81	-24.84	786.70	226.32	-0.00	0.00	309.66	0.00	708.36	7307.26
1463666992.0 57 170804.87	1001.87	25.00	-24.84	772.73	223.76	-2.33	0.00	309.32	0.00	708.36	7307.26
1463666993.0 57 170804.87	1002.27	25.19	-25.00	757.00	218.70	-2.33	0.00	309.66	0.00	708.36	7307.26
1463666994.0 57 170804.87	1001.47	24.81	-24.84	758.75	219.96	-0.00	0.00	309.32	0.00	708.36	7307.26
1463666995.0 56 170804.87	1002.72	24.81	-24.84	758.75	221.22	-0.00	0.00	309.32	473.68	708.36	7307.26
1463666996.0 56 170804.87	1001.47	24.81	-24.84	746.52	216.20	-0.00	0.00	309.27	0.00	708.36	7307.26
1463666997.0 56 170804.87	1002.72	24.81	-25.00	751.76	221.22	-2.33	0.00	309.49	0.00	708.36	7307.26
1463666998.0 56 170804.87	1002.72	24.81	-24.84	744.77	218.70	-2.33	0.00	309.32	0.00	708.36	7307.26
1463666999.0 56 170804.87	1003.13	25.00	-24.84	748.27	222.49	-0.00	0.00	309.49	0.00	708.36	7307.26
1463667000.0 56 170804.87	1002.72	24.81	-24.84	744.77	218.70	-0.00	0.00	309.32	0.00	708.36	7307.26
1463667001.0 56 170804.87	1002.32	24.63	-25.00	737.78	217.45	-0.00	0.00	309.43	0.00	708.36	7307.26
1463667002.0 56 170804.87	1002.72	24.81	-24.84	743.02	219.96	-2.33	0.00	309.21	0.00	708.36	7307.26
1463667003.0 56 170804.87	1001.87	25.00	-24.84	727.30	212.48	-2.33	0.00	309.10	0.00	708.36	7307.26
1463667004.0 56 170804.87	1001.47	24.81	-24.84	757.00	226.32	-0.00	0.00	309.49	0.00	708.36	7307.26
1463667005.0 56 170804.87	1003.13	25.00	-24.84	727.30	212.48	-0.00	0.00	309.04	0.00	708.36	7307.26
1463667006.0 56 170804.87	1001.87	25.00	-25.00	734.29	221.22	-0.00	0.00	309.49	0.00	708.36	7307.26
1463667007.0 56 170804.87	1002.72	24.81	-24.84	746.52	223.76	-2.33	0.00	309.21	0.00	708.36	7307.26
1463667008.0 59 170804.87	1002.72	24.81	-24.68	736.03	217.45	-2.33	0.00	309.27	0.00	708.36	7307.26
1463667009.0 59 170804.87	1001.87	25.00	-24.84	746.52	226.32	-0.00	0.00	309.55	0.00	708.36	7307.26
1463667010.0 59 170804.87	1003.13	25.00	-24.84	732.54	216.20	0.68	0.00	309.15	0.00	708.36	7307.26
1463667011.0 59 170804.87	1001.87	25.00	-24.84	734.29	216.20	-0.00	0.00	309.49	0.00	708.36	7307.26
1463667012.0 59 170804.87	1002.32	24.63	-24.84	748.27	219.96	3.69	0.00	309.21	0.00	708.36	7307.26
1463667013.0 59 170804.87	1001.87	25.00	-24.84	744.77	218.70	-0.00	0.00	309.32	0.00	708.36	7307.26
1463667014.0 59 170804.87	1002.72	24.81	-25.00	753.51	221.22	-2.33	0.00	309.60	0.00	708.36	7307.26
1463667015.0 59 170804.87	1001.47	24.81	-24.84	739.53	214.96	-2.33	0.00	309.15	0.00	708.36	7307.26
1463667016.0 59 170804.87	1002.72	24.81	-25.00	739.53	213.72	-0.00	0.00	309.43	0.00	708.36	7307.26
1463667017.0 59 170804.87	1002.72	24.81	-24.68	744.77	216.20	-0.00	0.00	309.32	0.00	708.36	7307.26
1463667018.0 59 170804.87	1002.72	24.81	-24.84	744.77	214.96	-0.00	0.00	309.27	0.00	708.36	7307.26
1463667019.0 59 170804.87	1003.98	24.81	-24.84	757.00	218.70	-0.00	0.00	309.21	0.00	708.36	7307.26
1463667020.0 59 170804.87	1002.72	24.81	-24.84	751.76	214.96	-0.00	0.00	309.15	0.00	708.36	7307.26
1463667020.0 59 170804.87	1001.47	24.81	-24.68	751.76	214.96	-0.00	0.00	309.04	0.00	708.36	7307.26
1463667026.0 59 170804.87	1003.58	24.63	-24.84	781.46	213.72	-0.00	407.12	309.27	0.00	708.36	7307.26
1463667027.0 59 170804.87	1003.98	24.81	-24.84	798.93	218.70	-0.00	0.00	309.38	0.00	708.36	7307.26
1463667028.0 59 170804.87	1001.87	25.00	-24.84	795.43	214.96	-0.00	0.00	309.15	0.00	708.36	7307.26
1463667029.0 59 170804.87	1002.72	24.81	-24.84	798.93	214.96	-2.33	0.00	309.27	0.00	708.36	7307.26
1463667030.0 59 170804.87	1001.47	24.81	-24.84	804.16	214.96	3.69	0.00	309.15	0.00	708.36	7307.26
1463667031.0 59 170804.87	1002.72	24.81	-24.84	800.67	213.72	-2.33	0.00	309.27	473.68	708.36	7307.26
1463667032.0 59 170804.87	1002.32	24.63	-24.84	814.64	218.70	-2.33	0.00	309.15	0.00	708.36	7307.26
1463667033.0 57 170804.87	1003.98	24.81	-24.68	805.91	213.72	-0.00	0.00	309.04	0.00	708.36	7307.26
1463667034.0 57 170804.87	1002.32	24.63	-24.84	804.16	213.72	-0.00	0.00	309.10	0.00	708.36	7307.26
1463667035.0 57 170804.87	1001.07	24.63	-25.00	821.63	222.49	-0.00	0.00	309.38	0.00	708.36	7307.26
1463667036.0 57 170804.87	1002.72	24.81	-24.84	816.39	219.96	-2.33	0.00	309.27	0.00	708.36	7307.26
1463667037.0 57 170804.87	1002.72	24.81	-25.00	818.13	218.70	-2.33	0.00	309.66	0.00	708.36	7307.26
1463667038.0 57 170804.87	1002.32	24.63	-24.68	826.86	223.76	-0.00	0.00	309.15	473.68	708.36	7307.26
1463667039.0 57 170804.87	1003.58	24.63	-25.00	819.88	217.45	-0.00	0.00	309.27	0.00	708.36	7307.26
1463667040.0 57 170804.87	1002.72	24.81	-25.16	835.59	225.04	-0.00	0.00	309.55	0.00	708.36	7307.26
1463667041.0 57 170804.87	1003.58	24.63	-24.84	823.37	217.45	-0.00	0.00	309.32	0.00	708.36	7307.26
1463667042.0 57 170804.87	1002.32	24.63	-25.00	823.37	222.49	-0.00	0.00	309.55	0.00	708.36	7307.26
1463667043.0 57 170804.87	1001.92	24.44	-25.00	826.86	218.70	-0.00	0.00	309.32	0.00	708.36	7307.26
1463667044.0 57 170804.87	1002.32	24.63	-24.84	823.37	217.45	-0.00	0.00	309.72	0.00	708.36	7307.26
1463667045.0 57 170804.87	1003.98	24.81	-24.84	826.86	222.49	2.44	0.00	309.38	0.00	708.36	7307.26
1463667046.0 58 170804.87	1003.17	24.44	-24.84	840.83	221.22	-0.00	0.00	309.27	0.00	708.36	7307.26
1463667047.0 58 170804.87	1003.58	24.63	-24.84	816.39	214.96	-0.00	0.00	309.15	0.00	708.36	7307.26
1463667048.0 58 170804.87	1003.17	24.44	-25.00	839.08	225.04	3.69	0.00	309.55	0.00	708.36	7307.26
1463667049.0 58 170804.87	1003.58	24.63	-24.84	825.12	219.96	-2.33	0.00	309.38	0.00	708.36	7307.26
1463667050.0 58 170804.87	1003.58	24.63	-24.84	819.88	218.70	-0.00	0.00	309.38	0.00	708.36	7307.26
1463667051.0 58 170804.87	1001.92	24.44	-24.84	825.12	222.49	-0.00	0.00	309.32	0.00	708.36	7307.26
1463667052.0 58 170804.87	1003.17	24.44	-24.84	818.13	219.96	-2.33	0.00	309.49	0.00	708.36	7307.26
1463667052.0 58 170804.87	1002.32	24.63	-25.00	832.10	225.04	-2.33	0.00	309.38	0.00	708.36	7307.26
1463667053.0 58 170804.87	1001.07	24.63	-24.84	804.16	216.20	-0.00	0.00	309.21	0.00	708.36	7307.26
1463667054.0 58 170804.87	1002.72	24.81	-24.84	828.61	227.60	-0.00	0.00	309.55	0.00	708.36	7307.26
1463667055.0 58 170804.87	1003.58	24.63	-24.84	816.39	218.70	-0.00	0.00	309.27	0.00	708.36	7307.26
1463667056.0 58 170804.87	1002.72	24.81	-24.84	811.15	218.70	-2.33	0.00	309.66	0.00	708.36	7307.26
1463667057.0 58 170804.87	1002.32	24.63	-24.84	830.35	222.49	-0.00	0.00	309.21	0.00	708.36	7307.26
1463667058.0 55 170804.87	1003.98	24.81	-24.84	811.15	217.45	-0.00	0.00	309.27	0.00	708.36	7307.26
1463667059.0 55 170804.87	1002.72	24.81	-25.00	805.91	217.45	-0.00	0.00	309.60	0.00	708.36	7307.26
1463667060.0 55 170804.87	1003.98	24.81	-24.84	807.66	218.70	-0.00	0.00	309.32	0.00	708.36	7307.26
1463667061.0 55 170804.87	1002.32	24.63	-25.16	809.40	222.49	-2.33	0.00	309.66	0.00	708.36	7307.26
1463667062.0 55 170804.87	1002.72	24.81	-24.84	811.15	223.76	-2.33	0.00	309.43	0.00	708.36	7307.26
1463667063.0 55 170804.87	1002.72	24.81	-24.84	795.43	217.45	-2.33	0.00	309.32	0.00	708.36	7307.26
1463667064.0 55 170804.87	1002.72	24.81	-24.84	798.93	223.76	-0.00	0.00	309.60	0.00	708.36	7307.26
1463667065.0 55 170804.87	1002.32	24.63	-24.84	797.18	218.70	-0.00	0.00	309.32	0.00	708.36	7307.26
1463667066.0 55 170804.87	1002.32	24.63	-25.00	795.43	218.70	-0.00	0.00	309.66	0.00	708.36	7307.26
1463667067.0 55 170804.87	1003.98	24.81	-24.84	802.42	219.96	-0.00	0.00	309.32	0.00	708.36	7307.26
1463667068.0 55 170804.87	1002.72	24.81	-24.84	798.93	217.45	-2.33	0.00	309.32	0.00	708.36	7307.26
1463667069.0 55 170804.87	1002.32	24.63	-25.00	805.91	217.45	-0.00	0.00	309.43	0.00	708.36	7307.26
1463667081.0 59 170804.87	1002.72	24.81	-25.00	893.17	221.22	-0.00	0.00	309.32	0.00	708.36	7307.26
1463667082.0 59 170804.87	1002.32	24.63	-24.84	879.22	214.96	-2.33	0.00	309.10	0.00	708.36	7307.26
1463667083.0 59 170804.87	1002.72	24.81	-24.84	877.47	214.96	-0.00	0.00	309.27	0.00	708.36	7307.26
1463667084.0 56 170804.87	1002.72	24.81	-25.00	887.94	219.96	-0.00	0.00	309.66	0.00	708.36	7307.26
1463667085.0 56 170804.87	1002.72	24.81	-24.84	875.73	216.20	-2.33	0.00	309.04	0.00	708.36	7307.26
1463667086.0 56 170804.87	1003.98	24.81	-24.84	872.24	217.45	-0.00	0.00	309.27	0.00	708.36	7307.26
1463667087.0 56 170804.87	1003.98	24.81	-24.84	867.01	218.70	-2.33	0.00	309.15	0.00	708.36	7307.26
1463667088.0 56 170804.87	1001.47	24.81	-24.84	842.57	212.48	-0.00	0.00	309.04	0.00	708.36	7307.26
1463667089.0 56 170804.87	1002.72	24.81	-24.84	863.52	225.04	-0.00	0.00	309.32	0.00	708.36	7307.26
1463667090.0 56 170804.87	1001.87	25.00	-24.68	837.34	213.72	-0.00	0.00	309.15	0.00	708.36	7307.26
1463667091.0 56 170804.87	1003.13	25.00	-24.84	828.61	214.96	-0.00	0.00	309.49	0.00	708.36	7307.26
1463667092.0 56 170804.87	1004.38	25.00	-24.68	839.08	217.45	2.44	0.00	309.10	0.00	708.36	7307.26
1463667093.0 56 170804.87	1002.72	24.81	-25.16	812.90	214.96	-0.00	0.00	309.43	0.00	708.36	7307.26
1463667094.0 56 170804.87	1001.47	24.81	-24.84	819.88	219.96	0.68	0.00	309.27	0.00	708.36	7307.26
1463667095.0 56 170804.87	1001.87	25.00	-25.00	795.43	216.20	-0.00	0.00	309.15	0.00	708.36	7307.26
1463667096.0 56 170804.87	1001.87	25.00	-25.00	807.66	225.04	-0.00	0.00	309.43	0.00	708.36	7307.26
1463667097.0 59 170804.87	1003.13	25.00	-24.84	770.98	213.72	-0.00	0.00	309.15	0.00	708.36	7307.26
1463667098.0 59 170804.87	1001.87	25.00	-24.68	765.74	213.72	-0.00	0.00	309.10	0.00	708.36	7307.26
1463667099.0 59 170804.87	1001.87	25.00	-24.84	765.74	218.70	-2.33	0.00	309.21	0.00	708.36	7307.26
1463667100.0 59 170804.87	1004.78	25.19	-24.84	755.26	214.96	-0.00	0.00	309.27	0.00	708.36	7307.26
1463667101.0 59 170804.87	1002.27	25.19	-25.00	755.26	218.70	-0.00	0.00	309.66	0.00	708.36	7307.26
1463667102.0 59 170804.87	1003.13	25.00	-24.84	753.51	217.45	-2.33	0.00	309.10	0.00	708.36	7307.26
1463667103.0 59 170804.87	1001.87	25.00	-25.00	751.76	217.45	-2.33	0.00	309.32	0.00	708.36	7307.26
1463667104.0 59 170804.87	1003.13	25.00	-24.84	750.01	218.70	-0.00	0.00	309.38	0.00	708.36	7307.26
1463667105.0 59 170804.87	1002.27	25.19	-25.00	751.76	218.70	-0.00	0.00	309.38	0.00	708.36	7307.26
1463667106.0 59 170804.87	1002.27	25.19	-24.84	743.02	217.45	-0.00	0.00	309.27	0.00	708.36	7307.26
1463667107.0 59 170804.87	1002.27	25.19	-24.68	755.26	221.22	-2.33	0.00	309.38	0.00	708.36	7307.26
1463667108.0 59 170804.87	1002.27	25.19	-24.84	736.03	216.20	-0.00	0.00	309.21	0.00	708.36	7307.26
1463667109.0 59 170804.87	1002.27	25.19	-24.84	757.00	227.60	0.68	0.00	309.49	0.00	708.36	7307.26
1463667110.0 59 170804.87	1003.53	25.19	-24.84	748.27	225.04	-0.00	0.00	309.32	0.00	708.36	7307.26
1463667111.0 59 170804.87	1001.87	25.00	-24.84	732.54	217.45	-0.00	0.00	309.27	0.00	708.36	7307.26
1463667112.0 59 170804.87	1002.27	25.19	-24.84	729.04	217.45	-0.00	0.00	309.15	0.00	708.36	7307.26
1463667113.0 59 170804.87	1003.53	25.19	-24.84	725.55	216.20	-0.00	0.00	309.21	0.00	708.36	7307.26
1463667114.0 59 170804.87	1001.87	25.00	-25.00	736.03	222.49	-0.00	0.00	309.55	0.00	708.36	7307.26
1463667115.0 59 170804.87	1002.27	25.19	-24.68	725.55	217.45	-0.00	0.00	309.10	0.00	708.36	7307.26
1463667116.0 59 170804.87	1003.53	25.19	-25.00	715.06	216.20	-0.00	0.00	309.49	0.00	708.36	7307.26
1463667117.0 59 170804.87	1002.27	25.19	-24.84	725.55	222.49	-2.33	0.00	309.21	0.00	708.36	7307.26
1463667118.0 59 170804.87	1003.13	25.00	-24.84	709.82	213.72	-0.00	0.00	309.32	0.00	708.36	7307.26
1463667119.0 59 170804.87	1001.87	25.00	-24.84	727.30	223.76	-2.33	0.00	309.60	0.00	708.36	7307.26
1463667120.0 59 170804.87	1001.87	25.00	-25.00	716.81	221.22	-2.33	0.00	309.43	0.00	708.36	7307.26
1463667121.0 59 170804.87	1001.02	25.19	-25.00	706.32	217.45	-0.00	0.00	309.60	0.00	708.36	7307.26
1463667122.0 59 170804.87	1003.13	25.00	-24.84	702.83	218.70	-2.33	0.00	309.21	0.00	708.36	7307.26
1463667123.0 61 170804.87	1003.53	25.19	-24.84	697.58	216.20	-0.00	0.00	309.10	0.00	708.36	7307.26
1463667124.0 61 170804.87	1003.53	25.19	-24.84	683.59	211.25	-0.00	0.00	309.10	0.00	708.36	7307.26
1463667125.0 61 170804.87	1001.87	25.00	-24.68	708.07	223.76	0.68	0.00	309.38	0.00	708.36	7307.26
1463667126.0 61 170804.87	1002.27	25.19	-24.84	685.34	214.96	-0.00	0.00	309.10	0.00	708.36	7307.26
1463667127.0 61 170804.87	1002.27	25.19	-24.84	687.09	214.96	-2.33	0.00	309.21	0.00	708.36	7307.26
1463667128.0 61 170804.87	1002.27	25.19	-24.84	690.59	214.96	-0.00	0.00	309.15	0.00	708.36	7307.26
1463667128.0 61 170804.87	1002.27	25.19	-24.84	678.35	212.48	-0.00	0.00	309.10	0.00	708.36	7307.26
1463667129.0 61 170804.87	1002.27	25.19	-24.84	702.83	221.22	2.44	0.00	309.21	0.00	708.36	7307.26
1463667130.0 61 170804.87	1002.67	25.37	-24.84	680.10	214.96	-0.00	0.00	309.15	0.00	708.36	7307.26
1463667131.0 61 170804.87	1001.87	25.00	-24.84	694.08	223.76	5.45	0.00	309.38	0.00	708.36	7307.26
1463667132.0 61 170804.87	1002.27	25.19	-24.84	678.35	216.20	-0.00	0.00	309.10	0.00	708.36	7307.26
1463667133.0 61 170804.87	1002.27	25.19	-25.00	674.85	218.70	-0.00	0.00	309.49	0.00	708.36	7307.26
1463667134.0 61 170804.87	1003.13	25.00	-24.84	685.34	217.45	-2.33	0.00	309.15	0.00	708.36	7307.26
1463667135.0 61 170804.87	1002.27	25.19	-24.84	673.10	214.96	-0.00	0.00	309.10	0.00	708.36	7307.26
1463667136.0 61 170804.87	1003.53	25.19	-24.84	671.35	213.72	-0.00	0.00	309.04	0.00	708.36	7307.26
1463667137.0 61 170804.87	1003.53	25.19	-24.84	669.61	213.72	-0.00	0.00	309.15	473.68	708.36	7307.26
1463667138.0 61 170804.87	1003.53	25.19	-24.84	674.85	216.20	-0.00	0.00	309.15	0.00	708.36	7307.26
1463667139.0 61 170804.87	1003.53	25.19	-25.00	685.34	222.49	-0.00	0.00	309.43	0.00	708.36	7307.26
1463667140.0 61 170804.87	1001.87	25.00	-24.84	671.35	213.72	-0.00	0.00	309.15	0.00	708.36	7307.26
1463667141.0 61 170804.87	1002.67	25.37	-25.00	671.35	214.96	-0.00	0.00	309.49	0.00	708.36	7307.26
1463667142.0 61 170804.87	1002.67	25.37	-25.00	673.10	214.96	-2.33	0.00	309.27	0.00	708.36	7307.26
1463667143.0 61 170804.87	1002.67	25.37	-24.84	671.35	213.72	-0.00	0.00	309.15	0.00	708.36	7307.26
1463667144.0 61 170804.87	1002.27	25.19	-24.84	680.10	218.70	-0.00	0.00	309.32	0.00	708.36	7307.26
1463667145.0 61 170804.87	1002.27	25.19	-24.84	671.35	214.96	-2.33	0.00	309.10	0.00	708.36	7307.26
1463667146.0 61 170804.87	1002.67	25.37	-24.68	673.10	216.20	-2.33	0.00	309.32	0.00	708.36	7307.26
1463667147.0 61 170804.87	1002.67	25.37	-24.84	678.35	218.70	-2.33	0.00	309.15	0.00	708.36	7307.26
1463667148.0 64 170804.87	1002.67	25.37	-24.84	674.85	216.20	-0.00	0.00	309.15	0.00	708.36	7307.26
1463667149.0 64 170804.87	1002.67	25.37	-25.00	669.61	213.72	-0.00	0.00	309.43	0.00	708.36	7307.26
1463667150.0 64 170804.87	1002.27	25.19	-24.84	671.35	214.96	-0.00	0.00	309.15	0.00	708.36	7307.26
1463667151.0 64 170804.87	1002.67	25.37	-25.00	674.85	217.45	-0.00	0.00	309.43	0.00	708.36	7307.26
1463667152.0 64 170804.87	1002.67	25.37	-24.68	692.34	223.76	0.68	0.00	309.32	0.00	708.36	7307.26
1463667153.0 64 170804.87	1002.27	25.19	-24.84	673.10	214.96	-2.33	0.00	309.04	0.00	708.36	7307.26
1463667154.0 64 170804.87	1002.27	25.19	-25.00	687.09	223.76	-0.00	0.00	309.38	473.68	708.36	7307.26
1463667155.0 64 170804.87	1001.02	25.19	-25.00	678.35	217.45	-0.00	0.00	309.04	0.00	708.36	7307.26
1463667156.0 64 170804.87	1001.42	25.37	-25.00	673.10	213.72	-0.00	0.00	309.49	0.00	708.36	7307.26
1463667157.0 64 170804.87	1002.67	25.37	-24.68	683.59	222.49	-2.33	0.00	309.15	0.00	708.36	7307.26
1463667158.0 64 170804.87	1003.07	25.56	-24.84	673.10	214.96	-2.33	0.00	309.15	0.00	708.36	7307.26
1463667159.0 64 170804.87	1002.67	25.37	-24.84	685.34	221.22	-0.00	0.00	309.43	0.00	708.36	7307.26
1463667160.0 64 170804.87	1002.67	25.37	-24.84	676.60	216.20	-0.00	0.00	309.15	0.00	708.36	7307.26
1463667161.0 64 170804.87	1002.67	25.37	-24.84	676.60	216.20	-0.00	0.00	309.21	0.00	708.36	7307.26
1463667162.0 64 170804.87	1003.53	25.19	-24.84	666.11	212.48	-0.00	0.00	309.15	0.00	708.36	7307.26
1463667163.0 64 170804.87	1002.67	25.37	-24.68	673.10	216.20	-0.00	0.00	309.15	0.00	708.36	7307.26
1463667164.0 64 170804.87	1003.07	25.56	-24.84	667.86	214.96	-2.33	0.00	309.43	0.00	708.36	7307.26
1463667165.0 64 170804.87	1001.82	25.56	-24.84	669.61	214.96	-2.33	0.00	309.27	0.00	708.36	7307.26
1463667166.0 64 170804.87	1001.42	25.37	-24.84	667.86	214.96	-0.00	0.00	309.15	0.00	708.36	7307.26
1463667167.0 64 170804.87	1003.07	25.56	-24.84	674.85	218.70	-0.00	0.00	309.32	0.00	708.36	7307.26
1463667168.0 64 170804.87	1003.93	25.37	-24.84	673.10	218.70	-2.33	0.00	309.27	0.00	708.36	7307.26
1463667169.0 64 170804.87	1002.22	25.75	-24.84	664.36	214.96	-0.00	0.00	309.15	0.00	708.36	7307.26
1463667170.0 64 170804.87	1001.82	25.56	-24.84	676.60	218.70	-2.33	0.00	309.15	0.00	708.36	7307.26
1463667171.0 64 170804.87	1003.07	25.56	-24.84	662.61	212.48	-0.00	0.00	309.15	0.00	708.36	7307.26
1463667172.0 64 170804.87	1002.67	25.37	-24.68	681.85	222.49	-2.33	0.00	309.21	0.00	708.36	7307.26
1463667173.0 64 170804.87	1002.22	25.75	-24.84	667.86	216.20	-0.00	0.00	309.15	0.00	708.36	7307.26
1463667174.0 64 170804.87	1003.07	25.56	-24.84	660.86	211.25	-0.00	0.00	308.98	0.00	708.36	7307.26
1463667175.0 64 170804.87	1001.36	25.93	-24.84	673.10	221.22	-2.33	0.00	309.55	0.00	708.36	7307.26
1463667176.0 64 170804.87	1003.07	25.56	-24.84	671.35	217.45	-2.33	0.00	309.32	0.00	708.36	7307.26
1463667177.0 64 170804.87	1002.22	25.75	-25.00	669.61	216.20	-2.33	0.00	309.38	0.00	708.36	7307.26
1463667178.0 64 170804.87	1002.22	25.75	-24.84	673.10	218.70	-0.00	0.00	309.10	0.00	708.36	7307.26
1463667179.0 64 170804.87	1003.47	25.75	-24.84	662.61	213.72	-0.00	0.00	309.04	0.00	708.36	7307.26
1463667180.0 64 170804.87	1001.82	25.56	-25.00	681.85	222.49	0.68	0.00	309.38	0.00	708.36	7307.26
1463667181.0 64 170804.87	1002.67	25.37	-24.84	662.61	212.48	-0.00	0.00	309.04	0.00	708.36	7307.26
1463667182.0 64 170804.87	1001.82	25.56	-25.00	676.60	222.49	-2.33	0.00	309.60	0.00	708.36	7307.26
1463667182.0 64 170804.87	1003.47	25.75	-25.00	671.35	217.45	-2.33	0.00	309.27	0.00	708.36	7307.26
1463667183.0 64 170804.87	1002.67	25.37	-24.84	664.36	214.96	-0.00	0.00	309.49	0.00	708.36	7307.26
1463667184.0 64 170804.87	1003.47	25.75	-24.84	683.59	225.04	-2.33	0.00	309.32	0.00	708.36	7307.26
1463667185.0 64 170804.87	1002.22	25.75	-24.84	652.12	207.58	-2.33	0.00	309.04	0.00	708.36	7307.26
1463667186.0 64 170804.87	1003.47	25.75	-24.84	662.61	213.72	-0.00	0.00	309.10	0.00	708.36	7307.26
1463667187.0 64 170804.87	1002.22	25.75	-24.84	666.11	214.96	-0.00	0.00	309.15	0.00	708.36	7307.26
1463667188.0 64 170804.87	1002.22	25.75	-24.84	671.35	216.20	-2.33	0.00	309.27	0.00	708.36	7307.26
1463667189.0 64 170804.87	1004.33	25.56	-24.84	674.85	223.76	-0.00	0.00	309.55	0.00	708.36	7307.26
1463667190.0 64 170804.87	1004.33	25.56	-24.68	676.60	217.45	-0.00	0.00	309.38	0.00	708.36	7307.26
1463667191.0 64 170804.87	1003.47	25.75	-25.00	667.86	214.96	-0.00	0.00	309.43	0.00	708.36	7307.26
1463667192.0 64 170804.87	1002.22	25.75	-25.00	673.10	217.45	-0.00	0.00	309.21	0.00	708.36	7307.26
1463667193.0 64 170804.87	1002.22	25.75	-24.84	669.61	213.72	-0.00	0.00	309.10	0.00	708.36	7307.26
1463667194.0 64 170804.87	1003.47	25.75	-24.84	671.35	213.72	-0.00	0.00	309.15	0.00	708.36	7307.26
1463667195.0 64 170804.87	1002.22	25.75	-24.84	671.35	213.72	-0.00	0.00	309.15	473.68	708.36	7307.26
1463667196.0 64 170804.87	1002.22	25.75	-24.84	674.85	217.45	0.68	0.00	309.38	0.00	708.36	7307.26
1463667197.0 64 170804.87	1003.88	25.93	-24.84	678.35	218.70	-2.33	0.00	309.15	0.00	708.36	7307.26
1463667198.0 65 170804.87	1002.22	25.75	-24.68	685.34	218.70	-0.00	0.00	309.10	0.00	708.36	7307.26
1463667199.0 65 170804.87	1002.62	25.93	-25.00	671.35	213.72	-2.33	0.00	309.38	0.00	708.36	7307.26
1463667200.0 65 170804.87	1000.97	25.75	-24.84	688.84	219.96	0.68	0.00	309.32	0.00	708.36	7307.26
1463667201.0 65 170804.87	1002.22	25.75	-24.84	678.35	216.20	-0.00	0.00	309.21	0.00	708.36	7307.26
1463667202.0 65 170804.87	1002.62	25.93	-25.00	688.84	222.49	-0.00	0.00	309.43	0.00	708.36	7307.26
1463667203.0 65 170804.87	1002.22	25.75	-24.84	681.85	216.20	-0.00	0.00	309.04	0.00	708.36	7307.26
1463667204.0 65 170804.87	1000.97	25.75	-24.84	676.60	216.20	-0.00	0.00	309.43	0.00	708.36	7307.26
1463667205.0 65 170804.87	1002.62	25.93	-24.68	688.84	222.49	2.44	0.00	309.15	0.00	708.36	7307.26
1463667206.0 65 170804.87	1001.36	25.93	-24.84	678.35	216.20	-2.33	0.00	309.15	0.00	708.36	7307.26
1463667207.0 65 170804.87	1002.22	25.75	-25.00	692.34	221.22	-0.00	0.00	309.49	0.00	708.36	7307.26
1463667208.0 65 170804.87	1002.22	25.75	-24.84	680.10	214.96	0.68	0.00	309.21	0.00	708.36	7307.26
1463667209.0 65 170804.87	1002.62	25.93	-24.84	678.35	216.20	-0.00	0.00	309.38	0.00	708.36	7307.26
1463667210.0 65 170804.87	1002.22	25.75	-24.84	681.85	214.96	-0.00	0.00	309.21	0.00	708.36	7307.26
1463667211.0 63 170804.87	1003.47	25.75	-24.84	680.10	213.72	-2.33	0.00	309.10	0.00	708.36	7307.26
1463667212.0 63 170804.87	1002.22	25.75	-24.68	680.10	212.48	-0.00	0.00	309.10	0.00	708.36	7307.26
1463667213.0 63 170804.87	1002.62	25.93	-24.84	690.59	217.45	-0.00	0.00	309.27	0.00	708.36	7307.26
1463667214.0 63 170804.87	1002.22	25.75	-25.00	683.59	213.72	-0.00	0.00	309.49	0.00	708.36	7307.26
1463667215.0 63 170804.87	1001.36	25.93	-24.84	692.34	217.45	-0.00	0.00	309.15	0.00	708.36	7307.26
1463667216.0 63 170804.87	1002.62	25.93	-24.84	685.34	214.96	3.69	0.00	309.15	0.00	708.36	7307.26
1463667217.0 63 170804.87	1002.62	25.93	-24.84	687.09	214.96	-2.33	0.00	309.21	0.00	708.36	7307.26
1463667218.0 63 170804.87	1002.22	25.75	-24.84	694.08	218.70	-2.33	0.00	309.10	0.00	708.36	7307.26
1463667219.0 63 170804.87	1002.62	25.93	-24.68	683.59	213.72	-0.00	0.00	309.15	0.00	708.36	7307.26
1463667220.0 63 170804.87	1002.62	25.93	-24.84	695.83	218.70	-0.00	0.00	309.15	0.00	708.36	7307.26
1463667221.0 63 170804.87	1002.62	25.93	-24.84	681.85	212.48	-0.00	0.00	309.15	0.00	708.36	7307.26
1463667222.0 63 170804.87	1003.02	26.12	-24.84	702.83	221.22	-0.00	0.00	309.32	0.00	708.36	7307.26
1463667223.0 63 170804.87	1002.62	25.93	-24.84	683.59	212.48	-0.00	0.00	309.21	0.00	708.36	7307.26
1463667224.0 64 170804.87	1000.97	25.75	-25.00	687.09	214.96	-2.33	0.00	309.38	0.00	708.36	7307.26
1463667225.0 64 170804.87	1002.62	25.93	-24.84	699.33	219.96	-2.33	0.00	309.27	0.00	708.36	7307.26
1463667226.0 64 170804.87	1002.62	25.93	-24.84	674.85	207.58	-0.00	0.00	308.82	0.00	708.36	7307.26
1463667227.0 64 170804.87	1002.62	25.93	-25.00	701.08	222.49	-0.00	0.00	309.55	0.00	708.36	7307.26
1463667228.0 64 170804.87	1002.62	25.93	-24.84	692.34	217.45	-2.33	0.00	309.10	0.00	708.36	7307.26
1463667229.0 64 170804.87	1003.02	26.12	-24.84	685.34	213.72	-0.00	0.00	309.49	0.00	708.36	7307.26
1463667230.0 64 170804.87	1002.62	25.93	-24.84	699.33	221.22	-2.33	0.00	309.21	0.00	708.36	7307.26
1463667231.0 64 170804.87	1002.62	25.93	-24.84	688.84	214.96	-0.00	0.00	309.21	0.00	708.36	7307.26
1463667232.0 64 170804.87	1002.62	25.93	-25.00	699.33	219.96	-0.00	0.00	309.49	0.00	708.36	7307.26
1463667233.0 64 170804.87	1001.36	25.93	-24.84	692.34	216.20	-0.00	0.00	309.15	0.00	708.36	7307.26
1463667234.0 64 170804.87	1002.62	25.93	-24.68	688.84	217.45	-0.00	0.00	309.49	0.00	708.36	7307.26
1463667235.0 64 170804.87	1001.36	25.93	-24.84	701.08	217.45	-2.33	0.00	309.15	0.00	708.36	7307.26
1463667236.0 64 170804.87	1001.36	25.93	-24.68	678.35	208.80	-0.00	0.00	308.82	0.00	708.36	7307.26
1463667237.0 64 170804.87	1003.02	26.12	-24.84	692.34	214.96	-0.00	0.00	309.27	0.00	708.36	7307.26
1463667237.0 64 170804.87	1002.62	25.93	-24.84	704.57	221.22	-0.00	0.00	309.21	0.00	708.36	7307.26
1463667238.0 64 170804.87	1002.62	25.93	-24.84	697.58	217.45	-0.00	0.00	309.21	0.00	708.36	7307.26
1463667239.0 64 170804.87	1001.36	25.93	-24.84	690.59	213.72	-0.00	0.00	309.32	0.00	708.36	7307.26
1463667240.0 64 170804.87	1002.62	25.93	-24.84	694.08	214.96	-0.00	0.00	309.15	0.00	708.36	7307.26
1463667241.0 64 170804.87	1003.02	26.12	-24.84	688.84	212.48	-0.00	0.00	309.10	0.00	708.36	7307.26
1463667242.0 64 170804.87	1002.62	25.93	-24.84	704.57	217.45	-0.00	0.00	309.10	0.00	708.36	7307.26
1463667243.0 64 170804.87	1001.36	25.93	-24.84	692.34	212.48	-0.00	0.00	309.10	0.00	708.36	7307.26
1463667244.0 64 170804.87	1001.76	26.12	-24.84	718.56	223.76	-0.00	0.00	309.27	0.00	708.36	7307.26
1463667245.0 64 170804.87	1001.76	26.12	-24.84	711.57	217.45	0.68	0.00	309.27	0.00	708.36	7307.26
1463667246.0 64 170804.87	1001.76	26.12	-25.00	718.56	222.49	-0.00	0.00	309.43	473.68	708.36	7307.26
1463667247.0 64 170804.87	1003.02	26.12	-24.84	715.06	216.20	-2.33	0.00	309.10	0.00	708.36	7307.26
1463667248.0 63 170804.87	1001.76	26.12	-24.84	720.31	218.70	-2.33	0.00	309.55	473.68	708.36	7307.26
1463667249.0 63 170804.87	1002.62	25.93	-24.84	729.04	216.20	-0.00	0.00	309.10	0.00	708.36	7307.26
1463667250.0 63 170804.87	1003.02	26.12	-24.84	715.06	211.25	-2.33	0.00	309.04	0.00	708.36	7307.26
1463667251.0 63 170804.87	1001.36	25.93	-24.84	736.03	216.20	-0.00	0.00	309.32	0.00	708.36	7307.26
1463667252.0 63 170804.87	1001.36	25.93	-24.84	730.79	214.96	-0.00	0.00	309.10	0.00	708.36	7307.26
1463667253.0 63 170804.87	1002.16	26.31	-24.84	739.53	217.45	-0.00	0.00	309.27	0.00	708.36	7307.26
1463667254.0 63 170804.87	1002.62	25.93	-24.84	743.02	217.45	-2.33	0.00	309.15	0.00	708.36	7307.26
1463667255.0 63 170804.87	1001.76	26.12	-24.84	732.54	212.48	-0.00	0.00	309.10	0.00	708.36	7307.26
1463667256.0 63 170804.87	1003.02	26.12	-24.84	757.00	222.49	-0.00	0.00	309.38	0.00	708.36	7307.26
1463667257.0 63 170804.87	1001.76	26.12	-24.84	737.78	212.48	-2.33	0.00	309.10	0.00	708.36	7307.26
1463667258.0 63 170804.87	1001.76	26.12	-24.68	762.24	222.49	-2.33	0.00	309.38	0.00	708.36	7307.26
1463667259.0 63 170804.87	1001.76	26.12	-24.84	753.51	216.20	-0.00	0.00	309.04	0.00	708.36	7307.26
1463667260.0 63 170804.87	1002.62	25.93	-25.00	750.01	213.72	-0.00	0.00	309.55	0.00	708.36	7307.26
1463667261.0 61 170804.87	1001.76	26.12	-24.84	746.52	213.72	-0.00	0.00	309.32	0.00	708.36	7307.26
1463667262.0 61 170804.87	1002.16	26.31	-24.84	748.27	216.20	-0.00	0.00	309.10	0.00	708.36	7307.26
1463667263.0 61 170804.87	1003.42	26.31	-24.84	743.02	212.48	-0.00	0.00	309.10	0.00	708.36	7307.26
1463667264.0 61 170804.87	1002.56	26.50	-24.68	757.00	222.49	3.69	0.00	309.21	0.00	708.36	7307.26
1463667265.0 61 170804.87	1001.76	26.12	-24.84	741.28	213.72	-0.00	0.00	309.10	0.00	708.36	7307.26
1463667266.0 61 170804.87	1003.02	26.12	-24.84	755.26	222.49	-0.00	0.00	309.43	0.00	708.36	7307.26
1463667267.0 61 170804.87	1002.16	26.31	-24.84	737.78	214.96	-0.00	0.00	309.15	0.00	708.36	7307.26
1463667268.0 61 170804.87	1003.42	26.31	-24.84	739.53	213.72	-0.00	0.00	309.43	0.00	708.36	7307.26
1463667269.0 61 170804.87	1003.42	26.31	-24.84	736.03	214.96	-2.33	0.00	309.10	0.00	708.36	7307.26
1463667270.0 61 170804.87	1002.56	26.50	-24.84	730.79	214.96	-0.00	0.00	309.10	0.00	708.36	7307.26
1463667271.0 61 170804.87	1001.76	26.12	-25.00	730.79	213.72	-0.00	0.00	309.27	0.00	708.36	7307.26
1463667272.0 61 170804.87	1003.02	26.12	-24.84	732.54	214.96	-2.33	0.00	309.10	0.00	708.36	7307.26
1463667273.0 61 170804.87	1001.76	26.12	-24.84	727.30	214.96	-0.00	0.00	309.32	0.00	708.36	7307.26
1463667274.0 62 170804.87	1002.62	25.93	-25.00	753.51	225.04	-2.33	0.00	309.55	0.00	708.36	7307.26
1463667275.0 62 170804.87	1003.42	26.31	-24.84	741.28	216.20	3.69	0.00	309.10	0.00	708.36	7307.26
1463667276.0 62 170804.87	1002.16	26.31	-24.84	748.27	217.45	-2.33	0.00	309.15	0.00	708.36	7307.26
1463667277.0 62 170804.87	1002.16	26.31	-24.84	762.24	222.49	-0.00	0.00	309.32	0.00	708.36	7307.26
1463667278.0 62 170804.87	1003.02	26.12	-24.84	744.77	214.96	-0.00	0.00	309.27	0.00	708.36	7307.26
1463667279.0 62 170804.87	1003.42	26.31	-24.84	770.98	222.49	-0.00	0.00	309.32	0.00	708.36	7307.26
1463667280.0 62 170804.87	1002.16	26.31	-24.84	760.50	213.72	-0.00	0.00	309.10	0.00	708.36	7307.26
1463667281.0 62 170804.87	1002.16	26.31	-25.00	763.99	221.22	-0.00	0.00	309.49	0.00	708.36	7307.26
1463667282.0 62 170804.87	1002.16	26.31	-24.84	767.49	217.45	-2.33	0.00	309.10	0.00	708.36	7307.26
1463667283.0 62 170804.87	1002.56	26.50	-25.00	763.99	214.96	-0.00	0.00	309.43	0.00	708.36	7307.26
1463667284.0 62 170804.87	1001.76	26.12	-24.84	784.95	219.96	-2.33	0.00	309.21	0.00	708.36	7307.26
1463667285.0 62 170804.87	1003.02	26.12	-24.84	777.97	214.96	-0.00	0.00	309.15	0.00	708.36	7307.26
1463667286.0 62 170804.87	1002.16	26.31	-24.84	798.93	221.22	-0.00	0.00	309.43	0.00	708.36	7307.26
1463667287.0 61 170804.87	1003.82	26.50	-24.84	791.94	217.45	-0.00	0.00	309.21	0.00	708.36	7307.26
1463667288.0 61 170804.87	1003.42	26.31	-24.84	791.94	213.72	-0.00	0.00	309.10	0.00	708.36	7307.26
1463667289.0 61 170804.87	1002.16	26.31	-24.84	828.61	223.76	-0.00	0.00	309.49	0.00	708.36	7307.26
1463667290.0 61 170804.87	1002.16	26.31	-24.84	826.86	217.45	-0.00	0.00	309.27	0.00	708.36	7307.26
1463667291.0 61 170804.87	1001.76	26.12	-24.84	833.85	213.72	-0.00	0.00	309.38	0.00	708.36	7307.26
1463667291.0 61 170804.87	1003.42	26.31	-24.84	847.81	214.96	-0.00	0.00	309.10	0.00	708.36	7307.26
1463667292.0 61 170804.87	1002.16	26.31	-24.84	849.55	214.96	-0.00	0.00	309.15	0.00	708.36	7307.26
1463667293.0 61 170804.87	1002.16	26.31	-24.84	877.47	222.49	-2.33	0.00	309.43	0.00	708.36	7307.26
1463667294.0 61 170804.87	1002.56	26.50	-24.84	873.98	214.96	-2.33	0.00	309.15	0.00	708.36	7307.26
1463667295.0 61 170804.87	1002.16	26.31	-24.84	877.47	212.48	-0.00	0.00	309.10	0.00	708.36	7307.26
1463667296.0 61 170804.87	1003.02	26.12	-24.84	907.13	217.45	-0.00	0.00	309.10	0.00	708.36	7307.26
1463682366.0 72 170804.87	998.79	26.50	-24.84	322.88	211.25	-0.00	0.00	309.04	0.00	708.36	7307.26
