# Name = UIS1
# Version = 1.0
# Location = Universidad Industrial de Santander
# Sensors = Presion, Temperatura, Humedad, Irradiancia, Iluminancia, Ruido, LLuvia, CO2, NO2, Latitud, Longitud, Nubosidad
# Power = Red
# GPS = si
# Time Zone = UTC-5
# Data = UTCtime GPStime Presion Temperatura Humedad Irradiancia Iluminancia  Ruido Lluvia CO2 NO2 Latitud Longitud Nubosidad 
1465236780.0 67 0.00	1000.72	27.99	-24.84	356.19	217.45	2.44	0.00	309.21	0.00	0.00	0.00
1465236781.0 67 0.00	1000.72	27.99	-24.84	350.93	212.48	-0.00	0.00	309.10	0.00	0.00	0.00
1465236782.0 67 0.00	1000.72	27.99	-24.84	354.44	214.96	-0.00	0.00	309.15	0.00	0.00	0.00
1465236784.0 67 0.00	1001.98	27.99	-24.84	343.92	206.36	-2.33	0.00	308.76	0.00	0.00	0.00
1465236784.0 67 0.00	1001.98	27.99	-24.68	345.67	206.36	-0.00	0.00	308.82	0.00	0.00	0.00
1465236785.0 67 0.00	1001.98	27.99	-24.84	345.67	207.58	-0.00	0.00	308.87	0.00	0.00	0.00
1465236786.0 67 0.00	1000.72	27.99	-24.84	357.94	218.70	2.44	0.00	309.10	0.00	0.00	0.00
1465236787.0 67 0.00	1001.58	27.80	-24.84	350.93	211.25	-0.00	0.00	308.87	0.00	0.00	0.00
1465236788.0 67 0.00	1001.98	27.99	-24.84	352.68	211.25	-0.00	0.00	309.15	0.00	0.00	0.00
1465236789.0 67 0.00	1001.98	27.99	-24.84	352.68	211.25	-0.00	0.00	308.98	0.00	0.00	0.00
1465236790.0 67 0.00	1001.58	27.80	-24.84	347.42	208.80	-2.33	0.00	308.93	0.00	0.00	0.00
1465236791.0 67 0.00	1001.98	27.99	-24.84	361.45	217.45	-0.00	0.00	308.98	0.00	0.00	0.00
1465236792.0 67 0.00	1001.98	27.99	-24.84	347.42	207.58	-0.00	0.00	309.04	0.00	0.00	0.00
1465236793.0 67 0.00	1001.98	27.99	-24.84	359.70	218.70	-2.33	0.00	309.15	0.00	0.00	0.00
1465236794.0 67 0.00	1001.98	27.99	-24.68	350.93	210.02	-0.00	0.00	308.93	0.00	0.00	0.00
1465236795.0 67 0.00	1001.58	27.80	-25.00	347.42	214.96	-2.33	0.00	309.32	0.00	0.00	0.00
1465236796.0 67 0.00	1001.98	27.99	-24.84	356.19	214.96	-0.00	0.00	308.87	0.00	0.00	0.00
1465236797.0 67 0.00	1000.32	27.80	-25.00	347.42	210.02	-0.00	0.00	309.27	0.00	0.00	0.00
1465236798.0 68 0.00	1001.58	27.80	-25.16	347.42	207.58	-0.00	0.00	309.10	0.00	0.00	0.00
1465236799.0 68 0.00	1000.32	27.80	-24.84	345.67	210.02	-0.00	0.00	308.82	0.00	0.00	0.00
1465236800.0 68 0.00	1001.58	27.80	-24.84	349.18	212.48	-0.00	0.00	308.98	0.00	0.00	0.00
1465236801.0 68 0.00	1000.72	27.99	-25.00	359.70	217.45	-0.00	0.00	309.43	0.00	0.00	0.00
1465236802.0 68 0.00	1001.58	27.80	-24.84	350.93	211.25	-0.00	0.00	308.87	0.00	0.00	0.00
1465236803.0 68 0.00	1001.98	27.99	-24.68	345.67	207.58	-0.00	0.00	308.82	0.00	0.00	0.00
1465236804.0 68 0.00	1001.98	27.99	-24.84	343.92	206.36	-0.00	0.00	308.82	0.00	0.00	0.00
1465236805.0 68 0.00	1001.58	27.80	-24.84	350.93	208.80	-2.33	0.00	308.82	0.00	0.00	0.00
1465236806.0 68 0.00	1001.98	27.99	-24.84	347.42	208.80	-0.00	0.00	308.98	0.00	0.00	0.00
1465236807.0 68 0.00	1001.58	27.80	-24.68	357.94	214.96	-0.00	0.00	308.98	0.00	0.00	0.00
1465236808.0 68 0.00	1001.98	27.99	-24.84	354.44	214.96	-2.33	0.00	308.93	0.00	0.00	0.00
1465236809.0 67 0.00	1001.98	27.99	-25.00	349.18	211.25	-0.00	0.00	308.98	0.00	0.00	0.00
1465236810.0 67 0.00	1001.98	27.99	-24.84	357.94	217.45	-0.00	0.00	309.15	0.00	0.00	0.00
1465236812.0 67 0.00	1002.37	28.18	-24.84	356.19	217.45	-2.33	0.00	309.15	0.00	0.00	0.00
1465236813.0 67 0.00	1001.11	28.18	-24.84	352.68	214.96	-0.00	0.00	309.21	0.00	0.00	0.00
1465236814.0 67 0.00	1001.11	28.18	-24.84	357.94	219.96	0.68	0.00	309.15	0.00	0.00	0.00
1465236815.0 67 0.00	1002.37	28.18	-24.84	350.93	211.25	-0.00	0.00	309.04	0.00	0.00	0.00
1465236816.0 67 0.00	1001.98	27.99	-25.00	357.94	219.96	-2.33	0.00	309.21	473.68	0.00	0.00
1465236817.0 67 0.00	1001.98	27.99	-24.84	354.44	214.96	-0.00	0.00	308.98	0.00	0.00	0.00
1465236817.0 67 0.00	1000.72	27.99	-25.00	350.93	212.48	-0.00	0.00	309.38	473.68	0.00	0.00
1465236818.0 67 0.00	1002.37	28.18	-24.84	361.45	222.49	-0.00	0.00	308.98	0.00	0.00	0.00
1465236819.0 67 0.00	1001.98	27.99	-24.84	350.93	211.25	-0.00	0.00	309.04	0.00	0.00	0.00
1465236820.0 67 0.00	1002.37	28.18	-24.84	356.19	217.45	-0.00	0.00	309.15	473.68	0.00	0.00
1465236821.0 68 0.00	1001.98	27.99	-24.84	342.17	205.15	-0.00	0.00	308.70	0.00	0.00	0.00
1465236822.0 68 0.00	1001.98	27.99	-24.84	349.18	210.02	-0.00	0.00	308.98	0.00	0.00	0.00
1465236823.0 68 0.00	1002.37	28.18	-24.84	354.44	214.96	-0.00	0.00	309.27	0.00	0.00	0.00
1465236824.0 68 0.00	1000.72	27.99	-24.84	354.44	212.48	-2.33	0.00	309.10	0.00	0.00	0.00
1465236825.0 68 0.00	1002.37	28.18	-24.84	349.18	211.25	-0.00	0.00	309.32	0.00	0.00	0.00
1465236826.0 68 0.00	1001.98	27.99	-24.84	350.93	212.48	-0.00	0.00	308.98	0.00	0.00	0.00
1465236828.0 68 0.00	1002.37	28.18	-24.84	356.19	212.48	-0.00	0.00	309.04	0.00	0.00	0.00
1465236828.0 68 0.00	1000.72	27.99	-24.84	347.42	210.02	-0.00	0.00	309.04	0.00	0.00	0.00
1465236829.0 68 0.00	1001.98	27.99	-24.84	359.70	217.45	-0.00	0.00	309.04	0.00	0.00	0.00
1465236831.0 68 0.00	999.45	27.99	-24.84	354.44	214.96	0.68	0.00	309.04	0.00	0.00	0.00
1465236832.0 68 0.00	1002.37	28.18	-25.00	352.68	212.48	-0.00	0.00	309.43	0.00	0.00	0.00
1465236833.0 68 0.00	1002.37	28.18	-24.68	356.19	217.45	3.69	0.00	309.04	473.68	0.00	0.00
1465236834.0 68 0.00	1001.98	27.99	-24.84	349.18	211.25	0.68	0.00	309.04	0.00	0.00	0.00
1465236835.0 68 0.00	1000.72	27.99	-24.84	350.93	211.25	-0.00	0.00	308.98	0.00	0.00	0.00
1465236836.0 68 0.00	1000.72	27.99	-24.84	357.94	217.45	-2.33	0.00	309.15	0.00	0.00	0.00
1465236837.0 68 0.00	1002.37	28.18	-24.84	352.68	212.48	-0.00	0.00	309.04	0.00	0.00	0.00
1465236838.0 68 0.00	1002.37	28.18	-25.00	350.93	213.72	-0.00	0.00	309.49	0.00	0.00	0.00
1465236839.0 68 0.00	1001.11	28.18	-24.68	352.68	214.96	-2.33	0.00	309.04	0.00	0.00	0.00
1465236840.0 68 0.00	1001.98	27.99	-24.84	349.18	210.02	-0.00	0.00	308.93	0.00	0.00	0.00
1465236841.0 68 0.00	1000.72	27.99	-24.84	354.44	214.96	-0.00	0.00	309.32	0.00	0.00	0.00
1465236842.0 68 0.00	1001.98	27.99	-24.84	352.68	211.25	-0.00	0.00	308.98	0.00	0.00	0.00
1465236843.0 68 0.00	1002.37	28.18	-24.84	349.18	210.02	-0.00	0.00	309.04	0.00	0.00	0.00
1465236844.0 68 0.00	1002.37	28.18	-24.84	354.44	214.96	-2.33	0.00	308.98	0.00	0.00	0.00
1465236845.0 68 0.00	1001.98	27.99	-24.84	349.18	212.48	-0.00	0.00	309.15	0.00	0.00	0.00
1465236846.0 69 0.00	1000.72	27.99	-24.84	342.17	205.15	-0.00	0.00	308.70	0.00	0.00	0.00
1465236847.0 69 0.00	1002.37	28.18	-24.68	354.44	214.96	-0.00	0.00	309.10	344.01	0.00	0.00
1465236848.0 69 0.00	1001.98	27.99	-24.84	349.18	210.02	-0.00	0.00	308.93	0.00	0.00	0.00
1465236849.0 69 0.00	1001.98	27.99	-25.00	357.94	221.22	-0.00	0.00	309.49	0.00	0.00	0.00
1465236849.0 69 0.00	1001.98	27.99	-24.84	354.44	214.96	0.68	0.00	308.98	0.00	0.00	0.00
1465236850.0 69 0.00	1001.98	27.99	-25.00	349.18	212.48	-0.00	0.00	309.43	0.00	0.00	0.00
1465236851.0 69 0.00	1001.98	27.99	-24.68	356.19	219.96	-0.00	0.00	309.10	0.00	0.00	0.00
1465236852.0 69 0.00	1000.72	27.99	-25.00	350.93	213.72	-0.00	0.00	309.10	0.00	0.00	0.00
1465236853.0 69 0.00	1002.37	28.18	-24.84	357.94	217.45	-0.00	0.00	309.15	473.68	0.00	0.00
1465236854.0 69 0.00	1002.37	28.18	-25.00	354.44	214.96	-0.00	0.00	309.21	0.00	0.00	0.00
1465236855.0 69 0.00	1001.11	28.18	-24.84	350.93	217.45	-2.33	0.00	309.27	0.00	0.00	0.00
1465236856.0 69 0.00	1002.37	28.18	-24.84	350.93	212.48	-0.00	0.00	309.10	0.00	0.00	0.00
1465236857.0 68 0.00	1001.11	28.18	-25.00	350.93	210.02	-0.00	0.00	309.43	0.00	0.00	0.00
1465236858.0 68 0.00	1001.11	28.18	-24.84	354.44	217.45	-2.33	0.00	309.10	0.00	0.00	0.00
1465236859.0 68 0.00	1000.72	27.99	-24.84	350.93	211.25	-0.00	0.00	308.98	0.00	0.00	0.00
1465236860.0 68 0.00	1001.11	28.18	-24.84	361.45	222.49	-0.00	0.00	309.32	0.00	0.00	0.00
1465236861.0 68 0.00	1001.11	28.18	-24.84	349.18	210.02	-0.00	0.00	308.93	0.00	0.00	0.00
1465236862.0 68 0.00	1002.37	28.18	-24.84	356.19	219.96	-0.00	0.00	309.38	0.00	0.00	0.00
1465236863.0 68 0.00	1000.72	27.99	-24.68	352.68	214.96	-0.00	0.00	308.93	0.00	0.00	0.00
1465236864.0 68 0.00	1002.37	28.18	-25.00	350.93	212.48	-0.00	0.00	309.38	0.00	0.00	0.00
1465236865.0 68 0.00	1000.72	27.99	-24.84	356.19	218.70	-0.00	0.00	309.10	0.00	0.00	0.00
1465236866.0 68 0.00	1002.37	28.18	-24.84	350.93	213.72	-0.00	0.00	309.04	0.00	0.00	0.00
1465236867.0 68 0.00	1001.98	27.99	-24.68	356.19	217.45	-0.00	0.00	309.21	0.00	0.00	0.00
1465236868.0 68 0.00	1001.98	27.99	-24.84	354.44	214.96	-0.00	0.00	309.15	0.00	0.00	0.00
1465236869.0 68 0.00	1001.98	27.99	-24.84	352.68	222.49	-2.33	0.00	309.38	0.00	0.00	0.00
1465236870.0 68 0.00	1002.37	28.18	-24.84	350.93	211.25	-0.00	0.00	308.98	0.00	0.00	0.00
1465236871.0 68 0.00	1001.11	28.18	-24.84	349.18	210.02	-2.33	0.00	309.38	0.00	0.00	0.00
1465236872.0 68 0.00	1000.72	27.99	-24.84	356.19	217.45	-2.33	0.00	309.10	0.00	0.00	0.00
1465236873.0 68 0.00	1001.98	27.99	-24.84	349.18	211.25	-0.00	0.00	308.98	0.00	0.00	0.00
1465236874.0 68 0.00	1002.37	28.18	-24.84	359.70	219.96	-2.33	0.00	309.15	0.00	0.00	0.00
1465236875.0 68 0.00	1001.98	27.99	-24.84	349.18	210.02	-2.33	0.00	308.93	0.00	0.00	0.00
1465236876.0 68 0.00	1002.77	28.36	-24.84	357.94	221.22	-0.00	0.00	309.32	0.00	0.00	0.00
1465236877.0 68 0.00	1001.58	27.80	-24.84	352.68	213.72	-0.00	0.00	308.93	0.00	0.00	0.00
1465236878.0 68 0.00	1001.98	27.99	-25.00	352.68	214.96	-0.00	0.00	309.60	0.00	0.00	0.00
1465236879.0 68 0.00	1001.98	27.99	-24.84	357.94	219.96	-0.00	0.00	308.98	0.00	0.00	0.00
1465236880.0 68 0.00	1001.98	27.99	-24.84	350.93	212.48	-0.00	0.00	309.04	0.00	0.00	0.00
1465236881.0 69 0.00	1000.32	27.80	-24.84	359.70	218.70	-2.33	0.00	309.21	0.00	0.00	0.00
1465236882.0 69 0.00	1000.32	27.80	-24.84	352.68	212.48	-0.00	0.00	308.87	0.00	0.00	0.00
1465236883.0 69 0.00	1001.98	27.99	-24.84	349.18	210.02	-2.33	0.00	309.32	0.00	0.00	0.00
1465236884.0 69 0.00	1001.98	27.99	-24.84	357.94	217.45	-0.00	0.00	309.04	0.00	0.00	0.00
1465236885.0 69 0.00	1001.98	27.99	-24.84	352.68	210.02	-0.00	0.00	309.04	0.00	0.00	0.00
1465236886.0 69 0.00	1001.58	27.80	-24.84	361.45	216.20	-2.33	0.00	309.04	0.00	0.00	0.00
1465236887.0 69 0.00	1000.72	27.99	-24.84	349.18	210.02	-0.00	0.00	308.93	0.00	0.00	0.00
1465236888.0 69 0.00	1001.58	27.80	-25.00	359.70	219.96	-2.33	0.00	309.21	0.00	0.00	0.00
1465236889.0 69 0.00	1001.58	27.80	-24.84	352.68	210.02	-0.00	0.00	308.93	0.00	0.00	0.00
1465236891.0 69 0.00	1001.98	27.99	-24.84	352.68	211.25	-2.33	0.00	309.04	0.00	0.00	0.00
1465236892.0 69 0.00	1001.58	27.80	-25.00	359.70	217.45	-0.00	0.00	309.43	0.00	0.00	0.00
1465236893.0 69 0.00	1000.32	27.80	-24.68	352.68	212.48	-2.33	0.00	309.04	0.00	0.00	0.00
1465236894.0 69 0.00	1001.98	27.99	-24.68	357.94	218.70	-0.00	0.00	309.15	0.00	0.00	0.00
1465236895.0 69 0.00	1001.58	27.80	-24.84	347.42	208.80	-0.00	0.00	308.93	0.00	0.00	0.00
1465236896.0 69 0.00	1001.18	27.62	-24.84	345.67	207.58	-2.33	0.00	308.76	0.00	0.00	0.00
1465236897.0 69 0.00	1001.58	27.80	-24.68	359.70	218.70	-0.00	0.00	309.10	0.00	0.00	0.00
1465236898.0 69 0.00	1001.58	27.80	-24.84	349.18	210.02	-0.00	0.00	308.93	0.00	0.00	0.00
1465236899.0 69 0.00	1001.98	27.99	-24.84	359.70	219.96	-2.33	0.00	309.21	0.00	0.00	0.00
1465236900.0 69 0.00	1001.58	27.80	-24.84	357.94	212.48	-0.00	0.00	308.98	0.00	0.00	0.00
1465236901.0 69 0.00	1001.58	27.80	-24.84	354.44	213.72	-0.00	0.00	309.43	0.00	0.00	0.00
1465236902.0 69 0.00	1001.98	27.99	-24.84	359.70	219.96	-0.00	0.00	309.32	0.00	0.00	0.00
1465236903.0 69 0.00	1001.58	27.80	-24.84	352.68	213.72	-2.33	0.00	309.10	0.00	0.00	0.00
1465236904.0 69 0.00	1001.98	27.99	-24.84	350.93	211.25	-0.00	0.00	309.04	0.00	0.00	0.00
1465236905.0 69 0.00	1001.98	27.99	-24.84	352.68	211.25	-0.00	0.00	309.10	0.00	0.00	0.00
1465236906.0 70 0.00	1000.32	27.80	-25.00	350.93	211.25	-2.33	0.00	309.32	0.00	0.00	0.00
1465236907.0 70 0.00	1000.72	27.99	-24.84	361.45	219.96	0.68	0.00	309.21	0.00	0.00	0.00
1465236908.0 70 0.00	1000.72	27.99	-24.68	345.67	206.36	-0.00	0.00	308.76	0.00	0.00	0.00
1465236909.0 70 0.00	1001.98	27.99	-25.00	352.68	211.25	-0.00	0.00	309.38	0.00	0.00	0.00
1465236910.0 70 0.00	1001.98	27.99	-25.00	357.94	217.45	3.69	0.00	309.15	0.00	0.00	0.00
1465236911.0 70 0.00	1001.98	27.99	-24.84	352.68	212.48	-0.00	0.00	309.04	0.00	0.00	0.00
1465236912.0 70 0.00	1000.72	27.99	-25.16	352.68	212.48	-0.00	0.00	309.32	0.00	0.00	0.00
1465236913.0 70 0.00	1001.98	27.99	-24.84	352.68	213.72	-2.33	0.00	309.04	0.00	0.00	0.00
1465236914.0 70 0.00	1002.37	28.18	-24.84	352.68	211.25	-0.00	0.00	309.15	0.00	0.00	0.00
1465236915.0 70 0.00	1000.72	27.99	-24.84	352.68	212.48	-2.33	0.00	309.15	0.00	0.00	0.00
1465236916.0 70 0.00	1001.98	27.99	-25.00	354.44	212.48	-2.33	0.00	309.04	0.00	0.00	0.00
1465236917.0 70 0.00	1001.98	27.99	-24.84	350.93	210.02	-0.00	0.00	309.04	0.00	0.00	0.00
1465236918.0 71 0.00	1001.98	27.99	-24.84	350.93	217.45	-0.00	0.00	309.38	0.00	0.00	0.00
1465236919.0 71 0.00	1001.98	27.99	-24.84	354.44	213.72	-0.00	0.00	308.98	0.00	0.00	0.00
1465236920.0 71 0.00	1000.72	27.99	-24.84	356.19	214.96	-0.00	0.00	309.15	0.00	0.00	0.00
1465236921.0 71 0.00	1000.32	27.80	-24.84	356.19	216.20	-2.33	0.00	309.04	0.00	0.00	0.00
1465236922.0 71 0.00	1001.98	27.99	-25.00	356.19	216.20	-0.00	0.00	309.32	0.00	0.00	0.00
1465236923.0 71 0.00	1001.98	27.99	-24.84	366.71	223.76	-2.33	0.00	309.32	0.00	0.00	0.00
1465236924.0 71 0.00	1001.58	27.80	-24.84	352.68	212.48	-0.00	0.00	308.98	0.00	0.00	0.00
1465236925.0 71 0.00	1000.72	27.99	-25.00	361.45	219.96	-0.00	0.00	309.32	0.00	0.00	0.00
1465236926.0 71 0.00	1001.58	27.80	-24.84	356.19	212.48	-0.00	0.00	308.93	0.00	0.00	0.00
1465236927.0 71 0.00	1001.98	27.99	-25.00	354.44	211.25	-0.00	0.00	309.38	0.00	0.00	0.00
1465236928.0 71 0.00	1000.32	27.80	-24.84	359.70	221.22	-0.00	0.00	309.04	0.00	0.00	0.00
1465236929.0 71 0.00	1001.58	27.80	-24.84	354.44	211.25	-0.00	0.00	309.10	0.00	0.00	0.00
1465236930.0 71 0.00	1001.58	27.80	-24.84	352.68	212.48	-2.33	0.00	308.98	0.00	0.00	0.00
1465236931.0 71 0.00	1001.58	27.80	-24.84	356.19	216.20	-0.00	0.00	309.10	0.00	0.00	0.00
1465236932.0 71 0.00	1001.18	27.62	-24.84	352.68	210.02	-0.00	0.00	308.98	0.00	0.00	0.00
1465236933.0 71 0.00	1001.58	27.80	-25.00	361.45	219.96	-0.00	0.00	309.32	0.00	0.00	0.00
1465236934.0 71 0.00	1001.18	27.62	-24.84	354.44	211.25	-0.00	0.00	309.04	0.00	0.00	0.00
1465236935.0 71 0.00	1001.58	27.80	-24.84	354.44	218.70	-0.00	0.00	309.27	0.00	0.00	0.00
1465236936.0 71 0.00	1001.18	27.62	-24.84	356.19	212.48	-0.00	0.00	309.15	0.00	0.00	0.00
1465236937.0 71 0.00	1001.18	27.62	-24.84	359.70	216.20	-0.00	0.00	309.55	0.00	0.00	0.00
1465236938.0 71 0.00	1001.18	27.62	-24.84	356.19	212.48	-0.00	0.00	309.04	0.00	0.00	0.00
1465236939.0 71 0.00	1000.32	27.80	-24.68	354.44	212.48	-0.00	0.00	308.98	0.00	0.00	0.00
1465236940.0 71 0.00	1001.18	27.62	-24.84	356.19	212.48	-0.00	0.00	309.04	0.00	0.00	0.00
1465236941.0 71 0.00	1001.18	27.62	-24.84	354.44	212.48	-2.33	0.00	309.04	0.00	0.00	0.00
1465236942.0 73 0.00	1001.58	27.80	-25.16	354.44	212.48	-2.33	0.00	309.21	0.00	0.00	0.00
1465236943.0 73 0.00	1001.58	27.80	-24.84	363.20	218.70	2.44	0.00	309.15	0.00	0.00	0.00
1465236944.0 73 0.00	1001.58	27.80	-24.84	359.70	217.45	0.68	0.00	309.15	0.00	0.00	0.00
1465236945.0 73 0.00	1001.18	27.62	-24.84	356.19	211.25	-0.00	0.00	309.04	0.00	0.00	0.00
1465236946.0 73 0.00	1001.98	27.99	-24.84	364.95	219.96	0.68	0.00	309.21	0.00	0.00	0.00
1465236947.0 73 0.00	1001.98	27.99	-24.84	361.45	217.45	-2.33	0.00	309.10	0.00	0.00	0.00
1465236948.0 73 0.00	1000.32	27.80	-24.84	356.19	211.25	-0.00	0.00	309.04	0.00	0.00	0.00
1465236949.0 73 0.00	1001.18	27.62	-25.16	363.20	217.45	-0.00	0.00	309.43	0.00	0.00	0.00
1465236950.0 73 0.00	1001.58	27.80	-24.84	354.44	212.48	-0.00	0.00	309.10	0.00	0.00	0.00
1465236951.0 73 0.00	1000.32	27.80	-24.84	356.19	211.25	-0.00	0.00	308.98	473.68	0.00	0.00
1465236952.0 73 0.00	1001.58	27.80	-25.00	361.45	217.45	-0.00	0.00	309.27	0.00	0.00	0.00
1465236953.0 73 0.00	1000.32	27.80	-25.00	357.94	212.48	-0.00	0.00	309.04	0.00	0.00	0.00
1465236954.0 71 0.00	1000.78	27.43	-24.68	352.68	208.80	-0.00	0.00	308.98	0.00	0.00	0.00
1465236955.0 71 0.00	1001.18	27.62	-24.84	363.20	219.96	-2.33	0.00	309.21	0.00	0.00	0.00
1465236956.0 71 0.00	999.52	27.43	-24.84	359.70	213.72	-2.33	0.00	308.93	0.00	0.00	0.00
1465236957.0 71 0.00	1001.18	27.62	-24.84	354.44	212.48	-0.00	0.00	309.04	0.00	0.00	0.00
1465236958.0 71 0.00	1000.78	27.43	-24.84	359.70	214.96	-0.00	0.00	308.98	0.00	0.00	0.00
1465236959.0 71 0.00	1000.78	27.43	-24.84	357.94	211.25	-2.33	0.00	308.93	0.00	0.00	0.00
1465236960.0 71 0.00	1001.58	27.80	-25.00	356.19	213.72	-2.33	0.00	309.49	0.00	0.00	0.00
1465236961.0 71 0.00	1001.18	27.62	-24.84	363.20	214.96	-0.00	0.00	308.98	0.00	0.00	0.00
1465236962.0 71 0.00	1001.18	27.62	-24.84	357.94	212.48	-0.00	0.00	309.04	0.00	0.00	0.00
1465236963.0 71 0.00	1001.18	27.62	-25.00	356.19	211.25	-0.00	0.00	309.32	0.00	0.00	0.00
1465236964.0 71 0.00	1001.18	27.62	-24.84	361.45	214.96	-0.00	0.00	309.10	0.00	0.00	0.00
1465236966.0 71 0.00	1001.18	27.62	-24.84	359.70	212.48	-2.33	0.00	308.98	0.00	0.00	0.00
1465236967.0 73 0.00	1000.78	27.43	-24.84	356.19	208.80	-2.33	0.00	308.93	0.00	0.00	0.00
1465236968.0 73 0.00	1001.18	27.62	-25.00	363.20	217.45	-2.33	0.00	309.27	0.00	0.00	0.00
1465236969.0 73 0.00	1000.78	27.43	-24.68	357.94	211.25	-0.00	0.00	309.04	0.00	0.00	0.00
1465236969.0 73 0.00	1001.18	27.62	-24.84	354.44	210.02	-2.33	0.00	309.04	0.00	0.00	0.00
1465236970.0 73 0.00	1000.78	27.43	-24.84	361.45	216.20	3.69	0.00	309.04	473.68	0.00	0.00
1465236971.0 73 0.00	1002.44	27.62	-24.84	359.70	213.72	-0.00	0.00	309.15	0.00	0.00	0.00
1465236972.0 73 0.00	1001.18	27.62	-24.68	366.71	219.96	0.68	0.00	309.15	0.00	0.00	0.00
1465236973.0 73 0.00	1001.58	27.80	-24.84	356.19	210.02	-0.00	0.00	308.98	0.00	0.00	0.00
1465236974.0 73 0.00	999.92	27.62	-24.84	366.71	219.96	-2.33	0.00	309.21	0.00	0.00	0.00
1465236976.0 73 0.00	1001.18	27.62	-24.84	364.95	217.45	-2.33	0.00	309.21	0.00	0.00	0.00
1465236977.0 73 0.00	1001.18	27.62	-24.84	359.70	212.48	-0.00	0.00	309.21	0.00	0.00	0.00
1465236978.0 73 0.00	1001.18	27.62	-25.00	366.71	218.70	-0.00	0.00	309.32	0.00	0.00	0.00
1465236979.0 73 0.00	1001.18	27.62	-24.84	356.19	208.80	-0.00	0.00	308.98	0.00	0.00	0.00
1465236980.0 73 0.00	1001.18	27.62	-24.68	368.46	216.20	-0.00	0.00	309.04	0.00	0.00	0.00
1465236981.0 73 0.00	1001.58	27.80	-24.84	357.94	210.02	-0.00	0.00	308.98	0.00	0.00	0.00
1465236982.0 73 0.00	1001.58	27.80	-24.84	357.94	210.02	-0.00	0.00	309.04	0.00	0.00	0.00
1465236983.0 73 0.00	1001.18	27.62	-24.84	366.71	216.20	-0.00	0.00	309.10	0.00	0.00	0.00
1465236984.0 73 0.00	999.92	27.62	-24.84	357.94	211.25	-0.00	0.00	309.15	0.00	0.00	0.00
1465236985.0 73 0.00	1001.58	27.80	-24.84	359.70	211.25	-0.00	0.00	309.38	473.68	0.00	0.00
1465236986.0 73 0.00	1001.58	27.80	-24.84	371.96	221.22	-2.33	0.00	309.15	0.00	0.00	0.00
1465236987.0 73 0.00	1000.72	27.99	-24.84	361.45	212.48	-0.00	0.00	309.04	0.00	0.00	0.00
1465236988.0 73 0.00	1001.58	27.80	-25.00	368.46	218.70	-0.00	0.00	309.38	0.00	0.00	0.00
1465236989.0 73 0.00	1001.98	27.99	-24.84	361.45	212.48	-0.00	0.00	309.04	0.00	0.00	0.00
1465236990.0 73 0.00	1001.58	27.80	-24.84	361.45	217.45	-0.00	0.00	309.27	0.00	0.00	0.00
1465236991.0 74 0.00	1001.58	27.80	-24.84	359.70	210.02	-0.00	0.00	309.04	0.00	0.00	0.00
1465236992.0 74 0.00	1001.58	27.80	-24.84	368.46	218.70	0.68	0.00	309.15	0.00	0.00	0.00
1465236993.0 74 0.00	1000.72	27.99	-24.84	364.95	212.48	-2.33	0.00	309.32	0.00	0.00	0.00
1465236994.0 74 0.00	1001.58	27.80	-25.00	363.20	212.48	-0.00	0.00	309.21	0.00	0.00	0.00
1465236995.0 74 0.00	1001.58	27.80	-24.68	366.71	212.48	-0.00	0.00	309.04	0.00	0.00	0.00
1465236996.0 74 0.00	1001.58	27.80	-24.84	359.70	210.02	-0.00	0.00	308.98	0.00	0.00	0.00
1465236997.0 74 0.00	1001.58	27.80	-24.84	370.21	217.45	-0.00	0.00	309.04	0.00	0.00	0.00
1465236998.0 74 0.00	1001.98	27.99	-24.84	364.95	213.72	-0.00	0.00	309.27	0.00	0.00	0.00
1465236999.0 74 0.00	1001.98	27.99	-24.84	363.20	212.48	-0.00	0.00	309.38	0.00	0.00	0.00
1465237000.0 74 0.00	1001.98	27.99	-24.84	363.20	214.96	-0.00	0.00	309.27	0.00	0.00	0.00
1465237001.0 74 0.00	1000.32	27.80	-24.68	364.95	211.25	-0.00	0.00	308.98	0.00	0.00	0.00
1465237002.0 74 0.00	1000.72	27.99	-24.84	363.20	210.02	-0.00	0.00	308.98	0.00	0.00	0.00
1465237003.0 74 0.00	1001.58	27.80	-24.68	364.95	213.72	-2.33	0.00	308.98	0.00	0.00	0.00
1465237004.0 74 0.00	1001.58	27.80	-25.00	366.71	217.45	-2.33	0.00	309.55	0.00	0.00	0.00
1465237006.0 74 0.00	1001.58	27.80	-24.68	377.22	222.49	-0.00	0.00	309.43	473.68	0.00	0.00
1465237007.0 74 0.00	1001.18	27.62	-25.00	370.21	217.45	-2.33	0.00	309.32	0.00	0.00	0.00
1465237008.0 74 0.00	1001.18	27.62	-24.84	364.95	211.25	-0.00	0.00	309.04	0.00	0.00	0.00
1465237009.0 74 0.00	1000.32	27.80	-24.84	364.95	211.25	-0.00	0.00	309.04	0.00	0.00	0.00
1465237010.0 74 0.00	1000.32	27.80	-25.00	366.71	213.72	-0.00	0.00	309.21	0.00	0.00	0.00
1465237011.0 74 0.00	1001.18	27.62	-24.84	375.47	217.45	-0.00	0.00	309.10	0.00	0.00	0.00
1465237012.0 74 0.00	1001.18	27.62	-24.84	370.21	214.96	-0.00	6514.00	308.93	0.00	0.00	0.00
1465237013.0 74 0.00	1001.18	27.62	-24.84	364.95	212.48	-0.00	0.00	308.98	0.00	0.00	0.00
1465237015.0 76 0.00	1000.32	27.80	-24.68	370.21	213.72	-2.33	0.00	308.98	0.00	0.00	0.00
1465237016.0 76 0.00	1001.98	27.99	-24.68	368.46	214.96	-0.00	0.00	308.93	0.00	0.00	0.00
1465237017.0 76 0.00	1001.58	27.80	-24.84	368.46	214.96	-0.00	0.00	309.21	0.00	0.00	0.00
1465237018.0 76 0.00	1001.18	27.62	-24.84	370.21	214.96	-0.00	0.00	309.10	0.00	0.00	0.00
1465237019.0 76 0.00	1000.32	27.80	-24.84	368.46	214.96	0.68	0.00	308.98	0.00	0.00	0.00
1465237021.0 76 0.00	1001.58	27.80	-24.84	364.95	211.25	-2.33	6615.78	309.04	0.00	0.00	0.00
1465237022.0 76 0.00	1001.58	27.80	-24.84	371.96	217.45	-0.00	6641.22	309.04	0.00	0.00	0.00
1465237023.0 76 0.00	1001.18	27.62	-24.84	370.21	213.72	-0.00	407.12	309.38	0.00	0.00	0.00
1465237027.0 76 181707.15	1001.18	27.62	-24.84	371.96	213.72	-2.33	6921.12	308.98	0.00	708.35	7307.29
1465237029.0 76 0.00	1001.18	27.62	-24.84	370.21	213.72	-0.00	407.12	309.27	0.00	-0.00	-0.37
1465237031.0 76 0.00	1000.78	27.43	-24.84	368.46	214.96	-0.00	203.56	309.04	0.00	-0.00	-0.37
1465237033.0 76 -0.00	1000.78	27.43	-24.84	368.46	213.72	-0.00	6921.12	309.15	0.00	-0.00	-0.00
