# Name = UIS1
# Version = 1.0
# Location = Universidad Industrial de Santander
# Sensors = Presion, Temperatura, Humedad, Irradiancia, Iluminancia, Ruido, LLuvia, CO2, NO2, Latitud, Longitud, Nubosidad
# Power = Red
# GPS = si
# Time Zone = UTC-5
# Data = UTCtime GPStime Presion Temperatura Humedad Irradiancia Iluminancia  Ruido Lluvia CO2 NO2 Latitud Longitud Nubosidad 
1468990801.0 100 145452.64	1002.62	20.14	84.65	0.00	234.09	-0.00	-666.00	310.00	0.00	708.31	7307.28
1468990801.0 100 145452.64	1003.02	20.33	88.29	0.00	227.60	-0.00	-666.00	310.00	0.00	708.31	7307.28
1468990802.0 100 145452.64	1003.02	20.33	90.19	0.00	230.18	-0.00	-666.00	309.72	0.00	708.31	7307.28
1468990803.0 100 145452.64	1003.02	20.33	90.03	0.00	228.89	-0.00	-666.00	309.89	0.00	708.31	7307.28
1468990804.0 100 145452.64	1002.62	20.14	89.87	0.00	228.89	-2.33	-666.00	309.72	0.00	708.31	7307.28
1468990804.0 100 145452.64	1004.26	20.33	89.40	0.00	228.89	-2.33	-666.00	309.72	0.00	708.31	7307.28
1468990805.0 100 145452.64	1004.26	20.33	84.81	0.00	235.40	0.68	-666.00	309.94	0.00	708.31	7307.28
1468990806.0 100 145452.64	1003.02	20.33	89.08	0.00	228.89	-0.00	-666.00	309.77	0.00	708.31	7307.28
1468990807.0 100 145452.64	1003.02	20.33	89.72	0.00	226.32	-0.00	-666.00	309.77	0.00	708.31	7307.28
1468990807.0 100 145452.64	1003.43	20.51	86.55	0.00	228.89	-2.33	-666.00	309.83	0.00	708.31	7307.28
1468990808.0 100 145452.64	1003.86	20.14	88.45	0.00	230.18	-2.33	-666.00	309.89	0.00	708.31	7307.28
