# Name = UIS1
# Version = 1.0
# Location = Universidad Industrial de Santander
# Sensors = Presion, Temperatura, Humedad, Irradiancia, Iluminancia, Ruido, LLuvia, CO2, NO2, Latitud, Longitud, Nubosidad
# Power = Red
# GPS = si
# Time Zone = UTC-5
# Data = UTCtime GPStime Presion Temperatura Humedad Irradiancia Iluminancia  Ruido Lluvia CO2 NO2 Latitud Longitud Nubosidad 
1473224401.0 100 100852.89	999.73	19.95	-24.84	0.00	222.49	15.93	-666.00	309.77	285.25	708.34	7307.27
1473224402.0 100 100852.89	1000.14	20.14	-24.84	0.00	234.09	16.36	-666.00	309.77	285.25	708.34	7307.27
1473224402.0 100 100852.89	1000.54	20.33	-24.84	0.00	226.32	14.20	-666.00	309.60	344.01	708.34	7307.27
1473224403.0 100 100852.89	999.30	20.33	-25.00	0.00	223.76	13.46	-666.00	309.77	285.25	708.34	7307.27
1473224404.0 100 100852.89	999.30	20.33	-24.84	0.00	225.04	14.74	-666.00	309.77	285.25	708.34	7307.27
1473224405.0 100 100852.89	998.06	20.33	-24.84	0.00	230.18	16.47	-666.00	309.66	285.25	708.34	7307.27
1473224405.0 100 100852.89	1000.14	20.14	-24.84	0.00	231.48	16.36	-666.00	309.49	473.68	708.34	7307.27
1473224406.0 100 100852.89	999.30	20.33	-24.84	0.00	231.48	17.26	-666.00	309.49	285.25	708.34	7307.27
1473224407.0 100 100852.89	997.66	20.14	-25.16	0.00	231.48	15.23	-666.00	309.72	285.25	708.34	7307.27
1473224407.0 100 100852.89	999.30	20.33	-25.00	0.00	228.89	14.48	-666.00	309.83	473.68	708.34	7307.27
1473224408.0 100 100852.89	997.66	20.14	-24.84	0.00	227.60	14.83	-666.00	309.83	285.25	708.34	7307.27
