# Name = UIS1
# Version = 1.0
# Location = Universidad Industrial de Santander
# Sensors = Presion, Temperatura, Humedad, Irradiancia, Iluminancia, Ruido, LLuvia, CO2, NO2, Latitud, Longitud, Nubosidad
# Power = Red
# GPS = si
# Time Zone = UTC-5
# Data = UTCtime GPStime Presion Temperatura Humedad Irradiancia Iluminancia  Ruido Lluvia CO2 NO2 Latitud Longitud Nubosidad 
1472965200.0 100 152535.34	992.33	19.39	-25.00	0.00	225.04	-0.00	-666.00	309.72	0.00	708.92	7307.68
1472965201.0 100 152535.34	992.33	19.39	-24.84	0.00	223.76	-0.00	-666.00	309.55	0.00	708.92	7307.68
1472965202.0 100 152535.34	993.57	19.39	-24.84	0.00	228.89	-2.33	-666.00	309.83	0.00	708.92	7307.68
1472965203.0 100 152535.34	991.50	19.58	-25.00	0.00	232.78	-0.00	-666.00	309.72	0.00	708.92	7307.68
1472965203.0 100 152535.34	993.57	19.39	-24.84	0.00	231.48	-0.00	-666.00	309.94	0.00	708.92	7307.68
1472965204.0 100 152535.34	992.33	19.39	-24.84	0.00	231.48	-0.00	-666.00	310.00	0.00	708.92	7307.68
1472965205.0 100 152535.34	991.93	19.21	-25.00	0.00	235.40	-0.00	-666.00	310.00	0.00	708.92	7307.68
1472965206.0 100 152535.34	993.57	19.39	-25.00	0.00	226.32	-2.33	-666.00	309.89	0.00	708.92	7307.68
1472965206.0 100 152535.34	991.10	19.39	-25.00	0.00	228.89	2.44	-666.00	309.72	473.68	708.92	7307.68
1472965207.0 100 152535.34	992.33	19.39	-24.84	0.00	231.48	-0.00	-666.00	309.77	0.00	708.92	7307.68
