# Name = UIS1
# Version = 1.0
# Location = Universidad Industrial de Santander
# Sensors = Presion, Temperatura, Humedad, Irradiancia, Iluminancia, Ruido, LLuvia, CO2, NO2, Latitud, Longitud, Nubosidad
# Power = Red
# GPS = si
# Time Zone = UTC-5
# Data = UTCtime GPStime Presion Temperatura Humedad Irradiancia Iluminancia  Ruido Lluvia CO2 NO2 Latitud Longitud Nubosidad 
1468558801.0 100 170042.23	995.58	20.33	90.98	0.00	223.76	0.68	-666.00	309.55	0.00	708.35	7307.28
1468558802.0 100 170042.23	995.98	20.51	90.35	0.00	232.78	-2.33	-666.00	309.66	0.00	708.35	7307.28
1468558802.0 100 170042.23	994.74	20.51	84.02	0.00	234.09	0.68	-666.00	309.89	0.00	708.35	7307.28
1468558803.0 100 170042.23	995.58	20.33	90.66	0.00	226.32	-0.00	-666.00	309.60	0.00	708.35	7307.28
1468558804.0 100 170042.23	995.98	20.51	90.51	0.00	225.04	7.67	-666.00	309.72	0.00	708.35	7307.28
1468558804.0 100 170042.23	994.74	20.51	90.66	0.00	226.32	-2.33	-666.00	309.55	0.00	708.35	7307.28
1468558805.0 100 170042.23	994.74	20.51	90.51	0.00	227.60	-0.00	-666.00	309.66	0.00	708.35	7307.28
1468558806.0 100 170042.23	994.74	20.51	90.35	0.00	226.32	4.66	-666.00	309.66	0.00	708.35	7307.28
1468558807.0 100 170042.23	995.58	20.33	90.66	0.00	222.49	0.68	-666.00	309.66	473.68	708.35	7307.28
1468558807.0 100 170042.23	994.74	20.51	87.34	0.00	228.89	-2.33	-666.00	309.77	0.00	708.35	7307.28
1468558808.0 100 170042.23	994.74	20.51	87.66	0.00	225.04	-2.33	-666.00	309.77	0.00	708.35	7307.28
