1484242754.0 51 173855.68	999.46	30.98	66.61	807.66	203.95	-0.00	0.00	309.04	0.00	708.36	7307.25
1484242755.0 51 173855.68	1000.73	30.98	69.78	809.40	207.58	3.69	0.00	308.87	0.00	708.36	7307.25
1484242756.0 49 173855.68	1000.73	30.98	71.04	804.16	202.74	-0.00	0.00	308.93	0.00	708.36	7307.25
1484242757.0 49 173855.68	1000.73	30.98	66.77	809.40	210.02	-0.00	0.00	308.82	0.00	708.36	7307.25
1484242758.0 49 173855.68	1000.33	30.79	64.40	779.71	202.74	-2.33	0.00	308.65	0.00	708.36	7307.25
1484242759.0 49 173855.68	1000.73	30.98	62.50	790.19	210.02	7.21	0.00	308.65	0.00	708.36	7307.25
1484242760.0 49 173855.68	1000.73	30.98	67.41	769.23	202.74	-0.00	0.00	308.98	0.00	708.36	7307.25
1484242761.0 49 173855.68	1000.73	30.98	72.47	770.98	202.74	0.68	0.00	308.70	0.00	708.36	7307.25
1484242762.0 49 173855.68	1001.12	31.17	68.04	779.71	212.48	-0.00	0.00	308.82	0.00	708.36	7307.25
1484242764.0 49 173855.68	999.46	30.98	65.19	767.49	202.74	-0.00	0.00	308.59	0.00	708.36	7307.25
1484242765.0 49 173855.68	999.85	31.17	62.18	751.76	205.15	-0.00	0.00	309.10	0.00	708.36	7307.25
1484242766.0 49 173855.68	1000.73	30.98	64.24	779.71	211.25	-2.33	0.00	308.82	344.01	708.36	7307.25
1484242767.0 49 173855.68	1001.12	31.17	68.51	776.22	208.80	-2.33	0.00	308.82	0.00	708.36	7307.25
1484242768.0 49 173855.68	999.46	30.98	70.89	762.24	203.95	2.44	0.00	308.65	0.00	708.36	7307.25
1484242769.0 49 173855.68	1000.73	30.98	66.61	758.75	202.74	-0.00	0.00	308.70	473.68	708.36	7307.25
1484242770.0 49 173855.68	1000.33	30.79	64.72	753.51	203.95	-0.00	0.00	308.59	0.00	708.36	7307.25
1484242771.0 49 173855.68	1000.73	30.98	60.92	751.76	202.74	-0.00	0.00	308.93	473.68	708.36	7307.25
1484242772.0 49 173855.68	1000.73	30.98	66.30	762.24	212.48	-0.00	0.00	309.04	0.00	708.36	7307.25
1484242773.0 49 173855.68	1000.33	30.79	70.25	770.98	207.58	2.44	0.00	308.70	0.00	708.36	7307.25
1484242774.0 49 173855.68	1000.73	30.98	69.94	753.51	207.58	5.45	0.00	308.65	473.68	708.36	7307.25
1484242775.0 49 173855.68	1000.33	30.79	65.03	744.77	202.74	-0.00	0.00	308.70	0.00	708.36	7307.25
1484242776.0 49 173855.68	1000.73	30.98	61.55	762.24	211.25	-0.00	0.00	309.10	0.00	708.36	7307.25
1484242777.0 49 173855.68	1000.73	30.98	65.19	758.75	210.02	-2.33	0.00	308.76	0.00	708.36	7307.25
1484242778.0 49 173855.68	999.94	30.61	69.62	739.53	203.95	-0.00	0.00	308.70	0.00	708.36	7307.25
1484242779.0 49 173855.68	1000.33	30.79	71.68	750.01	203.95	3.69	0.00	308.98	0.00	708.36	7307.25
1484242780.0 49 173855.68	1001.60	30.79	65.19	751.76	203.95	-0.00	0.00	308.70	0.00	708.36	7307.25
1484242781.0 49 173855.68	999.94	30.61	61.39	767.49	211.25	3.69	0.00	308.70	473.68	708.36	7307.25
1484242782.0 49 173855.68	1000.33	30.79	66.14	748.27	210.02	0.68	0.00	308.87	0.00	708.36	7307.25
1484242783.0 49 173855.68	1001.21	30.61	70.57	741.28	206.36	0.68	0.00	308.65	0.00	708.36	7307.25
1484242784.0 49 173855.68	1000.81	30.42	70.41	729.04	202.74	6.12	0.00	308.65	0.00	708.36	7307.25
1484242785.0 49 173855.68	999.54	30.42	65.98	737.78	203.95	-2.33	0.00	309.04	0.00	708.36	7307.25
1484242786.0 49 173855.68	1000.81	30.42	61.55	727.30	203.95	-2.33	0.00	308.82	0.00	708.36	7307.25
1484242787.0 49 173855.68	1002.08	30.42	67.41	758.75	208.80	-0.00	0.00	308.70	0.00	708.36	7307.25
1484242788.0 49 173855.68	1000.81	30.42	73.26	743.02	207.58	6.70	0.00	308.70	0.00	708.36	7307.25
1484242789.0 49 173855.68	1000.42	30.23	66.61	736.03	207.58	-0.00	0.00	309.15	0.00	708.36	7307.25
1484242791.0 49 173855.68	1000.42	30.23	63.13	750.01	216.20	3.69	0.00	309.21	0.00	708.36	7307.25
1484242792.0 49 173855.68	1001.68	30.23	65.51	727.30	205.15	0.68	0.00	308.65	473.68	708.36	7307.25
1484242793.0 49 173855.68	1000.42	30.23	68.83	727.30	203.95	2.44	0.00	308.65	0.00	708.36	7307.25
1484242794.0 49 173855.68	1000.42	30.23	69.46	723.80	201.55	-0.00	0.00	308.65	0.00	708.36	7307.25
1484242795.0 49 173855.68	1000.81	30.42	64.87	757.00	216.20	-2.33	0.00	308.98	0.00	708.36	7307.25
1484242796.0 49 173855.68	1000.42	30.23	61.71	739.53	205.15	-0.00	0.00	308.98	0.00	708.36	7307.25
1484242797.0 49 173855.68	1000.81	30.42	68.51	727.30	202.74	-0.00	0.00	308.65	0.00	708.36	7307.25
1484242798.0 49 173855.68	1000.42	30.23	70.73	727.30	203.95	-0.00	0.00	308.59	344.01	708.36	7307.25
1484242799.0 49 173855.68	1001.68	30.23	65.66	727.30	203.95	-0.00	0.00	308.65	0.00	708.36	7307.25
1484242800.0 49 173855.68	1000.81	30.42	61.87	729.04	201.55	-0.00	0.00	308.65	0.00	708.36	7307.25
1484242801.0 49 173855.68	1000.42	30.23	67.72	744.77	212.48	-2.33	0.00	308.82	0.00	708.36	7307.25
1484242802.0 49 173855.68	1000.81	30.42	70.89	750.01	208.80	4.66	0.00	308.59	473.68	708.36	7307.25
1484242803.0 49 173855.68	1000.81	30.42	66.30	736.03	206.36	-2.33	0.00	308.70	0.00	708.36	7307.25
1484242804.0 49 173855.68	1000.81	30.42	63.61	730.79	205.15	-2.33	0.00	308.98	0.00	708.36	7307.25
1484242805.0 49 173855.68	1000.81	30.42	64.87	727.30	203.95	-0.00	0.00	308.82	0.00	708.36	7307.25
1484242806.0 48 173855.68	1000.81	30.42	71.04	734.29	207.58	-2.33	0.00	308.70	0.00	708.36	7307.25
1484242807.0 48 173855.68	1000.81	30.42	67.41	718.56	201.55	-0.00	0.00	308.59	0.00	708.36	7307.25
1484242808.0 48 173855.68	1000.81	30.42	67.41	718.56	203.95	-2.33	0.00	309.04	0.00	708.36	7307.25
1484242809.0 48 173855.68	1001.21	30.61	64.24	720.31	203.95	0.68	0.00	308.65	0.00	708.36	7307.25
1484242810.0 48 173855.68	1001.60	30.79	70.09	716.81	202.74	-0.00	0.00	308.76	0.00	708.36	7307.25
1484242811.0 48 173855.68	1000.81	30.42	72.78	722.05	207.58	7.21	0.00	309.04	0.00	708.36	7307.25
1484242812.0 48 173855.68	1001.21	30.61	65.98	718.56	207.58	2.44	0.00	308.70	0.00	708.36	7307.25
1484242813.0 48 173855.68	1001.21	30.61	63.77	706.32	202.74	4.66	0.00	308.76	0.00	708.36	7307.25
1484242814.0 48 173855.68	1001.21	30.61	66.93	709.82	203.95	-2.33	0.00	309.10	0.00	708.36	7307.25
1484242815.0 48 173855.68	999.54	30.42	72.78	715.06	210.02	2.44	0.00	308.82	0.00	708.36	7307.25
1484242816.0 48 173855.68	1000.81	30.42	69.78	697.58	205.15	-0.00	0.00	308.65	0.00	708.36	7307.25
1484242818.0 48 173855.68	1000.81	30.42	65.66	697.58	207.58	-0.00	0.00	308.70	0.00	708.36	7307.25
1484242819.0 49 173855.68	1000.81	30.42	62.66	680.10	202.74	-0.00	0.00	308.70	473.68	708.36	7307.25
1484242820.0 49 173855.68	999.54	30.42	65.19	697.58	211.25	3.69	0.00	308.87	0.00	708.36	7307.25
1484242821.0 49 173855.68	1000.81	30.42	69.30	685.34	205.15	0.68	0.00	308.54	0.00	708.36	7307.25
1484242822.0 49 173855.68	1002.48	30.61	71.99	676.60	202.74	0.68	0.00	308.70	0.00	708.36	7307.25
1484242823.0 49 173855.68	999.54	30.42	65.35	681.85	206.36	-0.00	0.00	308.65	0.00	708.36	7307.25
1484242824.0 49 173855.68	1000.42	30.23	63.13	671.35	201.55	-2.33	0.00	308.54	0.00	708.36	7307.25
1484242825.0 49 173855.68	999.54	30.42	61.87	676.60	207.58	5.45	0.00	308.82	473.68	708.36	7307.25
1484242826.0 49 173855.68	1000.81	30.42	67.41	687.09	211.25	-0.00	0.00	308.87	473.68	708.36	7307.25
1484242827.0 49 173855.68	1000.81	30.42	71.20	683.59	210.02	-2.33	0.00	308.70	0.00	708.36	7307.25
1484242828.0 49 173855.68	1002.08	30.42	66.93	667.86	206.36	-2.33	0.00	308.70	0.00	708.36	7307.25
1484242829.0 49 173855.68	1001.21	30.61	65.03	660.86	202.74	-0.00	0.00	309.04	0.00	708.36	7307.25
1484242830.0 49 173855.68	1000.81	30.42	61.55	662.61	202.74	2.44	0.00	308.76	0.00	708.36	7307.25
1484242831.0 47 173855.68	1000.81	30.42	65.35	669.61	206.36	-0.00	0.00	308.65	0.00	708.36	7307.25
1484242832.0 47 173855.68	1001.21	30.61	69.46	657.36	206.36	0.68	0.00	308.70	0.00	708.36	7307.25
1484242833.0 47 173855.68	999.54	30.42	71.52	664.36	207.58	-0.00	0.00	309.21	0.00	708.36	7307.25
1484242834.0 47 173855.68	1001.21	30.61	66.30	673.10	214.96	-0.00	0.00	308.98	473.68	708.36	7307.25
1484242835.0 47 173855.68	1000.81	30.42	63.92	639.87	200.35	-0.00	0.00	308.59	0.00	708.36	7307.25
1484242836.0 47 173855.68	1000.81	30.42	63.61	655.62	210.02	0.68	0.00	308.76	0.00	708.36	7307.25
1484242837.0 47 173855.68	1000.81	30.42	65.98	636.38	202.74	-0.00	0.00	308.93	0.00	708.36	7307.25
1484242838.0 47 173855.68	999.54	30.42	68.04	634.63	205.15	-0.00	0.00	308.65	0.00	708.36	7307.25
1484242839.0 47 173855.68	999.54	30.42	72.47	643.37	207.58	-2.33	0.00	309.10	0.00	708.36	7307.25
1484242840.0 47 173855.68	1000.81	30.42	65.35	650.37	208.80	-2.33	0.00	308.82	0.00	708.36	7307.25
1484242841.0 47 173855.68	999.94	30.61	62.82	636.38	203.95	-0.00	0.00	308.76	0.00	708.36	7307.25
1484242842.0 47 173855.68	1001.21	30.61	61.08	638.12	203.95	2.44	0.00	308.65	0.00	708.36	7307.25
1484242843.0 47 173855.68	1000.81	30.42	62.82	634.63	202.74	-2.33	0.00	308.70	0.00	708.36	7307.25
1484242845.0 47 173855.68	1001.21	30.61	67.72	653.87	211.25	2.44	0.00	308.82	0.00	708.36	7307.25
1484242846.0 47 173855.68	1000.81	30.42	69.46	666.11	206.36	-2.33	0.00	308.54	473.68	708.36	7307.25
1484242847.0 47 173855.68	999.15	30.23	65.19	652.12	207.58	-0.00	0.00	308.76	0.00	708.36	7307.25
1484242848.0 47 173855.68	1000.81	30.42	63.45	636.38	208.80	-0.00	0.00	308.93	0.00	708.36	7307.25
1484242849.0 47 173855.68	1000.81	30.42	60.28	650.37	202.74	-0.00	0.00	308.70	0.00	708.36	7307.25
1484242850.0 47 173855.68	1000.81	30.42	67.72	650.37	203.95	-2.33	0.00	308.98	0.00	708.36	7307.25
1484242851.0 47 173855.68	999.54	30.42	71.04	694.08	213.72	11.09	0.00	308.93	0.00	708.36	7307.25
1484242852.0 47 173855.68	1000.81	30.42	65.51	641.62	206.36	-2.33	0.00	308.65	0.00	708.36	7307.25
1484242853.0 47 173855.68	1002.08	30.42	63.29	636.38	203.95	-0.00	0.00	308.65	0.00	708.36	7307.25
1484242854.0 47 173855.68	1001.29	30.05	60.76	638.12	212.48	-0.00	0.00	309.10	0.00	708.36	7307.25
1484242855.0 47 173855.68	1001.68	30.23	65.66	643.37	207.58	-0.00	0.00	308.70	0.00	708.36	7307.25
1484242856.0 46 173855.68	1000.02	30.05	70.25	632.88	203.95	-2.33	0.00	308.70	0.00	708.36	7307.25
1484242857.0 46 173855.68	1000.42	30.23	65.98	625.88	201.55	-0.00	0.00	308.65	0.00	708.36	7307.25
1484242858.0 46 173855.68	1000.42	30.23	64.40	645.12	211.25	-2.33	0.00	308.87	344.01	708.36	7307.25
1484242859.0 46 173855.68	1001.68	30.23	61.39	639.87	212.48	7.21	0.00	308.70	0.00	708.36	7307.25
1484242860.0 46 173855.68	1000.42	30.23	65.51	631.13	206.36	-0.00	0.00	308.65	0.00	708.36	7307.25
1484242861.0 46 173855.68	1000.02	30.05	70.09	632.88	206.36	8.08	0.00	308.98	0.00	708.36	7307.25
1484242862.0 46 173855.68	1000.42	30.23	65.66	632.88	207.58	0.68	0.00	308.48	0.00	708.36	7307.25
1484242863.0 46 173855.68	1000.81	30.42	64.72	622.38	202.74	2.44	0.00	308.65	0.00	708.36	7307.25
1484242864.0 46 173855.68	1000.42	30.23	62.66	624.13	205.15	7.67	0.00	309.15	473.68	708.36	7307.25
1484242865.0 46 173855.68	1000.42	30.23	65.19	634.63	210.02	3.69	0.00	308.87	0.00	708.36	7307.25
1484242866.0 46 173855.68	1002.08	30.42	70.25	624.13	205.15	0.68	0.00	308.65	0.00	708.36	7307.25
1484242867.0 46 173855.68	1000.42	30.23	67.72	632.88	207.58	0.68	0.00	308.82	0.00	708.36	7307.25
1484242868.0 47 173855.68	1000.42	30.23	64.72	629.38	207.58	2.44	0.00	308.93	0.00	708.36	7307.25
1484242869.0 47 173855.68	999.63	29.86	60.44	636.38	211.25	-0.00	0.00	308.76	0.00	708.36	7307.25
1484242870.0 47 173855.68	1000.02	30.05	65.51	625.88	205.15	-0.00	0.00	308.70	0.00	708.36	7307.25
1484242871.0 47 173855.68	1000.42	30.23	69.78	622.38	203.95	-2.33	0.00	308.98	0.00	708.36	7307.25
1484242873.0 47 173855.68	1000.50	29.67	65.82	634.63	211.25	-2.33	0.00	308.93	0.00	708.36	7307.25
1484242874.0 47 173855.68	999.23	29.67	62.66	625.88	206.36	0.68	0.00	308.65	0.00	708.36	7307.25
1484242875.0 47 173855.68	1000.89	29.86	59.97	618.88	203.95	-0.00	0.00	308.70	473.68	708.36	7307.25
1484242876.0 47 173855.68	1000.50	29.67	65.35	632.88	212.48	-0.00	0.00	308.70	0.00	708.36	7307.25
1484242877.0 47 173855.68	1000.02	30.05	69.78	611.88	202.74	-0.00	0.00	308.59	0.00	708.36	7307.25
1484242878.0 47 173855.68	999.63	29.86	68.67	618.88	211.25	-2.33	0.00	309.15	0.00	708.36	7307.25
1484242879.0 47 173855.68	1000.50	29.67	63.92	615.38	211.25	-0.00	0.00	308.93	0.00	708.36	7307.25
1484242880.0 47 173855.68	1000.50	29.67	60.44	604.89	207.58	11.82	0.00	308.70	0.00	708.36	7307.25
1484242881.0 48 173855.68	1001.76	29.67	62.50	594.39	203.95	-0.00	0.00	308.65	473.68	708.36	7307.25
1484242882.0 48 173855.68	999.23	29.67	65.82	589.14	202.74	-0.00	0.00	308.65	0.00	708.36	7307.25
1484242883.0 48 173855.68	1000.10	29.49	69.46	610.13	216.20	0.68	0.00	308.87	0.00	708.36	7307.25
1484242884.0 48 173855.68	1000.10	29.49	68.20	603.14	213.72	0.68	0.00	308.65	0.00	708.36	7307.25
1484242885.0 48 173855.68	1000.50	29.67	64.08	589.14	203.95	-0.00	0.00	308.70	0.00	708.36	7307.25
1484242886.0 48 173855.68	1000.50	29.67	62.18	589.14	203.95	-0.00	0.00	309.04	0.00	708.36	7307.25
1484242887.0 48 173855.68	1000.50	29.67	61.23	590.89	203.95	0.68	0.00	308.76	0.00	708.36	7307.25
1484242888.0 48 173855.68	1000.10	29.49	66.30	592.64	202.74	-0.00	0.00	308.98	0.00	708.36	7307.25
1484242889.0 48 173855.68	1000.50	29.67	70.09	611.88	208.80	-0.00	0.00	308.98	0.00	708.36	7307.25
1484242890.0 48 173855.68	999.23	29.67	68.67	608.38	206.36	-0.00	0.00	308.59	0.00	708.36	7307.25
1484242891.0 48 173855.68	1000.50	29.67	64.24	604.89	205.15	-2.33	0.00	308.82	0.00	708.36	7307.25
1484242892.0 48 173855.68	1000.50	29.67	63.29	603.14	203.95	-0.00	0.00	309.04	0.00	708.36	7307.25
1484242893.0 48 173855.68	999.23	29.67	60.60	606.63	203.95	-0.00	0.00	308.82	0.00	708.36	7307.25
1484242894.0 48 173855.68	1000.50	29.67	66.30	615.38	207.58	-0.00	0.00	308.65	0.00	708.36	7307.25
1484242895.0 48 173855.68	1000.50	29.67	70.57	608.38	203.95	0.68	0.00	308.76	0.00	708.36	7307.25
1484242896.0 48 173855.68	999.23	29.67	69.46	608.38	203.95	-2.33	0.00	309.10	0.00	708.36	7307.25
1484242897.0 48 173855.68	1000.50	29.67	63.61	625.88	212.48	-0.00	0.00	309.04	0.00	708.36	7307.25
1484242898.0 48 173855.68	1001.76	29.67	61.87	604.89	203.95	7.67	0.00	308.65	0.00	708.36	7307.25
1484242899.0 48 173855.68	1000.10	29.49	63.29	601.39	203.95	-0.00	0.00	308.65	0.00	708.36	7307.25
1484242901.0 48 173855.68	999.23	29.67	67.72	594.39	202.74	-0.00	0.00	308.65	0.00	708.36	7307.25
1484242902.0 48 173855.68	999.70	29.30	71.36	592.64	202.74	0.68	0.00	308.65	0.00	708.36	7307.25
1484242903.0 48 173855.68	1001.36	29.49	66.61	589.14	202.74	-2.33	0.00	308.93	0.00	708.36	7307.25
1484242904.0 48 173855.68	1000.50	29.67	64.40	578.64	197.98	0.68	0.00	308.37	0.00	708.36	7307.25
1484242905.0 48 173855.68	1000.97	29.30	61.23	599.64	208.80	-2.33	0.00	308.70	473.68	708.36	7307.25
1484242906.0 49 173855.68	1001.36	29.49	63.45	590.89	203.95	0.68	0.00	308.65	0.00	708.36	7307.25
1484242907.0 49 173855.68	1000.10	29.49	66.93	585.64	203.95	-2.33	0.00	308.70	0.00	708.36	7307.25
1484242908.0 49 173855.68	1001.36	29.49	69.78	601.39	212.48	-2.33	0.00	308.70	473.68	708.36	7307.25
1484242909.0 49 173855.68	999.70	29.30	64.56	580.39	205.15	-0.00	0.00	308.59	0.00	708.36	7307.25
1484242910.0 49 173855.68	1001.36	29.49	64.24	573.39	207.58	0.68	0.00	309.04	0.00	708.36	7307.25
1484242911.0 49 173855.68	999.70	29.30	60.92	569.89	211.25	10.68	0.00	308.93	0.00	708.36	7307.25
1484242912.0 49 173855.68	999.31	29.11	63.92	568.14	208.80	-2.33	0.00	308.70	0.00	708.36	7307.25
1484242913.0 49 173855.68	1000.57	29.11	67.72	559.38	203.95	-0.00	0.00	308.65	0.00	708.36	7307.25
1484242914.0 49 173855.68	1000.57	29.11	69.78	557.63	202.74	0.68	0.00	308.70	0.00	708.36	7307.25
1484242915.0 49 173855.68	1000.57	29.11	64.72	557.63	203.95	-0.00	0.00	308.65	0.00	708.36	7307.25
1484242916.0 49 173855.68	998.91	28.93	62.34	547.13	202.74	-2.33	0.00	308.65	0.00	708.36	7307.25
1484242917.0 49 173855.68	998.91	28.93	62.03	552.38	210.02	8.08	0.00	308.82	0.00	708.36	7307.25
1484242918.0 48 173855.68	1001.84	29.11	63.92	531.38	205.15	-2.33	0.00	308.76	473.68	708.36	7307.25
1484242919.0 48 173855.68	1001.44	28.93	68.04	515.62	203.95	-0.00	0.00	308.65	0.00	708.36	7307.25
1484242920.0 48 173855.68	999.78	28.74	68.83	491.10	202.74	-0.00	0.00	308.65	0.00	708.36	7307.25
1484242921.0 48 173855.68	1001.44	28.93	65.51	480.59	212.48	-2.33	0.00	308.82	473.68	708.36	7307.25
1484242922.0 48 173855.68	999.78	28.74	62.97	456.07	210.02	7.21	0.00	308.70	0.00	708.36	7307.25
1484242923.0 48 173855.68	998.52	28.74	59.49	426.29	203.95	-0.00	0.00	308.65	0.00	708.36	7307.25
1484242924.0 48 173855.68	999.78	28.74	65.66	414.02	203.95	-0.00	0.00	309.04	0.00	708.36	7307.25
1484242925.0 48 173855.68	1000.57	29.11	68.35	401.76	203.95	4.66	0.00	308.76	0.00	708.36	7307.25
1484242927.0 48 173855.68	999.78	28.74	68.67	400.01	208.80	3.69	0.00	308.70	0.00	708.36	7307.25
1484242928.0 48 173855.68	1000.18	28.93	63.29	384.23	203.95	-0.00	0.00	308.65	0.00	708.36	7307.25
1484242929.0 48 173855.68	1000.18	28.93	62.97	382.48	203.95	0.68	0.00	308.70	0.00	708.36	7307.25
1484242930.0 48 173855.68	998.52	28.74	60.13	385.99	203.95	6.12	0.00	308.65	0.00	708.36	7307.25
1484242931.0 48 173855.68	1000.18	28.93	64.24	400.01	207.58	-0.00	0.00	308.82	0.00	708.36	7307.25
1484242932.0 47 173855.68	998.91	28.93	68.35	419.28	208.80	-0.00	0.00	308.98	0.00	708.36	7307.25
1484242933.0 47 173855.68	1000.18	28.93	70.73	435.05	211.25	8.08	0.00	308.70	0.00	708.36	7307.25
1484242934.0 47 173855.68	1000.18	28.93	67.41	424.54	202.74	-0.00	0.00	308.59	0.00	708.36	7307.25
1484242935.0 47 173855.68	1000.18	28.93	65.51	421.03	203.95	-0.00	0.00	309.04	0.00	708.36	7307.25
1484242936.0 47 173855.68	1000.18	28.93	64.40	415.78	210.02	5.45	0.00	308.82	0.00	708.36	7307.25
1484242937.0 47 173855.68	1000.18	28.93	62.34	389.49	205.15	0.68	0.00	308.70	0.00	708.36	7307.25
1484242938.0 47 173855.68	1000.57	29.11	64.87	370.21	205.15	-2.33	0.00	308.82	0.00	708.36	7307.25
1484242939.0 47 173855.68	1000.57	29.11	68.35	364.95	207.58	-0.00	0.00	308.98	0.00	708.36	7307.25
1484242940.0 47 173855.68	999.78	28.74	69.46	368.46	208.80	0.68	0.00	308.70	0.00	708.36	7307.25
1484242941.0 47 173855.68	1000.18	28.93	67.41	363.20	203.95	-2.33	0.00	308.65	473.68	708.36	7307.25
1484242942.0 47 173855.68	999.78	28.74	64.72	364.95	203.95	-2.33	0.00	308.70	0.00	708.36	7307.25
1484242943.0 47 173855.68	1001.04	28.74	62.18	382.48	205.15	0.68	0.00	308.59	0.00	708.36	7307.25
1484242944.0 46 173855.68	998.52	28.74	60.44	394.75	206.36	-0.00	0.00	308.76	344.01	708.36	7307.25
1484242945.0 46 173855.68	1001.04	28.74	66.77	403.51	203.95	-0.00	0.00	308.65	0.00	708.36	7307.25
1484242946.0 46 173855.68	1001.04	28.74	70.09	426.29	212.48	3.69	0.00	308.70	0.00	708.36	7307.25
1484242947.0 46 173855.68	998.12	28.55	69.94	433.30	203.95	-0.00	0.00	308.59	0.00	708.36	7307.25
1484242948.0 46 173855.68	1001.04	28.74	66.93	428.04	203.95	-0.00	0.00	309.04	0.00	708.36	7307.25
1484242949.0 46 173855.68	1001.04	28.74	63.61	443.81	212.48	-2.33	0.00	309.10	0.00	708.36	7307.25
1484242950.0 46 173855.68	999.78	28.74	62.50	433.30	206.36	5.45	0.00	308.82	0.00	708.36	7307.25
1484242951.0 46 173855.68	1001.04	28.74	65.98	440.31	203.95	-2.33	0.00	308.70	0.00	708.36	7307.25
1484242952.0 46 173855.68	1001.04	28.74	71.04	440.31	201.55	-2.33	0.00	308.65	0.00	708.36	7307.25
1484242954.0 46 173855.68	1001.04	28.74	72.31	468.33	212.48	3.69	0.00	308.82	0.00	708.36	7307.25
1484242955.0 46 173855.68	1001.04	28.74	65.19	463.08	207.58	-0.00	0.00	308.59	0.00	708.36	7307.25
1484242956.0 46 173855.68	1001.04	28.74	65.66	464.83	206.36	0.68	0.00	308.76	0.00	708.36	7307.25
1484242957.0 46 173855.68	999.78	28.74	62.50	468.33	206.36	7.21	0.00	308.59	0.00	708.36	7307.25
1484242958.0 46 173855.68	1000.65	28.55	63.77	461.33	202.74	-0.00	0.00	308.65	0.00	708.36	7307.25
1484242959.0 46 173855.68	1000.65	28.55	67.25	456.07	201.55	-0.00	0.00	308.65	0.00	708.36	7307.25
1484242960.0 46 173855.68	999.38	28.55	71.99	457.82	211.25	0.68	0.00	308.70	344.01	708.36	7307.25
1484242961.0 46 173855.68	1000.25	28.36	70.25	443.81	206.36	-2.33	0.00	308.76	0.00	708.36	7307.25
1484242962.0 46 173855.68	1000.65	28.55	65.82	440.31	203.95	-2.33	0.00	308.98	0.00	708.36	7307.25
1484242963.0 46 173855.68	998.59	28.18	63.77	449.06	211.25	-2.33	0.00	308.98	0.00	708.36	7307.25
1484242964.0 46 173855.68	1000.25	28.36	61.87	450.82	205.15	-0.00	0.00	308.70	473.68	708.36	7307.25
1484242965.0 46 173855.68	1000.65	28.55	66.61	454.32	203.95	-0.00	0.00	308.65	0.00	708.36	7307.25
1484242966.0 46 173855.68	1000.25	28.36	69.94	459.57	202.74	-0.00	0.00	308.70	0.00	708.36	7307.25
1484242967.0 46 173855.68	1000.25	28.36	68.20	471.84	212.48	3.69	0.00	308.87	0.00	708.36	7307.25
1484242968.0 46 173855.68	1000.25	28.36	63.45	470.08	206.36	-0.00	0.00	308.76	0.00	708.36	7307.25
1484242969.0 46 173855.68	998.99	28.36	61.55	449.06	202.74	-2.33	0.00	308.76	0.00	708.36	7307.25
1484242970.0 46 173855.68	1000.65	28.55	62.18	447.31	207.58	3.69	0.00	308.65	0.00	708.36	7307.25
1484242971.0 46 173855.68	999.85	28.18	67.56	431.55	206.36	-0.00	0.00	308.87	0.00	708.36	7307.25
1484242972.0 46 173855.68	1000.65	28.55	71.04	417.53	202.74	0.68	0.00	308.70	0.00	708.36	7307.25
1484242973.0 46 173855.68	1000.25	28.36	65.51	426.29	212.48	-2.33	0.00	308.87	0.00	708.36	7307.25
1484242974.0 46 173855.68	1000.25	28.36	62.82	421.03	206.36	-2.33	0.00	308.65	0.00	708.36	7307.25
1484242975.0 46 173855.68	1000.25	28.36	60.13	422.78	207.58	3.69	0.00	308.82	0.00	708.36	7307.25
1484242976.0 46 173855.68	1001.51	28.36	66.14	431.55	207.58	-2.33	0.00	308.98	0.00	708.36	7307.25
1484242977.0 46 173855.68	999.85	28.18	69.15	452.57	210.02	-0.00	0.00	308.93	0.00	708.36	7307.25
1484242978.0 46 173855.68	1001.11	28.18	70.73	464.83	203.95	-2.33	0.00	308.70	0.00	708.36	7307.25
1484242979.0 46 173855.68	999.85	28.18	65.82	480.59	202.74	-0.00	0.00	308.70	0.00	708.36	7307.25
1484242980.0 46 173855.68	999.85	28.18	63.77	513.87	212.48	-2.33	0.00	308.87	0.00	708.36	7307.25
1484242981.0 46 173855.68	999.85	28.18	60.92	531.38	208.80	10.22	0.00	308.65	0.00	708.36	7307.25
1484242982.0 46 173855.68	999.85	28.18	62.82	531.38	206.36	-2.33	0.00	308.87	0.00	708.36	7307.25
1484242984.0 46 173855.68	999.85	28.18	67.09	541.88	210.02	-2.33	0.00	308.70	0.00	708.36	7307.25
1484242985.0 46 173855.68	999.85	28.18	71.20	534.88	205.15	5.45	0.00	308.76	0.00	708.36	7307.25
1484242986.0 46 173855.68	999.85	28.18	70.73	527.87	206.36	-2.33	0.00	308.82	0.00	708.36	7307.25
1484242987.0 46 173855.68	999.85	28.18	65.51	533.13	211.25	-0.00	0.00	308.87	0.00	708.36	7307.25
1484242988.0 46 173855.68	999.45	27.99	63.77	534.88	207.58	3.69	0.00	308.65	0.00	708.36	7307.25
1484242989.0 46 173855.68	999.85	28.18	62.97	526.12	203.95	0.68	0.00	308.70	473.68	708.36	7307.25
1484242990.0 46 173855.68	999.85	28.18	64.24	538.38	207.58	-2.33	0.00	309.04	0.00	708.36	7307.25
1484242991.0 46 173855.68	999.85	28.18	68.83	545.38	206.36	0.68	0.00	308.70	0.00	708.36	7307.25
1484242992.0 46 173855.68	1000.72	27.99	71.52	559.38	205.15	5.45	0.00	308.70	0.00	708.36	7307.25
1484242993.0 46 173855.68	999.85	28.18	69.30	571.64	202.74	-2.33	0.00	308.65	473.68	708.36	7307.25
1484242994.0 46 173855.68	999.06	27.80	65.82	622.38	217.45	-0.00	0.00	309.10	344.01	708.36	7307.25
1484242995.0 46 173855.68	999.85	28.18	61.87	636.38	208.80	-0.00	0.00	309.04	0.00	708.36	7307.25
1484242996.0 46 173855.68	999.45	27.99	61.08	657.36	206.36	-2.33	0.00	308.87	0.00	708.36	7307.25
1484242997.0 46 173855.68	1001.11	28.18	66.30	694.08	212.48	-0.00	0.00	308.87	0.00	708.36	7307.25
1484242998.0 46 173855.68	999.85	28.18	68.83	701.08	208.80	-2.33	0.00	308.87	0.00	708.36	7307.25
1484242999.0 46 173855.68	1001.11	28.18	71.52	718.56	202.74	-0.00	0.00	308.70	0.00	708.36	7307.25
1484243000.0 46 173855.68	999.45	27.99	69.30	750.01	212.48	0.68	0.00	308.87	0.00	708.36	7307.25
1484243001.0 46 173855.68	1000.72	27.99	64.87	753.51	207.58	-2.33	0.00	308.65	0.00	708.36	7307.25
1484243002.0 46 173855.68	999.06	27.80	64.40	757.00	203.95	0.68	0.00	308.87	0.00	708.36	7307.25
1484243003.0 46 173855.68	1000.72	27.99	62.18	776.22	211.25	-0.00	0.00	308.98	473.68	708.36	7307.25
1484243004.0 46 173855.68	1000.32	27.80	64.24	772.73	207.58	-0.00	0.00	309.21	0.00	708.36	7307.25
1484243005.0 46 173855.68	1000.72	27.99	67.25	779.71	207.58	-2.33	0.00	308.93	0.00	708.36	7307.25
1484243006.0 46 173855.68	1000.72	27.99	69.46	774.47	205.15	-0.00	0.00	308.87	0.00	708.36	7307.25
1484243007.0 46 173855.68	1000.72	27.99	71.20	791.94	212.48	7.67	0.00	308.87	473.68	708.36	7307.25
1484243008.0 46 173855.68	1001.11	28.18	65.98	763.99	202.74	-0.00	0.00	309.04	0.00	708.36	7307.25
1484243009.0 46 173855.68	1000.72	27.99	64.08	758.75	202.74	-2.33	0.00	308.70	0.00	708.36	7307.25
1484243011.0 46 173855.68	1001.11	28.18	60.13	751.76	202.74	-0.00	0.00	308.65	473.68	708.36	7307.25
1484243012.0 46 173855.68	1000.25	28.36	65.03	751.76	203.95	-2.33	0.00	308.70	0.00	708.36	7307.25
1484243013.0 46 173855.68	1000.25	28.36	70.41	739.53	203.95	5.45	0.00	308.70	0.00	708.36	7307.25
1484243014.0 46 173855.68	999.85	28.18	71.99	772.73	213.72	4.66	0.00	308.70	0.00	708.36	7307.25
1484243015.0 46 173855.68	999.85	28.18	65.98	763.99	205.15	-0.00	0.00	308.59	0.00	708.36	7307.25
1484243016.0 46 173855.68	1000.25	28.36	64.24	765.74	203.95	-2.33	0.00	309.04	0.00	708.36	7307.25
1484243017.0 46 173855.68	1000.25	28.36	62.34	788.45	212.48	8.08	0.00	309.10	0.00	708.36	7307.25
1484243018.0 46 173855.68	1000.65	28.55	62.82	767.49	205.15	-0.00	0.00	308.65	0.00	708.36	7307.25
1484243019.0 45 173855.68	999.38	28.55	65.98	763.99	203.95	-0.00	0.00	308.76	0.00	708.36	7307.25
1484243020.0 45 173855.68	1001.51	28.36	66.14	760.50	203.95	-0.00	0.00	308.70	344.01	708.36	7307.25
1484243021.0 45 173855.68	1001.04	28.74	65.03	762.24	205.15	-2.33	0.00	309.10	0.00	708.36	7307.25
1484243022.0 45 173855.68	998.99	28.36	62.97	772.73	203.95	0.68	0.00	308.65	0.00	708.36	7307.25
1484243023.0 45 173855.68	1001.04	28.74	60.92	770.98	201.55	-2.33	0.00	308.70	344.01	708.36	7307.25
1484243024.0 45 173855.68	1000.65	28.55	65.98	797.18	205.15	-0.00	0.00	308.82	0.00	708.36	7307.25
1484243025.0 45 173855.68	1001.04	28.74	68.99	805.91	210.02	3.69	5.76	308.65	473.68	708.36	7307.25
1484243026.0 45 173855.68	1001.04	28.74	68.67	821.63	206.36	7.67	0.00	308.65	0.00	708.36	7307.25
1484243027.0 45 173855.68	1001.04	28.74	65.35	807.66	205.15	-0.00	0.00	309.10	0.00	708.36	7307.25
1484243028.0 45 173855.68	1001.04	28.74	64.24	821.63	210.02	0.68	0.00	308.93	0.00	708.36	7307.25
1484243029.0 45 173855.68	999.78	28.74	60.44	811.15	205.15	-2.33	0.00	308.70	0.00	708.36	7307.25
1484243030.0 45 173855.68	1000.18	28.93	66.30	811.15	205.15	7.21	0.00	308.76	0.00	708.36	7307.25
1484243031.0 46 173855.68	1001.04	28.74	69.15	816.39	203.95	-0.00	0.00	308.70	0.00	708.36	7307.25
1484243032.0 46 173855.68	1001.44	28.93	71.20	846.06	212.48	7.67	0.00	308.76	0.00	708.36	7307.25
1484243033.0 46 173855.68	1001.44	28.93	64.40	846.06	208.80	-0.00	0.00	308.65	0.00	708.36	7307.25
1484243034.0 46 173855.68	1000.57	29.11	63.45	828.61	203.95	-0.00	0.00	308.65	0.00	708.36	7307.25
1484243035.0 46 173855.68	1000.57	29.11	62.03	840.83	203.95	-2.33	0.00	308.65	344.01	708.36	7307.25
1484243036.0 46 173855.68	1000.57	29.11	64.40	825.12	201.55	-0.00	0.00	308.54	0.00	708.36	7307.25
1484243038.0 46 173855.68	998.91	28.93	67.72	825.12	208.80	-2.33	0.00	308.93	0.00	708.36	7307.25
1484243039.0 46 173855.68	1001.84	29.11	70.09	833.85	210.02	-2.33	0.00	308.82	473.68	708.36	7307.25
1484243040.0 46 173855.68	1001.44	28.93	69.30	825.12	205.15	-0.00	0.00	308.82	473.68	708.36	7307.25
1484243041.0 46 173855.68	1000.57	29.11	65.98	832.10	205.15	-0.00	0.00	308.98	0.00	708.36	7307.25
1484243042.0 46 173855.68	999.70	29.30	63.92	849.55	210.02	-2.33	0.00	308.87	0.00	708.36	7307.25
1484243043.0 46 173855.68	1000.57	29.11	60.76	846.06	205.15	-2.33	0.00	308.65	344.01	708.36	7307.25
1484243044.0 46 173855.68	1000.97	29.30	63.92	846.06	203.95	-0.00	0.00	308.82	473.68	708.36	7307.25
1484243045.0 46 173855.68	1000.57	29.11	67.88	853.05	208.80	-2.33	0.00	308.98	0.00	708.36	7307.25
1484243046.0 46 173855.68	1000.10	29.49	69.78	880.96	213.72	-0.00	0.00	308.87	0.00	708.36	7307.25
1484243047.0 46 173855.68	1000.97	29.30	64.40	867.01	210.02	6.70	0.00	308.82	0.00	708.36	7307.25
1484243048.0 46 173855.68	1000.50	29.67	60.60	851.30	200.35	-0.00	0.00	308.82	0.00	708.36	7307.25
1484243049.0 46 173855.68	1000.10	29.49	70.25	853.05	203.95	-2.33	0.00	308.98	0.00	708.36	7307.25
1484243050.0 46 0.00	1000.10	29.49	69.78	872.24	203.95	7.67	184.31	308.59	0.00	0.00	0.00
1484243051.0 46 0.00	1002.23	29.30	64.40	896.66	211.25	0.68	184.31	308.82	0.00	0.00	0.00
1484243052.0 46 0.00	999.70	29.30	68.35	908.87	214.96	-2.33	391.65	309.10	0.00	0.00	0.00
1484243053.0 46 0.00	1001.36	29.49	60.44	889.69	205.15	6.12	23.04	308.93	0.00	0.00	0.00
1484243054.0 46 0.00	1001.36	29.49	64.24	894.92	208.80	-0.00	391.65	308.76	473.68	0.00	0.00
1484243055.0 46 0.00	1002.63	29.49	70.09	886.20	202.74	3.69	46.08	308.98	0.00	0.00	0.00
1484243056.0 46 0.00	1000.10	29.49	68.83	908.87	208.80	3.69	23.04	308.82	0.00	0.00	0.00
1484243057.0 46 0.00	1001.36	29.49	66.46	894.92	203.95	-0.00	0.00	308.65	0.00	0.00	0.00
1484243058.0 46 174411.68	1000.50	29.67	69.94	929.80	210.02	7.21	391.65	308.70	0.00	708.36	7307.25
1484243059.0 46 174411.68	1000.50	29.67	62.34	931.54	207.58	3.69	0.00	308.76	0.00	708.36	7307.25
1484243060.0 46 174411.68	1000.50	29.67	65.66	928.05	206.36	-0.00	2.88	308.65	0.00	708.36	7307.25
