# Name = UIS1
# Version = 1.0
# Location = Universidad Industrial de Santander
# Sensors = Presion, Temperatura, Humedad, Irradiancia, Iluminancia, Ruido, LLuvia, CO2, NO2, Latitud, Longitud, Nubosidad
# Power = Red
# GPS = si
# Time Zone = UTC-5
# Data = UTCtime GPStime Presion Temperatura Humedad Irradiancia Iluminancia  Ruido Lluvia CO2 NO2 Latitud Longitud Nubosidad 
1471150801.0 100 230524.67	1000.57	19.77	-24.68	0.00	222.49	-2.33	-666.00	309.32	473.68	709.22	7306.71
1471150802.0 100 230524.67	1000.57	19.77	-24.84	0.00	226.32	-0.00	-666.00	309.66	0.00	709.22	7306.71
1471150802.0 100 230524.67	1000.57	19.77	-24.84	0.00	225.04	-0.00	-666.00	309.60	0.00	709.22	7306.71
1471150803.0 100 230524.67	1000.57	19.77	-24.84	0.00	228.89	-0.00	-666.00	309.83	0.00	709.22	7306.71
1471150804.0 100 230524.67	1000.97	19.95	-25.00	0.00	228.89	-0.00	-666.00	309.83	0.00	709.22	7306.71
1471150804.0 100 230524.67	1000.97	19.95	-24.84	0.00	231.48	-0.00	-666.00	309.72	0.00	709.22	7306.71
1471150805.0 100 230524.67	1000.97	19.95	-24.84	0.00	227.60	-0.00	-666.00	309.77	0.00	709.22	7306.71
1471150806.0 100 230524.67	999.73	19.95	-25.00	0.00	230.18	-0.00	-666.00	309.83	0.00	709.22	7306.71
1471150807.0 100 230524.67	1000.97	19.95	-24.84	0.00	227.60	-0.00	-666.00	309.60	0.00	709.22	7306.71
1471150807.0 100 230524.67	1001.38	20.14	-24.84	0.00	228.89	0.68	-666.00	309.60	0.00	709.22	7306.71
1471150808.0 100 230524.67	1000.57	19.77	-24.84	0.00	230.18	-2.33	-666.00	309.83	0.00	709.22	7306.71
