# Name = UIS1
# Version = 1.0
# Location = Universidad Industrial de Santander
# Sensors = Presion, Temperatura, Humedad, Irradiancia, Iluminancia, Ruido, LLuvia, CO2, NO2, Latitud, Longitud, Nubosidad
# Power = Red
# GPS = si
# Time Zone = UTC-5
# Data = UTCtime GPStime Presion Temperatura Humedad Irradiancia Iluminancia  Ruido Lluvia CO2 NO2 Latitud Longitud Nubosidad 
1468040401.0 100 170042.23	1002.93	22.01	84.97	0.00	228.89	4.66	-666.00	309.72	0.00	708.35	7307.28
1468040401.0 100 170042.23	1001.29	21.82	90.98	0.00	223.76	7.21	-666.00	309.55	0.00	708.35	7307.28
1468040402.0 100 170042.23	1001.29	21.82	90.98	0.00	221.22	0.68	-666.00	309.43	0.00	708.35	7307.28
1468040403.0 100 170042.23	1001.29	21.82	88.61	0.00	230.18	7.67	-666.00	309.66	0.00	708.35	7307.28
1468040403.0 100 170042.23	1001.29	21.82	86.55	0.00	230.18	9.43	-666.00	309.72	473.68	708.35	7307.28
1468040404.0 100 170042.23	1002.93	22.01	88.61	0.00	228.89	4.66	-666.00	309.60	0.00	708.35	7307.28
1468040405.0 100 170042.23	1001.29	21.82	88.29	0.00	221.22	3.69	-666.00	309.66	0.00	708.35	7307.28
1468040406.0 100 170042.23	1003.77	21.82	90.98	0.00	222.49	2.44	-666.00	309.55	0.00	708.35	7307.28
1468040406.0 100 170042.23	1001.29	21.82	89.72	0.00	227.60	7.67	-666.00	309.60	0.00	708.35	7307.28
1468040407.0 100 170042.23	1002.53	21.82	82.75	0.00	232.78	6.12	-666.00	309.83	473.68	708.35	7307.28
1468040408.0 100 170042.23	1003.77	21.82	87.34	0.00	230.18	9.13	-666.00	309.77	0.00	708.35	7307.28
1468040409.0 100 170042.23	1002.93	22.01	84.18	0.00	232.78	7.21	-666.00	309.83	0.00	708.35	7307.28
