# Name = UIS1
# Version = 1.0
# Location = Universidad Industrial de Santander
# Sensors = Presion, Temperatura, Humedad, Irradiancia, Iluminancia, Ruido, LLuvia, CO2, NO2, Latitud, Longitud, Nubosidad
# Power = Red
# GPS = si
# Time Zone = UTC-5
# Data = UTCtime GPStime Presion Temperatura Humedad Irradiancia Iluminancia  Ruido Lluvia CO2 NO2 Latitud Longitud Nubosidad 
1474088401.0 100 51353.63	1000.14	20.14	-24.84	0.00	227.60	-0.00	-666.00	309.72	0.00	708.33	7307.27
1474088401.0 100 51353.63	998.49	19.95	-25.00	0.00	223.76	-0.00	-666.00	309.49	0.00	708.33	7307.27
1474088402.0 100 51353.63	998.90	20.14	-24.84	0.00	225.04	-0.00	-666.00	309.55	0.00	708.33	7307.27
1474088403.0 100 51353.63	1000.14	20.14	-25.00	0.00	227.60	-2.33	-666.00	309.72	0.00	708.33	7307.27
1474088404.0 100 51353.63	998.90	20.14	-24.84	0.00	227.60	-0.00	-666.00	309.55	0.00	708.33	7307.27
1474088404.0 100 51353.63	998.90	20.14	-24.68	0.00	228.89	-0.00	-666.00	309.60	0.00	708.33	7307.27
1474088405.0 100 51353.63	999.30	20.33	-24.84	0.00	226.32	-0.00	-666.00	309.89	0.00	708.33	7307.27
1474088406.0 100 51353.63	998.49	19.95	-24.84	0.00	227.60	-2.33	-666.00	309.55	0.00	708.33	7307.27
1474088406.0 100 51353.63	998.49	19.95	-25.00	0.00	226.32	-0.00	-666.00	309.72	0.00	708.33	7307.27
1474088407.0 100 51353.63	998.49	19.95	-24.84	0.00	231.48	0.68	-666.00	309.83	0.00	708.33	7307.27
