# Name = UIS1
# Version = 1.0
# Location = Universidad Industrial de Santander
# Sensors = Presion, Temperatura, Humedad, Irradiancia, Iluminancia, Ruido, LLuvia, CO2, NO2, Latitud, Longitud, Nubosidad
# Power = Red
# GPS = si
# Time Zone = UTC-5
# Data = UTCtime GPStime Presion Temperatura Humedad Irradiancia Iluminancia  Ruido Lluvia CO2 NO2 Latitud Longitud Nubosidad 
1474002001.0 100 154422.98	1001.00	19.39	-24.84	0.00	230.18	0.68	-666.00	309.77	473.68	708.35	7307.27
1474002002.0 100 154422.98	1000.59	19.21	-25.00	0.00	221.22	4.66	-666.00	309.49	0.00	708.35	7307.27
1474002002.0 100 154422.98	1001.00	19.39	-25.00	0.00	231.48	2.44	-666.00	309.83	0.00	708.35	7307.27
1474002003.0 100 154422.98	1001.40	19.58	-24.84	0.00	228.89	0.68	-666.00	309.66	473.68	708.35	7307.27
1474002004.0 100 154422.98	1001.40	19.58	-24.84	0.00	226.32	2.44	-666.00	309.60	0.00	708.35	7307.27
1474002005.0 100 154422.98	1001.00	19.39	-25.00	0.00	225.04	0.68	-666.00	309.66	0.00	708.35	7307.27
1474002005.0 100 154422.98	1001.83	19.21	-24.84	0.00	223.76	-2.33	-666.00	309.60	0.00	708.35	7307.27
1474002006.0 100 154422.98	1002.23	19.39	-24.68	0.00	222.49	2.44	-666.00	309.60	0.00	708.35	7307.27
1474002007.0 100 154422.98	1001.83	19.21	-25.00	0.00	231.48	0.68	-666.00	309.66	0.00	708.35	7307.27
1474002008.0 100 154422.98	1002.23	19.39	-24.84	0.00	234.09	4.66	-666.00	309.77	473.68	708.35	7307.27
1474002008.0 100 154422.98	1000.59	19.21	-25.00	0.00	222.49	2.44	-666.00	309.66	0.00	708.35	7307.27
1474002009.0 100 154422.98	1000.59	19.21	-24.84	0.00	225.04	-2.33	-666.00	309.55	0.00	708.35	7307.27
1474002010.0 100 154422.98	998.95	19.02	-24.84	0.00	226.32	3.69	-666.00	309.55	0.00	708.35	7307.27
1474002010.0 100 154422.98	1001.00	19.39	-24.84	0.00	228.89	-2.33	-666.00	309.72	0.00	708.35	7307.27
1474002011.0 100 154422.98	1000.59	19.21	-24.68	0.00	232.78	-2.33	-666.00	309.60	0.00	708.35	7307.27
1474002012.0 100 154422.98	1000.59	19.21	-24.84	0.00	223.76	-2.33	-666.00	309.43	0.00	708.35	7307.27
1474002013.0 100 154422.98	1001.83	19.21	-24.84	0.00	223.76	0.68	-666.00	309.49	0.00	708.35	7307.27
1474002013.0 100 154422.98	1001.83	19.21	-24.84	0.00	230.18	3.69	-666.00	309.49	473.68	708.35	7307.27
1474002014.0 100 154422.98	1001.83	19.21	-25.00	0.00	227.60	2.44	-666.00	309.77	0.00	708.35	7307.27
1474002015.0 100 154422.98	1000.59	19.21	-24.84	0.00	230.18	4.66	-666.00	309.72	0.00	708.35	7307.27
1474002016.0 100 154422.98	1000.59	19.21	-24.84	0.00	228.89	-0.00	-666.00	309.72	473.68	708.35	7307.27
1474002016.0 100 154422.98	1000.59	19.21	-24.84	0.00	225.04	0.68	-666.00	309.66	0.00	708.35	7307.27
1474002017.0 100 154422.98	1000.59	19.21	-24.68	0.00	223.76	3.69	-666.00	309.55	473.68	708.35	7307.27
1474002018.0 100 154422.98	1000.59	19.21	-24.84	0.00	223.76	0.68	-666.00	309.66	0.00	708.35	7307.27
1474002019.0 100 154422.98	1002.23	19.39	-24.84	0.00	225.04	7.21	-666.00	309.55	0.00	708.35	7307.27
1474002019.0 100 154422.98	1001.00	19.39	-24.84	0.00	225.04	-2.33	-666.00	309.66	0.00	708.35	7307.27
1474002020.0 100 154422.98	1001.83	19.21	-24.84	0.00	226.32	0.68	-666.00	309.77	0.00	708.35	7307.27
1474002021.0 100 154422.98	1000.59	19.21	-24.84	0.00	223.76	0.68	-666.00	309.66	0.00	708.35	7307.27
1474002021.0 100 154422.98	1000.59	19.21	-24.84	0.00	225.04	0.68	-666.00	309.55	0.00	708.35	7307.27
1474002022.0 100 154422.98	1000.59	19.21	-25.00	0.00	223.76	4.66	-666.00	309.83	0.00	708.35	7307.27
1474002023.0 100 154422.98	1001.83	19.21	-25.16	0.00	227.60	0.68	-666.00	309.77	0.00	708.35	7307.27
1474002024.0 100 154422.98	1001.00	19.39	-24.84	0.00	223.76	-0.00	-666.00	309.66	0.00	708.35	7307.27
1474002024.0 100 154422.98	1002.23	19.39	-25.00	0.00	226.32	0.68	-666.00	309.77	0.00	708.35	7307.27
1474002025.0 100 154422.98	1000.59	19.21	-24.84	0.00	227.60	-2.33	-666.00	309.83	0.00	708.35	7307.27
1474002026.0 100 154422.98	1000.59	19.21	-24.84	0.00	223.76	0.68	-666.00	309.60	473.68	708.35	7307.27
1474002027.0 100 154422.98	1001.00	19.39	-24.84	0.00	223.76	3.69	-666.00	309.60	0.00	708.35	7307.27
1474002027.0 100 154422.98	1001.83	19.21	-24.84	0.00	226.32	-2.33	-666.00	309.77	0.00	708.35	7307.27
1474002028.0 100 154422.98	1001.00	19.39	-25.00	0.00	225.04	2.44	-666.00	309.72	0.00	708.35	7307.27
1474002029.0 100 154422.98	1002.23	19.39	-24.84	0.00	223.76	2.44	-666.00	309.66	0.00	708.35	7307.27
1474002030.0 100 154422.98	1002.23	19.39	-24.84	0.00	226.32	0.68	-666.00	309.66	0.00	708.35	7307.27
1474002030.0 100 154422.98	1001.00	19.39	-25.00	0.00	225.04	6.12	-666.00	309.60	0.00	708.35	7307.27
1474002031.0 100 154422.98	1001.42	19.02	-24.84	0.00	231.48	3.69	-666.00	309.49	473.68	708.35	7307.27
1474002032.0 100 154422.98	1000.59	19.21	-24.84	0.00	227.60	2.44	-666.00	309.49	0.00	708.35	7307.27
1474002032.0 100 154422.98	1000.59	19.21	-24.84	0.00	232.78	2.44	-666.00	309.66	0.00	708.35	7307.27
1474002033.0 100 154422.98	1002.64	19.58	-25.00	0.00	231.48	2.44	-666.00	309.83	0.00	708.35	7307.27
1474002034.0 100 154422.98	1001.83	19.21	-24.84	0.00	225.04	-0.00	-666.00	309.60	0.00	708.35	7307.27
1474002035.0 100 154422.98	1002.23	19.39	-25.00	0.00	226.32	0.68	-666.00	309.72	0.00	708.35	7307.27
1474002035.0 100 154422.98	1001.40	19.58	-25.00	0.00	223.76	-0.00	-666.00	309.66	473.68	708.35	7307.27
1474002036.0 100 154422.98	1002.64	19.58	-25.16	0.00	226.32	-2.33	-666.00	309.72	0.00	708.35	7307.27
1474002037.0 100 154422.98	1002.23	19.39	-25.00	0.00	226.32	0.68	-666.00	309.77	0.00	708.35	7307.27
1474002038.0 100 154422.98	1001.42	19.02	-24.84	0.00	230.18	3.69	-666.00	309.60	0.00	708.35	7307.27
1474002038.0 100 154422.98	1001.00	19.39	-24.84	0.00	228.89	-2.33	-666.00	309.72	0.00	708.35	7307.27
1474002039.0 100 154422.98	1001.83	19.21	-24.84	0.00	231.48	-0.00	-666.00	309.72	0.00	708.35	7307.27
1474002040.0 100 154422.98	1000.59	19.21	-24.84	0.00	226.32	4.66	-666.00	309.77	0.00	708.35	7307.27
1474002040.0 100 154422.98	1001.00	19.39	-24.84	0.00	225.04	-2.33	-666.00	309.66	0.00	708.35	7307.27
1474002041.0 100 154422.98	1001.42	19.02	-25.16	0.00	223.76	2.44	-666.00	309.83	0.00	708.35	7307.27
1474002042.0 100 154422.98	1001.00	19.39	-24.84	0.00	228.89	0.68	-666.00	309.83	473.68	708.35	7307.27
1474002043.0 100 154422.98	1000.59	19.21	-24.84	0.00	225.04	2.44	-666.00	309.89	0.00	708.35	7307.27
1474002043.0 100 154422.98	1001.83	19.21	-24.84	0.00	223.76	2.44	-666.00	309.72	0.00	708.35	7307.27
1474002044.0 100 154422.98	1002.23	19.39	-25.00	0.00	231.48	2.44	-666.00	309.89	0.00	708.35	7307.27
1474002045.0 100 154422.98	1002.23	19.39	-24.84	0.00	228.89	4.66	-666.00	309.83	0.00	708.35	7307.27
1474002046.0 100 154422.98	1002.23	19.39	-25.00	0.00	231.48	3.69	-666.00	309.83	0.00	708.35	7307.27
1474002046.0 100 154422.98	1001.00	19.39	-24.84	0.00	225.04	-2.33	-666.00	309.83	473.68	708.35	7307.27
1474002047.0 100 154422.98	1001.83	19.21	-25.00	0.00	232.78	-0.00	-666.00	310.00	473.68	708.35	7307.27
1474002048.0 100 154422.98	1001.83	19.21	-25.00	0.00	230.18	-2.33	-666.00	309.66	473.68	708.35	7307.27
1474002049.0 100 154422.98	1000.59	19.21	-24.84	0.00	230.18	0.68	-666.00	309.72	0.00	708.35	7307.27
1474002049.0 100 154422.98	1002.23	19.39	-25.00	0.00	228.89	-2.33	-666.00	309.83	473.68	708.35	7307.27
1474002050.0 100 154422.98	1001.40	19.58	-24.84	0.00	228.89	3.69	-666.00	309.55	0.00	708.35	7307.27
1474002051.0 100 154422.98	1001.00	19.39	-24.84	0.00	231.48	2.44	-666.00	309.66	0.00	708.35	7307.27
1474002051.0 100 154422.98	1001.83	19.21	-24.84	0.00	231.48	-2.33	-666.00	309.89	0.00	708.35	7307.27
1474002052.0 100 154422.98	1001.00	19.39	-24.68	0.00	230.18	-2.33	-666.00	309.77	473.68	708.35	7307.27
1474002053.0 100 154422.98	1001.42	19.02	-24.84	0.00	228.89	4.66	-666.00	309.55	0.00	708.35	7307.27
1474002054.0 100 154422.98	1000.59	19.21	-25.00	0.00	225.04	-2.33	-666.00	309.66	0.00	708.35	7307.27
1474002054.0 100 154422.98	1000.59	19.21	-24.84	0.00	226.32	0.68	-666.00	309.60	0.00	708.35	7307.27
1474002055.0 100 154422.98	1001.83	19.21	-25.00	0.00	226.32	0.68	-666.00	309.60	0.00	708.35	7307.27
1474002056.0 100 154422.98	1001.00	19.39	-24.84	0.00	228.89	2.44	-666.00	309.55	344.01	708.35	7307.27
1474002057.0 100 154422.98	1000.59	19.21	-25.00	0.00	227.60	6.12	-666.00	309.66	473.68	708.35	7307.27
1474002057.0 100 154422.98	1001.00	19.39	-24.84	0.00	222.49	0.68	-666.00	309.55	0.00	708.35	7307.27
1474002058.0 100 154422.98	1002.64	19.58	-24.84	0.00	227.60	2.44	-666.00	309.55	0.00	708.35	7307.27
1474002059.0 100 154422.98	1000.59	19.21	-24.84	0.00	227.60	3.69	-666.00	309.77	0.00	708.35	7307.27
1474002060.0 100 154422.98	1002.23	19.39	-24.84	0.00	227.60	0.68	-666.00	309.77	0.00	708.35	7307.27
1474002060.0 100 154422.98	1001.00	19.39	-24.84	0.00	231.48	0.68	-666.00	309.60	0.00	708.35	7307.27
1474002061.0 100 154422.98	1000.59	19.21	-24.84	0.00	228.89	-0.00	-666.00	309.89	0.00	708.35	7307.27
1474002062.0 100 154422.98	1001.83	19.21	-24.84	0.00	227.60	5.45	-666.00	309.72	473.68	708.35	7307.27
1474002062.0 100 154422.98	1000.59	19.21	-24.84	0.00	231.48	6.70	-666.00	309.72	0.00	708.35	7307.27
1474002063.0 100 154422.98	1000.59	19.21	-25.00	0.00	230.18	3.69	-666.00	309.77	0.00	708.35	7307.27
1474002064.0 100 154422.98	1001.40	19.58	-24.84	0.00	228.89	3.69	-666.00	309.77	0.00	708.35	7307.27
1474002065.0 100 154422.98	1002.23	19.39	-25.16	0.00	225.04	0.68	-666.00	309.83	0.00	708.35	7307.27
1474002065.0 100 154422.98	1000.59	19.21	-24.84	0.00	226.32	-2.33	-666.00	309.83	0.00	708.35	7307.27
1474002066.0 100 154422.98	1001.42	19.02	-24.84	0.00	231.48	3.69	-666.00	309.66	0.00	708.35	7307.27
1474002067.0 100 154422.98	1001.00	19.39	-24.84	0.00	227.60	2.44	-666.00	309.72	0.00	708.35	7307.27
1474002068.0 100 154422.98	1000.59	19.21	-25.00	0.00	227.60	-2.33	-666.00	309.60	0.00	708.35	7307.27
1474002068.0 100 154422.98	1000.59	19.21	-24.84	0.00	227.60	3.69	-666.00	309.55	0.00	708.35	7307.27
1474002069.0 100 154422.98	1001.00	19.39	-25.00	0.00	228.89	6.12	-666.00	309.66	0.00	708.35	7307.27
1474002070.0 100 154422.98	1001.40	19.58	-25.00	0.00	232.78	-2.33	-666.00	309.89	0.00	708.35	7307.27
1474002071.0 100 154422.98	1001.83	19.21	-24.84	0.00	225.04	-2.33	-666.00	309.77	0.00	708.35	7307.27
1474002071.0 100 154422.98	1000.19	19.02	-25.16	0.00	225.04	-0.00	-666.00	309.83	0.00	708.35	7307.27
1474002072.0 100 154422.98	1001.00	19.39	-25.00	0.00	226.32	2.44	-666.00	309.72	0.00	708.35	7307.27
1474002073.0 100 154422.98	1001.00	19.39	-24.84	0.00	225.04	3.69	-666.00	309.60	0.00	708.35	7307.27
1474002073.0 100 154422.98	1000.59	19.21	-24.84	0.00	221.22	0.68	-666.00	309.38	0.00	708.35	7307.27
1474002074.0 100 154422.98	1000.59	19.21	-24.68	0.00	226.32	-0.00	-666.00	309.60	0.00	708.35	7307.27
1474002075.0 100 154422.98	1001.83	19.21	-24.84	0.00	228.89	0.68	-666.00	309.55	0.00	708.35	7307.27
1474002076.0 100 154422.98	999.76	19.39	-24.68	0.00	228.89	2.44	-666.00	309.66	473.68	708.35	7307.27
1474002076.0 100 154422.98	1000.59	19.21	-24.84	0.00	226.32	3.69	-666.00	309.77	473.68	708.35	7307.27
1474002077.0 100 154422.98	1002.23	19.39	-24.84	0.00	225.04	0.68	-666.00	309.83	0.00	708.35	7307.27
1474002078.0 100 154422.98	1001.83	19.21	-25.16	0.00	223.76	-0.00	-666.00	309.83	0.00	708.35	7307.27
1474002079.0 100 154422.98	1003.06	19.21	-24.84	0.00	226.32	-2.33	-666.00	309.60	0.00	708.35	7307.27
1474002079.0 100 154422.98	1001.83	19.21	-24.84	0.00	225.04	-2.33	-666.00	309.60	0.00	708.35	7307.27
1474002080.0 100 154422.98	1001.00	19.39	-25.00	0.00	225.04	2.44	-666.00	309.60	0.00	708.35	7307.27
1474002081.0 100 154422.98	1002.23	19.39	-24.84	0.00	228.89	4.66	-666.00	309.66	0.00	708.35	7307.27
1474002082.0 100 154422.98	1000.59	19.21	-25.00	0.00	232.78	0.68	-666.00	309.83	0.00	708.35	7307.27
1474002082.0 100 154422.98	1003.06	19.21	-25.00	0.00	225.04	-2.33	-666.00	309.89	473.68	708.35	7307.27
1474002083.0 100 154422.98	1000.59	19.21	-24.84	0.00	230.18	-2.33	-666.00	309.83	0.00	708.35	7307.27
1474002084.0 100 154422.98	1002.23	19.39	-24.84	0.00	226.32	-2.33	-666.00	309.77	473.68	708.35	7307.27
1474002084.0 100 154422.98	1000.59	19.21	-25.00	0.00	230.18	5.45	-666.00	309.77	0.00	708.35	7307.27
1474002085.0 100 154422.98	1000.59	19.21	-24.68	0.00	225.04	-2.33	-666.00	309.77	344.01	708.35	7307.27
1474002086.0 100 154422.98	1001.83	19.21	-24.84	0.00	228.89	6.12	-666.00	309.49	473.68	708.35	7307.27
1474002087.0 100 154422.98	1002.23	19.39	-24.84	0.00	227.60	3.69	-666.00	309.60	473.68	708.35	7307.27
1474002087.0 100 154422.98	1002.23	19.39	-24.84	0.00	230.18	4.66	-666.00	309.60	473.68	708.35	7307.27
1474002088.0 100 154422.98	1001.83	19.21	-24.84	0.00	226.32	2.44	-666.00	309.55	473.68	708.35	7307.27
1474002089.0 100 154422.98	1002.23	19.39	-24.84	0.00	225.04	-2.33	-666.00	309.77	0.00	708.35	7307.27
1474002090.0 100 154422.98	1001.83	19.21	-24.84	0.00	222.49	-2.33	-666.00	309.55	0.00	708.35	7307.27
1474002090.0 100 154422.98	1000.59	19.21	-24.84	0.00	225.04	0.68	-666.00	309.55	473.68	708.35	7307.27
1474002091.0 100 154422.98	1001.42	19.02	-24.84	0.00	227.60	-2.33	-666.00	309.55	0.00	708.35	7307.27
1474002092.0 100 154422.98	1001.40	19.58	-24.84	0.00	227.60	4.66	-666.00	309.55	0.00	708.35	7307.27
1474002093.0 100 154422.98	1002.23	19.39	-24.84	0.00	231.48	5.45	-666.00	309.60	473.68	708.35	7307.27
1474002093.0 100 154422.98	1000.59	19.21	-24.84	0.00	222.49	3.69	-666.00	309.60	0.00	708.35	7307.27
1474002094.0 100 154422.98	1001.83	19.21	-24.84	0.00	226.32	-0.00	-666.00	309.89	0.00	708.35	7307.27
1474002095.0 100 154422.98	1001.00	19.39	-25.00	0.00	226.32	2.44	-666.00	309.72	0.00	708.35	7307.27
1474002095.0 100 154422.98	1001.40	19.58	-24.84	0.00	226.32	0.68	-666.00	309.72	0.00	708.35	7307.27
1474002096.0 100 154422.98	1001.00	19.39	-24.84	0.00	228.89	-2.33	-666.00	309.60	0.00	708.35	7307.27
1474002097.0 100 154422.98	1002.23	19.39	-24.84	0.00	225.04	-0.00	-666.00	309.60	0.00	708.35	7307.27
1474002098.0 100 154422.98	1000.59	19.21	-25.00	0.00	228.89	-2.33	-666.00	309.83	0.00	708.35	7307.27
1474002098.0 100 154422.98	1001.00	19.39	-24.84	0.00	225.04	2.44	-666.00	309.66	0.00	708.35	7307.27
1474002099.0 100 154422.98	1002.23	19.39	-24.84	0.00	226.32	3.69	-666.00	309.72	0.00	708.35	7307.27
1474002100.0 100 154422.98	1002.23	19.39	-25.00	0.00	225.04	-2.33	-666.00	309.66	0.00	708.35	7307.27
1474002101.0 100 154422.98	1002.64	19.58	-25.00	0.00	226.32	6.12	-666.00	309.72	0.00	708.35	7307.27
1474002101.0 100 154422.98	1002.23	19.39	-24.84	0.00	225.04	0.68	-666.00	309.60	0.00	708.35	7307.27
1474002102.0 100 154422.98	1000.59	19.21	-24.84	0.00	223.76	2.44	-666.00	309.60	0.00	708.35	7307.27
1474002103.0 100 154422.98	1001.00	19.39	-24.84	0.00	227.60	0.68	-666.00	309.55	0.00	708.35	7307.27
1474002104.0 100 154422.98	1001.40	19.58	-24.68	0.00	226.32	4.66	-666.00	309.55	0.00	708.35	7307.27
1474002104.0 100 154422.98	1001.00	19.39	-25.00	0.00	234.09	2.44	-666.00	309.83	0.00	708.35	7307.27
1474002105.0 100 154422.98	1001.40	19.58	-24.84	0.00	235.40	3.69	-666.00	309.72	0.00	708.35	7307.27
1474002106.0 100 154422.98	1003.47	19.39	-24.68	0.00	227.60	0.68	-666.00	309.66	473.68	708.35	7307.27
1474002106.0 100 154422.98	1001.00	19.39	-24.68	0.00	228.89	-2.33	-666.00	309.83	0.00	708.35	7307.27
1474002107.0 100 154422.98	1002.23	19.39	-24.84	0.00	223.76	4.66	-666.00	309.55	0.00	708.35	7307.27
1474002108.0 100 154422.98	1001.40	19.58	-24.84	0.00	227.60	0.68	-666.00	309.83	0.00	708.35	7307.27
1474002109.0 100 154422.98	1002.64	19.58	-24.84	0.00	226.32	-0.00	-666.00	309.72	0.00	708.35	7307.27
1474002109.0 100 154422.98	1001.00	19.39	-25.00	0.00	235.40	7.67	-666.00	310.11	0.00	708.35	7307.27
1474002110.0 100 154422.98	1001.83	19.21	-25.00	1.76	228.89	-2.33	-666.00	309.83	0.00	708.35	7307.27
1474002111.0 100 154422.98	1001.40	19.58	-25.00	0.00	239.37	3.69	-666.00	309.94	0.00	708.35	7307.27
1474002112.0 100 154422.98	1002.23	19.39	-25.00	0.00	231.48	4.66	-666.00	309.89	0.00	708.35	7307.27
1474002112.0 100 154422.98	1001.00	19.39	-24.84	0.00	232.78	3.69	-666.00	309.77	0.00	708.35	7307.27
1474002113.0 100 154422.98	1001.40	19.58	-25.00	0.00	226.32	3.69	-666.00	309.66	473.68	708.35	7307.27
1474002114.0 100 154422.98	1000.59	19.21	-25.00	0.00	227.60	-0.00	-666.00	309.72	0.00	708.35	7307.27
1474002115.0 100 154422.98	1001.83	19.21	-24.84	0.00	223.76	0.68	-666.00	309.60	0.00	708.35	7307.27
1474002115.0 100 154422.98	1000.59	19.21	-25.00	0.00	230.18	-2.33	-666.00	310.05	0.00	708.35	7307.27
1474002116.0 100 154422.98	1000.59	19.21	-24.84	0.00	227.60	-0.00	-666.00	309.94	0.00	708.35	7307.27
1474002117.0 100 154422.98	1001.00	19.39	-24.84	0.00	227.60	-2.33	-666.00	309.72	0.00	708.35	7307.27
1474002117.0 100 154422.98	1001.00	19.39	-24.84	0.00	228.89	-0.00	-666.00	309.77	473.68	708.35	7307.27
1474002118.0 100 154422.98	1001.00	19.39	-24.84	0.00	225.04	0.68	-666.00	309.89	0.00	708.35	7307.27
1474002119.0 100 154422.98	1001.40	19.58	-24.84	0.00	225.04	-2.33	-666.00	309.60	0.00	708.35	7307.27
1474002120.0 100 154422.98	1002.64	19.58	-24.84	0.00	226.32	2.44	-666.00	309.55	0.00	708.35	7307.27
1474002120.0 100 154422.98	1001.83	19.21	-24.68	0.00	230.18	-2.33	-666.00	309.72	473.68	708.35	7307.27
1474002121.0 100 154422.98	1002.23	19.39	-25.00	0.00	225.04	-2.33	-666.00	309.55	0.00	708.35	7307.27
1474002122.0 100 154422.98	1001.00	19.39	-24.68	0.00	231.48	-0.00	-666.00	309.66	0.00	708.35	7307.27
1474002123.0 100 154422.98	1002.23	19.39	-24.84	0.00	226.32	2.44	-666.00	309.60	0.00	708.35	7307.27
1474002123.0 100 154422.98	1002.23	19.39	-25.00	0.00	226.32	0.68	-666.00	309.66	0.00	708.35	7307.27
1474002124.0 100 154422.98	1002.23	19.39	-24.84	0.00	225.04	0.68	-666.00	309.66	473.68	708.35	7307.27
1474002125.0 100 154422.98	1001.00	19.39	-24.84	0.00	222.49	-2.33	-666.00	309.55	0.00	708.35	7307.27
1474002126.0 100 154422.98	1002.64	19.58	-24.84	0.00	222.49	0.68	-666.00	309.49	0.00	708.35	7307.27
1474002126.0 100 154422.98	999.35	19.21	-24.84	0.00	227.60	0.68	-666.00	309.72	473.68	708.35	7307.27
1474002127.0 100 154422.98	1001.00	19.39	-24.68	0.00	235.40	2.44	-666.00	309.77	0.00	708.35	7307.27
1474002128.0 100 154422.98	1000.59	19.21	-25.00	0.00	228.89	-0.00	-666.00	309.83	0.00	708.35	7307.27
1474002128.0 100 154422.98	1002.23	19.39	-24.68	0.00	226.32	0.68	-666.00	309.77	0.00	708.35	7307.27
1474002129.0 100 154422.98	1002.23	19.39	-25.16	0.00	225.04	2.44	-666.00	309.89	0.00	708.35	7307.27
1474002130.0 100 154422.98	1001.83	19.21	-24.84	0.00	223.76	4.66	-666.00	309.60	0.00	708.35	7307.27
1474002131.0 100 154422.98	1001.00	19.39	-24.84	0.00	226.32	3.69	-666.00	309.60	0.00	708.35	7307.27
1474002131.0 100 154422.98	1002.23	19.39	-24.68	0.00	231.48	0.68	-666.00	309.77	473.68	708.35	7307.27
1474002132.0 100 154422.98	1001.00	19.39	-24.84	0.00	228.89	2.44	-666.00	309.60	0.00	708.35	7307.27
1474002133.0 100 154422.98	1002.23	19.39	-24.84	0.00	230.18	2.44	-666.00	309.77	0.00	708.35	7307.27
1474002134.0 100 154422.98	1002.64	19.58	-24.84	0.00	226.32	-2.33	-666.00	309.89	0.00	708.35	7307.27
1474002134.0 100 154422.98	1000.59	19.21	-24.84	0.00	218.70	-2.33	-666.00	309.32	0.00	708.35	7307.27
1474002135.0 100 154422.98	1001.83	19.21	-25.00	0.00	223.76	-2.33	-666.00	309.83	0.00	708.35	7307.27
1474002136.0 100 154422.98	1000.59	19.21	-24.84	0.00	223.76	3.69	-666.00	309.60	473.68	708.35	7307.27
1474002136.0 100 154422.98	1002.23	19.39	-24.68	0.00	223.76	0.68	-666.00	309.49	0.00	708.35	7307.27
1474002137.0 100 154422.98	1001.83	19.21	-25.16	0.00	227.60	0.68	-666.00	309.89	0.00	708.35	7307.27
1474002138.0 100 154422.98	1002.64	19.58	-24.84	0.00	226.32	0.68	-666.00	309.66	0.00	708.35	7307.27
1474002139.0 100 154422.98	1002.23	19.39	-25.00	0.00	226.32	0.68	-666.00	309.66	473.68	708.35	7307.27
1474002139.0 100 154422.98	1001.83	19.21	-25.00	0.00	230.18	2.44	-666.00	309.72	0.00	708.35	7307.27
1474002140.0 100 154422.98	1001.40	19.58	-24.84	0.00	230.18	0.68	-666.00	309.72	473.68	708.35	7307.27
1474002141.0 100 154422.98	1001.40	19.58	-24.84	0.00	228.89	-2.33	-666.00	310.00	0.00	708.35	7307.27
1474002142.0 100 154422.98	1000.59	19.21	-24.84	0.00	230.18	0.68	-666.00	309.72	0.00	708.35	7307.27
1474002142.0 100 154422.98	1001.00	19.39	-25.00	0.00	227.60	0.68	-666.00	309.60	0.00	708.35	7307.27
1474002143.0 100 154422.98	1001.00	19.39	-25.00	0.00	223.76	4.66	-666.00	309.60	0.00	708.35	7307.27
1474002144.0 100 154422.98	1001.00	19.39	-25.00	0.00	226.32	-2.33	-666.00	309.60	473.68	708.35	7307.27
1474002145.0 100 154422.98	1000.59	19.21	-25.00	0.00	226.32	-2.33	-666.00	309.60	344.01	708.35	7307.27
1474002145.0 100 154422.98	1000.59	19.21	-25.00	0.00	228.89	3.69	-666.00	309.55	473.68	708.35	7307.27
1474002146.0 100 154422.98	1001.00	19.39	-24.84	0.00	230.18	-2.33	-666.00	309.72	0.00	708.35	7307.27
1474002147.0 100 154422.98	1000.59	19.21	-24.84	0.00	230.18	0.68	-666.00	309.77	0.00	708.35	7307.27
1474002147.0 100 154422.98	1001.83	19.21	-25.00	0.00	218.70	3.69	-666.00	309.38	473.68	708.35	7307.27
1474002148.0 100 154422.98	1001.00	19.39	-25.00	0.00	226.32	-2.33	-666.00	310.00	0.00	708.35	7307.27
1474002149.0 100 154422.98	1001.83	19.21	-24.68	0.00	228.89	-2.33	-666.00	309.60	473.68	708.35	7307.27
1474002150.0 100 154422.98	1002.64	19.58	-24.84	0.00	227.60	3.69	-666.00	309.55	0.00	708.35	7307.27
1474002150.0 100 154422.98	1001.40	19.58	-24.84	0.00	230.18	2.44	-666.00	309.72	0.00	708.35	7307.27
1474002151.0 100 154422.98	1000.59	19.21	-24.84	0.00	225.04	0.68	-666.00	309.83	0.00	708.35	7307.27
1474002152.0 100 154422.98	1002.23	19.39	-25.00	0.00	225.04	-2.33	-666.00	309.83	0.00	708.35	7307.27
1474002153.0 100 154422.98	1000.59	19.21	-24.84	0.00	225.04	0.68	-666.00	309.55	0.00	708.35	7307.27
1474002153.0 100 154422.98	1001.83	19.21	-25.00	0.00	226.32	-0.00	-666.00	309.55	0.00	708.35	7307.27
1474002154.0 100 154422.98	1002.23	19.39	-24.84	0.00	226.32	3.69	-666.00	309.60	0.00	708.35	7307.27
1474002155.0 100 154422.98	1002.23	19.39	-25.16	0.00	227.60	-0.00	-666.00	309.77	473.68	708.35	7307.27
1474002156.0 100 154422.98	1001.40	19.58	-25.00	0.00	228.89	-2.33	-666.00	309.72	0.00	708.35	7307.27
1474002156.0 100 154422.98	1001.00	19.39	-25.16	0.00	223.76	4.66	-666.00	309.77	0.00	708.35	7307.27
1474002157.0 100 154422.98	1001.40	19.58	-25.00	0.00	227.60	-0.00	-666.00	309.83	0.00	708.35	7307.27
1474002158.0 100 154422.98	1000.59	19.21	-24.84	0.00	223.76	2.44	-666.00	309.72	473.68	708.35	7307.27
1474002159.0 100 154422.98	1000.59	19.21	-25.16	0.00	226.32	-2.33	-666.00	309.83	0.00	708.35	7307.27
1474002159.0 100 154422.98	1002.64	19.58	-25.00	0.00	223.76	0.68	-666.00	309.55	473.68	708.35	7307.27
1474002160.0 100 154422.98	1000.59	19.21	-25.00	0.00	225.04	-2.33	-666.00	309.83	0.00	708.35	7307.27
1474002161.0 100 154422.98	1001.83	19.21	-25.00	0.00	225.04	-2.33	-666.00	309.60	0.00	708.35	7307.27
1474002161.0 100 154422.98	1001.00	19.39	-25.00	0.00	225.04	-2.33	-666.00	309.60	0.00	708.35	7307.27
1474002162.0 100 154422.98	1001.00	19.39	-25.00	0.00	225.04	3.69	-666.00	309.72	0.00	708.35	7307.27
1474002163.0 100 154422.98	1002.23	19.39	-24.84	0.00	223.76	4.66	-666.00	309.60	0.00	708.35	7307.27
1474002164.0 100 154422.98	1001.83	19.21	-25.00	0.00	225.04	-0.00	-666.00	309.60	473.68	708.35	7307.27
1474002164.0 100 154422.98	1001.00	19.39	-24.84	0.00	225.04	-0.00	-666.00	309.60	473.68	708.35	7307.27
1474002165.0 100 154422.98	1002.23	19.39	-24.84	0.00	225.04	-2.33	-666.00	309.77	0.00	708.35	7307.27
1474002166.0 100 154422.98	1000.59	19.21	-25.00	0.00	225.04	0.68	-666.00	309.77	0.00	708.35	7307.27
1474002167.0 100 154422.98	1002.23	19.39	-25.00	0.00	228.89	0.68	-666.00	309.77	0.00	708.35	7307.27
1474002167.0 100 154422.98	1001.40	19.58	-24.84	0.00	230.18	0.68	-666.00	309.66	0.00	708.35	7307.27
1474002168.0 100 154422.98	1000.16	19.58	-24.68	0.00	227.60	0.68	-666.00	309.55	0.00	708.35	7307.27
1474002169.0 100 154422.98	1001.00	19.39	-24.84	0.00	230.18	-0.00	-666.00	309.72	473.68	708.35	7307.27
1474002170.0 100 154422.98	1000.59	19.21	-24.84	0.00	225.04	-0.00	-666.00	309.60	0.00	708.35	7307.27
1474002170.0 100 154422.98	1002.23	19.39	-24.84	0.00	225.04	-2.33	-666.00	309.60	0.00	708.35	7307.27
1474002171.0 100 154422.98	1002.23	19.39	-24.84	0.00	225.04	2.44	-666.00	309.83	0.00	708.35	7307.27
1474002172.0 100 154422.98	1000.16	19.58	-24.84	0.00	225.04	0.68	-666.00	309.60	0.00	708.35	7307.27
1474002172.0 100 154422.98	1001.40	19.58	-24.84	0.00	226.32	0.68	-666.00	309.72	0.00	708.35	7307.27
1474002173.0 100 154422.98	1002.23	19.39	-25.00	0.00	225.04	0.68	-666.00	309.89	0.00	708.35	7307.27
1474002174.0 100 154422.98	1000.59	19.21	-25.00	0.00	225.04	5.45	-666.00	309.89	0.00	708.35	7307.27
1474002175.0 100 154422.98	1001.00	19.39	-24.84	0.00	223.76	-0.00	-666.00	309.60	0.00	708.35	7307.27
1474002175.0 100 154422.98	1001.00	19.39	-24.84	0.00	227.60	-0.00	-666.00	309.72	0.00	708.35	7307.27
1474002176.0 100 154422.98	1002.23	19.39	-25.00	0.00	225.04	0.68	-666.00	309.66	0.00	708.35	7307.27
1474002177.0 100 154422.98	1001.00	19.39	-25.00	0.00	226.32	4.66	-666.00	309.83	0.00	708.35	7307.27
1474002178.0 100 154422.98	1002.64	19.58	-24.84	0.00	223.76	-0.00	-666.00	309.60	0.00	708.35	7307.27
1474002178.0 100 154422.98	1002.64	19.58	-24.84	0.00	223.76	-0.00	-666.00	309.83	0.00	708.35	7307.27
1474002179.0 100 154422.98	1001.83	19.21	-24.68	0.00	228.89	0.68	-666.00	309.60	0.00	708.35	7307.27
1474002180.0 100 154422.98	1000.59	19.21	-25.00	0.00	230.18	0.68	-666.00	309.83	0.00	708.35	7307.27
1474002180.0 100 154422.98	1000.59	19.21	-25.00	0.00	222.49	-2.33	-666.00	309.60	0.00	708.35	7307.27
1474002181.0 100 154422.98	1001.83	19.21	-24.84	0.00	230.18	0.68	-666.00	309.72	0.00	708.35	7307.27
1474002182.0 100 154422.98	1001.00	19.39	-25.00	0.00	228.89	-0.00	-666.00	309.89	0.00	708.35	7307.27
1474002183.0 100 154422.98	1001.00	19.39	-24.68	0.00	223.76	2.44	-666.00	309.60	0.00	708.35	7307.27
1474002183.0 100 154422.98	1001.40	19.58	-24.84	0.00	222.49	0.68	-666.00	309.49	0.00	708.35	7307.27
1474002184.0 100 154422.98	1001.00	19.39	-24.84	0.00	223.76	0.68	-666.00	309.60	0.00	708.35	7307.27
1474002185.0 100 154422.98	1001.40	19.58	-24.68	0.00	227.60	2.44	-666.00	309.60	0.00	708.35	7307.27
1474002186.0 100 154422.98	1001.00	19.39	-24.68	0.00	228.89	-0.00	-666.00	309.72	0.00	708.35	7307.27
1474002186.0 100 154422.98	1001.00	19.39	-24.84	0.00	235.40	-2.33	-666.00	309.89	0.00	708.35	7307.27
1474002187.0 100 154422.98	1001.83	19.21	-25.00	0.00	232.78	-2.33	-666.00	310.05	0.00	708.35	7307.27
1474002188.0 100 154422.98	1001.00	19.39	-25.00	0.00	230.18	7.21	-666.00	309.77	0.00	708.35	7307.27
1474002189.0 100 154422.98	1001.00	19.39	-25.00	0.00	227.60	-0.00	-666.00	309.94	0.00	708.35	7307.27
1474002189.0 100 154422.98	1000.59	19.21	-24.84	0.00	218.70	0.68	-666.00	309.32	0.00	708.35	7307.27
1474002190.0 100 154422.98	1001.00	19.39	-25.00	0.00	226.32	-2.33	-666.00	309.55	0.00	708.35	7307.27
1474002191.0 100 154422.98	1001.00	19.39	-24.68	0.00	227.60	-2.33	-666.00	309.60	0.00	708.35	7307.27
1474002191.0 100 154422.98	1001.83	19.21	-24.84	0.00	219.96	0.68	-666.00	309.32	0.00	708.35	7307.27
1474002192.0 100 154422.98	1001.83	19.21	-24.84	0.00	226.32	4.66	-666.00	309.72	0.00	708.35	7307.27
1474002193.0 100 154422.98	1001.83	19.21	-24.84	0.00	225.04	-0.00	-666.00	309.72	0.00	708.35	7307.27
1474002194.0 100 154422.98	1001.00	19.39	-25.00	0.00	226.32	-0.00	-666.00	309.66	0.00	708.35	7307.27
1474002194.0 100 154422.98	1001.40	19.58	-24.84	0.00	226.32	0.68	-666.00	309.60	0.00	708.35	7307.27
1474002195.0 100 154422.98	1000.59	19.21	-24.84	0.00	230.18	0.68	-666.00	309.83	0.00	708.35	7307.27
1474002196.0 100 154422.98	1001.83	19.21	-24.84	0.00	227.60	-2.33	-666.00	309.83	0.00	708.35	7307.27
1474002197.0 100 154422.98	1001.00	19.39	-24.84	0.00	230.18	-0.00	-666.00	309.77	0.00	708.35	7307.27
1474002197.0 100 154422.98	1001.83	19.21	-24.68	0.00	223.76	-0.00	-666.00	309.55	0.00	708.35	7307.27
1474002198.0 100 154422.98	1000.59	19.21	-24.84	0.00	223.76	-2.33	-666.00	309.55	0.00	708.35	7307.27
1474002199.0 100 154422.98	1001.40	19.58	-25.00	0.00	222.49	-0.00	-666.00	309.49	0.00	708.35	7307.27
1474002200.0 100 154422.98	1000.59	19.21	-24.84	0.00	226.32	0.68	-666.00	309.55	0.00	708.35	7307.27
1474002200.0 100 154422.98	1001.83	19.21	-24.84	0.00	227.60	0.68	-666.00	309.55	0.00	708.35	7307.27
1474002201.0 100 154422.98	1001.83	19.21	-24.84	0.00	225.04	-2.33	-666.00	309.66	0.00	708.35	7307.27
1474002202.0 100 154422.98	1002.23	19.39	-24.84	0.00	232.78	0.68	-666.00	309.66	0.00	708.35	7307.27
1474002202.0 100 154422.98	1002.23	19.39	-24.84	0.00	223.76	-0.00	-666.00	309.49	0.00	708.35	7307.27
1474002203.0 100 154422.98	1001.00	19.39	-24.84	0.00	230.18	-2.33	-666.00	309.83	0.00	708.35	7307.27
1474002204.0 100 154422.98	1002.23	19.39	-25.00	0.00	226.32	-0.00	-666.00	309.49	0.00	708.35	7307.27
1474002205.0 100 154422.98	1002.23	19.39	-24.84	0.00	227.60	-2.33	-666.00	309.60	0.00	708.35	7307.27
1474002205.0 100 154422.98	1001.40	19.58	-24.68	0.00	227.60	3.69	-666.00	309.72	0.00	708.35	7307.27
1474002206.0 100 154422.98	1001.00	19.39	-25.00	0.00	227.60	4.66	-666.00	309.72	0.00	708.35	7307.27
1474002207.0 100 154422.98	1000.59	19.21	-24.84	0.00	234.09	-2.33	-666.00	309.89	0.00	708.35	7307.27
1474002208.0 100 154422.98	1001.00	19.39	-24.84	0.00	225.04	-0.00	-666.00	309.72	0.00	708.35	7307.27
1474002208.0 100 154422.98	1001.00	19.39	-25.16	0.00	225.04	-2.33	-666.00	309.83	0.00	708.35	7307.27
1474002209.0 100 154422.98	1001.00	19.39	-24.84	0.00	230.18	-0.00	-666.00	309.83	0.00	708.35	7307.27
1474002210.0 100 154422.98	1002.23	19.39	-24.84	0.00	227.60	0.68	-666.00	309.77	0.00	708.35	7307.27
1474002211.0 100 154422.98	999.35	19.21	-24.84	0.00	227.60	-0.00	-666.00	309.83	0.00	708.35	7307.27
1474002211.0 100 154422.98	1002.64	19.58	-24.68	0.00	223.76	2.44	-666.00	309.55	0.00	708.35	7307.27
1474002212.0 100 154422.98	1001.40	19.58	-24.84	0.00	234.09	-0.00	-666.00	309.89	473.68	708.35	7307.27
1474002213.0 100 154422.98	1002.23	19.39	-24.84	0.00	234.09	0.68	-666.00	309.83	0.00	708.35	7307.27
1474002213.0 100 154422.98	1002.23	19.39	-24.84	0.00	218.70	-0.00	-666.00	309.49	0.00	708.35	7307.27
1474002214.0 100 154422.98	1002.23	19.39	-24.84	0.00	231.48	3.69	-666.00	309.72	0.00	708.35	7307.27
1474002215.0 100 154422.98	1002.23	19.39	-24.84	0.00	225.04	-2.33	-666.00	309.55	0.00	708.35	7307.27
1474002216.0 100 154422.98	1002.23	19.39	-24.84	0.00	227.60	-0.00	-666.00	309.72	0.00	708.35	7307.27
1474002216.0 100 154422.98	1001.40	19.58	-24.84	0.00	226.32	0.68	-666.00	309.66	0.00	708.35	7307.27
1474002217.0 100 154422.98	1001.40	19.58	-24.84	0.00	225.04	0.68	-666.00	309.60	0.00	708.35	7307.27
1474002218.0 100 154422.98	1001.83	19.21	-25.00	0.00	226.32	2.44	-666.00	309.66	0.00	708.35	7307.27
1474002219.0 100 154422.98	1002.23	19.39	-24.84	0.00	222.49	-0.00	-666.00	309.66	0.00	708.35	7307.27
1474002219.0 100 154422.98	1000.59	19.21	-25.00	0.00	225.04	2.44	-666.00	309.66	0.00	708.35	7307.27
1474002220.0 100 154422.98	1002.23	19.39	-24.84	0.00	223.76	2.44	-666.00	309.55	0.00	708.35	7307.27
1474002221.0 100 154422.98	1001.00	19.39	-24.84	0.00	236.72	-2.33	-666.00	309.77	0.00	708.35	7307.27
1474002221.0 100 154422.98	1001.83	19.21	-24.84	0.00	227.60	3.69	-666.00	309.66	0.00	708.35	7307.27
1474002222.0 100 154422.98	1001.00	19.39	-24.68	0.00	222.49	-2.33	-666.00	309.77	473.68	708.35	7307.27
1474002223.0 100 154422.98	1002.64	19.58	-24.68	0.00	223.76	0.68	-666.00	309.49	0.00	708.35	7307.27
1474002224.0 100 154422.98	1002.23	19.39	-24.84	0.00	232.78	3.69	-666.00	309.72	0.00	708.35	7307.27
1474002224.0 100 154422.98	1001.40	19.58	-24.84	0.00	223.76	2.44	-666.00	309.43	0.00	708.35	7307.27
1474002225.0 100 154422.98	1002.23	19.39	-24.84	0.00	231.48	-0.00	-666.00	309.77	0.00	708.35	7307.27
1474002226.0 100 154422.98	1000.59	19.21	-24.84	0.00	225.04	-0.00	-666.00	309.55	473.68	708.35	7307.27
1474002227.0 100 154422.98	1000.59	19.21	-24.84	0.00	227.60	-2.33	-666.00	309.72	0.00	708.35	7307.27
1474002227.0 100 154422.98	1000.59	19.21	-25.00	0.00	225.04	-2.33	-666.00	309.66	0.00	708.35	7307.27
1474002228.0 100 154422.98	1000.59	19.21	-25.00	0.00	231.48	-2.33	-666.00	309.89	473.68	708.35	7307.27
1474002229.0 100 154422.98	1002.23	19.39	-24.84	0.00	227.60	-0.00	-666.00	309.89	0.00	708.35	7307.27
1474002230.0 100 154422.98	1001.40	19.58	-24.84	0.00	228.89	0.68	-666.00	309.89	0.00	708.35	7307.27
1474002230.0 100 154422.98	1001.40	19.58	-25.00	0.00	223.76	-2.33	-666.00	309.55	0.00	708.35	7307.27
1474002231.0 100 154422.98	1002.23	19.39	-25.00	0.00	222.49	2.44	-666.00	309.55	0.00	708.35	7307.27
1474002232.0 100 154422.98	1001.00	19.39	-25.00	0.00	225.04	-2.33	-666.00	309.55	473.68	708.35	7307.27
1474002233.0 100 154422.98	1002.23	19.39	-24.84	0.00	222.49	-2.33	-666.00	309.49	0.00	708.35	7307.27
1474002233.0 100 154422.98	1001.00	19.39	-24.84	0.00	218.70	2.44	-666.00	309.32	0.00	708.35	7307.27
1474002234.0 100 154422.98	1001.83	19.21	-24.84	0.00	222.49	-2.33	-666.00	309.55	0.00	708.35	7307.27
1474002235.0 100 154422.98	1001.00	19.39	-24.84	0.00	221.22	-0.00	-666.00	309.43	0.00	708.35	7307.27
1474002235.0 100 154422.98	1001.00	19.39	-24.84	0.00	223.76	6.12	-666.00	309.32	473.68	708.35	7307.27
1474002236.0 100 154422.98	999.35	19.21	-25.16	0.00	231.48	-2.33	-666.00	309.94	0.00	708.35	7307.27
1474002237.0 100 154422.98	1001.00	19.39	-25.16	0.00	235.40	3.69	-666.00	310.00	0.00	708.35	7307.27
1474002238.0 100 154422.98	1001.00	19.39	-24.84	0.00	225.04	-2.33	-666.00	309.77	0.00	708.35	7307.27
1474002238.0 100 154422.98	1000.59	19.21	-24.84	0.00	225.04	-0.00	-666.00	309.60	0.00	708.35	7307.27
1474002239.0 100 154422.98	1001.00	19.39	-25.16	0.00	225.04	-0.00	-666.00	309.77	0.00	708.35	7307.27
1474002240.0 100 154422.98	1001.40	19.58	-24.84	0.00	223.76	0.68	-666.00	309.55	0.00	708.35	7307.27
1474002241.0 100 154422.98	1001.00	19.39	-24.84	0.00	227.60	4.66	-666.00	309.60	0.00	708.35	7307.27
1474002241.0 100 154422.98	1002.23	19.39	-24.84	0.00	223.76	5.45	-666.00	309.72	0.00	708.35	7307.27
1474002242.0 100 154422.98	1001.00	19.39	-24.84	0.00	226.32	3.69	-666.00	309.66	0.00	708.35	7307.27
1474002243.0 100 154422.98	1000.59	19.21	-24.84	0.00	227.60	-2.33	-666.00	309.72	473.68	708.35	7307.27
1474002244.0 100 154422.98	1001.00	19.39	-24.68	0.00	230.18	3.69	-666.00	309.55	0.00	708.35	7307.27
1474002244.0 100 154422.98	1002.23	19.39	-24.84	0.00	230.18	0.68	-666.00	309.60	0.00	708.35	7307.27
1474002245.0 100 154422.98	1002.64	19.58	-24.84	0.00	228.89	0.68	-666.00	309.66	0.00	708.35	7307.27
1474002246.0 100 154422.98	1001.83	19.21	-25.00	0.00	223.76	8.08	-666.00	309.77	0.00	708.35	7307.27
1474002246.0 100 154422.98	1001.40	19.58	-24.84	0.00	222.49	-2.33	-666.00	309.55	473.68	708.35	7307.27
1474002247.0 100 154422.98	999.76	19.39	-24.84	0.00	219.96	5.45	-666.00	309.32	473.68	708.35	7307.27
1474002248.0 100 154422.98	1001.00	19.39	-25.00	0.00	234.09	3.69	-666.00	309.89	473.68	708.35	7307.27
1474002249.0 100 154422.98	1001.00	19.39	-25.00	0.00	231.48	4.66	-666.00	309.72	0.00	708.35	7307.27
1474002249.0 100 154422.98	1000.59	19.21	-25.00	0.00	231.48	0.68	-666.00	309.77	473.68	708.35	7307.27
1474002250.0 100 154422.98	1001.00	19.39	-24.84	0.00	231.48	3.69	-666.00	309.77	0.00	708.35	7307.27
1474002251.0 100 154422.98	1000.59	19.21	-24.84	0.00	225.04	-2.33	-666.00	309.83	473.68	708.35	7307.27
1474002252.0 100 154422.98	1001.00	19.39	-25.00	0.00	231.48	3.69	-666.00	309.72	473.68	708.35	7307.27
1474002252.0 100 154422.98	1001.40	19.58	-24.84	0.00	231.48	5.45	-666.00	309.77	0.00	708.35	7307.27
1474002253.0 100 154422.98	1001.40	19.58	-25.00	0.00	228.89	0.68	-666.00	309.66	0.00	708.35	7307.27
1474002254.0 100 154422.98	1002.23	19.39	-25.00	0.00	230.18	2.44	-666.00	309.66	473.68	708.35	7307.27
1474002254.0 100 154422.98	1001.40	19.58	-24.84	0.00	230.18	-2.33	-666.00	309.72	0.00	708.35	7307.27
1474002255.0 100 154422.98	1000.59	19.21	-25.00	0.00	222.49	2.44	-666.00	309.55	0.00	708.35	7307.27
1474002256.0 100 154422.98	1001.00	19.39	-24.84	0.00	230.18	5.45	-666.00	309.60	344.01	708.35	7307.27
1474002257.0 100 154422.98	1001.40	19.58	-24.84	0.00	230.18	0.68	-666.00	309.89	0.00	708.35	7307.27
1474002257.0 100 154422.98	1001.40	19.58	-25.00	0.00	223.76	-2.33	-666.00	309.77	0.00	708.35	7307.27
1474002258.0 100 154422.98	1002.64	19.58	-24.68	0.00	227.60	-2.33	-666.00	309.66	473.68	708.35	7307.27
1474002259.0 100 154422.98	1001.40	19.58	-24.84	0.00	227.60	-2.33	-666.00	309.66	0.00	708.35	7307.27
1474002260.0 100 154422.98	1001.00	19.39	-25.00	0.00	225.04	2.44	-666.00	309.60	473.68	708.35	7307.27
1474002260.0 100 154422.98	1001.40	19.58	-24.84	0.00	226.32	3.69	-666.00	309.55	0.00	708.35	7307.27
1474002261.0 100 154422.98	1002.23	19.39	-25.16	0.00	231.48	3.69	-666.00	309.72	473.68	708.35	7307.27
1474002262.0 100 154422.98	1001.83	19.21	-24.84	0.00	227.60	2.44	-666.00	309.55	0.00	708.35	7307.27
1474002263.0 100 154422.98	1001.40	19.58	-24.68	0.00	225.04	0.68	-666.00	309.66	473.68	708.35	7307.27
1474002263.0 100 154422.98	1001.40	19.58	-25.00	0.00	225.04	-2.33	-666.00	309.60	344.01	708.35	7307.27
1474002264.0 100 154422.98	1001.40	19.58	-24.84	0.00	225.04	2.44	-666.00	309.55	0.00	708.35	7307.27
1474002265.0 100 154422.98	1001.00	19.39	-24.84	0.00	226.32	0.68	-666.00	309.60	0.00	708.35	7307.27
1474002265.0 100 154422.98	1002.64	19.58	-24.68	0.00	225.04	-0.00	-666.00	309.60	0.00	708.35	7307.27
1474002266.0 100 154422.98	1001.00	19.39	-24.68	0.00	221.22	8.46	-666.00	309.38	0.00	708.35	7307.27
1474002267.0 100 154422.98	1001.00	19.39	-24.68	0.00	223.76	-2.33	-666.00	309.60	0.00	708.35	7307.27
1474002268.0 100 154422.98	1002.23	19.39	-25.00	0.00	223.76	2.44	-666.00	309.60	473.68	708.35	7307.27
1474002268.0 100 154422.98	1001.83	19.21	-24.84	0.00	221.22	-2.33	-666.00	309.49	473.68	708.35	7307.27
1474002269.0 100 154422.98	1002.64	19.58	-24.84	0.00	223.76	0.68	-666.00	309.66	473.68	708.35	7307.27
1474002270.0 100 154422.98	1001.00	19.39	-24.84	0.00	225.04	-2.33	-666.00	309.60	0.00	708.35	7307.27
1474002271.0 100 154422.98	999.76	19.39	-24.84	0.00	225.04	0.68	-666.00	309.66	0.00	708.35	7307.27
1474002271.0 100 154422.98	1000.59	19.21	-24.68	0.00	223.76	-2.33	-666.00	309.60	473.68	708.35	7307.27
1474002272.0 100 154422.98	1001.40	19.58	-24.84	0.00	222.49	3.69	-666.00	309.55	0.00	708.35	7307.27
1474002273.0 100 154422.98	1001.40	19.58	-25.00	0.00	226.32	-2.33	-666.00	309.55	473.68	708.35	7307.27
1474002274.0 100 154422.98	1001.00	19.39	-24.84	0.00	223.76	-0.00	-666.00	309.49	0.00	708.35	7307.27
1474002274.0 100 154422.98	1001.00	19.39	-24.68	0.00	222.49	-2.33	-666.00	309.49	0.00	708.35	7307.27
1474002275.0 100 154422.98	1001.00	19.39	-24.68	0.00	223.76	-2.33	-666.00	309.55	473.68	708.35	7307.27
1474002276.0 100 154422.98	1001.00	19.39	-24.84	0.00	225.04	-2.33	-666.00	309.60	0.00	708.35	7307.27
1474002276.0 100 154422.98	1002.23	19.39	-24.84	0.00	222.49	0.68	-666.00	309.49	0.00	708.35	7307.27
1474002277.0 100 154422.98	1002.64	19.58	-24.84	0.00	222.49	-2.33	-666.00	309.55	0.00	708.35	7307.27
1474002278.0 100 154422.98	1001.00	19.39	-24.84	0.00	223.76	0.68	-666.00	309.55	0.00	708.35	7307.27
1474002279.0 100 154422.98	1001.00	19.39	-24.84	0.00	223.76	2.44	-666.00	309.55	0.00	708.35	7307.27
1474002279.0 100 154422.98	1000.16	19.58	-24.84	0.00	223.76	0.68	-666.00	309.60	0.00	708.35	7307.27
1474002280.0 100 154422.98	1002.64	19.58	-24.84	0.00	231.48	0.68	-666.00	309.72	0.00	708.35	7307.27
1474002281.0 100 154422.98	1002.64	19.58	-24.84	0.00	232.78	2.44	-666.00	309.60	473.68	708.35	7307.27
1474002282.0 100 154422.98	1002.23	19.39	-24.84	0.00	231.48	2.44	-666.00	309.60	473.68	708.35	7307.27
1474002282.0 100 154422.98	1002.23	19.39	-24.68	0.00	231.48	5.45	-666.00	309.55	0.00	708.35	7307.27
1474002283.0 100 154422.98	1001.40	19.58	-25.00	0.00	228.89	-0.00	-666.00	309.89	0.00	708.35	7307.27
1474002284.0 100 154422.98	1002.23	19.39	-24.84	0.00	230.18	2.44	-666.00	309.77	0.00	708.35	7307.27
1474002285.0 100 154422.98	1001.40	19.58	-25.00	0.00	225.04	0.68	-666.00	309.94	0.00	708.35	7307.27
1474002285.0 100 154422.98	1001.40	19.58	-24.84	0.00	223.76	7.21	-666.00	309.60	0.00	708.35	7307.27
1474002286.0 100 154422.98	1002.64	19.58	-25.00	0.00	225.04	2.44	-666.00	309.77	0.00	708.35	7307.27
1474002287.0 100 154422.98	1001.40	19.58	-25.00	0.00	225.04	-2.33	-666.00	309.60	0.00	708.35	7307.27
1474002287.0 100 154422.98	1001.40	19.58	-25.00	0.00	231.48	0.68	-666.00	309.77	473.68	708.35	7307.27
1474002288.0 100 154422.98	1002.23	19.39	-24.68	0.00	218.70	2.44	-666.00	309.32	473.68	708.35	7307.27
1474002289.0 100 154422.98	1001.40	19.58	-24.84	0.00	228.89	2.44	-666.00	309.60	0.00	708.35	7307.27
1474002290.0 100 154422.98	1002.23	19.39	-24.68	0.00	232.78	0.68	-666.00	309.77	0.00	708.35	7307.27
1474002290.0 100 154422.98	1001.40	19.58	-24.84	0.00	218.70	0.68	-666.00	309.32	0.00	708.35	7307.27
1474002291.0 100 154422.98	1001.40	19.58	-25.00	0.00	230.18	2.44	-666.00	310.05	473.68	708.35	7307.27
1474002292.0 100 154422.98	1001.40	19.58	-25.00	0.00	226.32	-2.33	-666.00	309.89	0.00	708.35	7307.27
1474002293.0 100 154422.98	1001.00	19.39	-24.84	0.00	225.04	0.68	-666.00	309.83	473.68	708.35	7307.27
1474002293.0 100 154422.98	1001.40	19.58	-25.16	0.00	225.04	2.44	-666.00	309.77	0.00	708.35	7307.27
1474002294.0 100 154422.98	1001.00	19.39	-24.84	0.00	232.78	5.45	-666.00	309.72	0.00	708.35	7307.27
1474002295.0 100 154422.98	1002.64	19.58	-25.00	0.00	228.89	0.68	-666.00	309.83	0.00	708.35	7307.27
1474002296.0 100 154422.98	1000.59	19.21	-25.00	0.00	226.32	-2.33	-666.00	309.83	0.00	708.35	7307.27
1474002296.0 100 154422.98	1001.40	19.58	-25.00	0.00	231.48	3.69	-666.00	309.72	0.00	708.35	7307.27
1474002297.0 100 154422.98	1002.64	19.58	-24.84	0.00	223.76	-2.33	-666.00	309.83	0.00	708.35	7307.27
1474002298.0 100 154422.98	1001.00	19.39	-24.84	0.00	226.32	2.44	-666.00	309.89	0.00	708.35	7307.27
1474002298.0 100 154422.98	1002.23	19.39	-24.84	0.00	227.60	3.69	-666.00	309.55	0.00	708.35	7307.27
1474002299.0 100 154422.98	1001.00	19.39	-24.68	0.00	223.76	-2.33	-666.00	309.55	0.00	708.35	7307.27
1474002300.0 100 154422.98	1000.59	19.21	-25.00	0.00	226.32	-0.00	-666.00	309.60	0.00	708.35	7307.27
1474002301.0 100 154422.98	1002.23	19.39	-24.84	0.00	225.04	5.45	-666.00	309.60	0.00	708.35	7307.27
1474002301.0 100 154422.98	1001.40	19.58	-24.84	0.00	221.22	4.66	-666.00	309.43	0.00	708.35	7307.27
1474002302.0 100 154422.98	1001.40	19.58	-24.84	0.00	226.32	0.68	-666.00	309.60	0.00	708.35	7307.27
1474002303.0 100 154422.98	1002.23	19.39	-25.00	0.00	227.60	-2.33	-666.00	309.72	0.00	708.35	7307.27
1474002304.0 100 154422.98	1002.23	19.39	-25.00	0.00	226.32	0.68	-666.00	309.66	0.00	708.35	7307.27
1474002304.0 100 154422.98	1001.83	19.21	-24.84	0.00	230.18	3.69	-666.00	309.66	473.68	708.35	7307.27
1474002305.0 100 154422.98	1002.64	19.58	-24.84	0.00	227.60	-0.00	-666.00	309.66	0.00	708.35	7307.27
1474002306.0 100 154422.98	1002.23	19.39	-24.68	0.00	226.32	3.69	-666.00	309.49	473.68	708.35	7307.27
1474002307.0 100 154422.98	1002.23	19.39	-24.84	0.00	232.78	2.44	-666.00	309.72	0.00	708.35	7307.27
1474002307.0 100 154422.98	1001.40	19.58	-24.84	0.00	225.04	2.44	-666.00	309.49	473.68	708.35	7307.27
1474002308.0 100 154422.98	1001.00	19.39	-24.84	0.00	223.76	2.44	-666.00	309.55	473.68	708.35	7307.27
1474002309.0 100 154422.98	1001.40	19.58	-25.00	0.00	223.76	0.68	-666.00	309.49	0.00	708.35	7307.27
1474002309.0 100 154422.98	1002.23	19.39	-24.84	0.00	228.89	2.44	-666.00	309.55	473.68	708.35	7307.27
1474002310.0 100 154422.98	1000.59	19.21	-24.68	0.00	221.22	0.68	-666.00	309.43	0.00	708.35	7307.27
1474002311.0 100 154422.98	1002.23	19.39	-24.84	0.00	221.22	2.44	-666.00	309.49	0.00	708.35	7307.27
1474002312.0 100 154422.98	1001.40	19.58	-24.84	0.00	223.76	5.45	-666.00	309.55	0.00	708.35	7307.27
1474002312.0 100 154422.98	1001.40	19.58	-24.84	0.00	222.49	3.69	-666.00	309.49	473.68	708.35	7307.27
1474002313.0 100 154422.98	1001.40	19.58	-24.84	0.00	232.78	0.68	-666.00	310.00	0.00	708.35	7307.27
1474002314.0 100 154422.98	1000.59	19.21	-25.00	0.00	225.04	6.12	-666.00	309.77	0.00	708.35	7307.27
1474002315.0 100 154422.98	1001.00	19.39	-25.16	0.00	227.60	0.68	-666.00	309.89	0.00	708.35	7307.27
1474002315.0 100 154422.98	1002.23	19.39	-24.84	0.00	226.32	2.44	-666.00	309.60	0.00	708.35	7307.27
1474002316.0 100 154422.98	1001.40	19.58	-24.68	0.00	225.04	-2.33	-666.00	309.60	473.68	708.35	7307.27
1474002317.0 100 154422.98	1001.40	19.58	-25.00	0.00	227.60	-0.00	-666.00	309.72	0.00	708.35	7307.27
1474002318.0 100 154422.98	1001.40	19.58	-24.84	0.00	227.60	4.66	-666.00	309.72	473.68	708.35	7307.27
1474002318.0 100 154422.98	1001.81	19.77	-25.00	0.00	225.04	2.44	-666.00	309.60	0.00	708.35	7307.27
1474002319.0 100 154422.98	1002.64	19.58	-24.84	0.00	228.89	6.12	-666.00	309.60	473.68	708.35	7307.27
1474002320.0 100 154422.98	1001.00	19.39	-24.84	0.00	227.60	6.12	-666.00	309.60	473.68	708.35	7307.27
1474002320.0 100 154422.98	1001.00	19.39	-24.68	0.00	231.48	5.45	-666.00	309.72	0.00	708.35	7307.27
1474002321.0 100 154422.98	1002.64	19.58	-25.00	0.00	226.32	0.68	-666.00	309.60	0.00	708.35	7307.27
1474002322.0 100 154422.98	1001.00	19.39	-24.84	0.00	226.32	8.08	-666.00	309.49	0.00	708.35	7307.27
1474002323.0 100 154422.98	1002.64	19.58	-24.84	0.00	232.78	7.21	-666.00	309.77	0.00	708.35	7307.27
1474002323.0 100 154422.98	1001.40	19.58	-24.84	0.00	221.22	0.68	-666.00	309.49	0.00	708.35	7307.27
1474002324.0 100 154422.98	1001.00	19.39	-25.00	0.00	235.40	0.68	-666.00	310.05	0.00	708.35	7307.27
1474002325.0 100 154422.98	1002.64	19.58	-25.00	0.00	225.04	-2.33	-666.00	309.83	473.68	708.35	7307.27
1474002326.0 100 154422.98	1001.00	19.39	-25.00	0.00	231.48	2.44	-666.00	309.77	473.68	708.35	7307.27
1474002326.0 100 154422.98	1002.23	19.39	-25.00	0.00	230.18	0.68	-666.00	309.83	0.00	708.35	7307.27
1474002327.0 100 154422.98	1001.40	19.58	-24.84	0.00	227.60	3.69	-666.00	309.83	0.00	708.35	7307.27
1474002328.0 100 154422.98	1002.64	19.58	-25.00	0.00	227.60	0.68	-666.00	309.83	0.00	708.35	7307.27
1474002329.0 100 154422.98	1002.64	19.58	-24.68	0.00	225.04	0.68	-666.00	309.60	0.00	708.35	7307.27
1474002329.0 100 154422.98	1001.40	19.58	-24.84	0.00	225.04	0.68	-666.00	309.60	0.00	708.35	7307.27
1474002330.0 100 154422.98	1002.64	19.58	-24.84	0.00	226.32	6.12	-666.00	309.66	0.00	708.35	7307.27
1474002331.0 100 154422.98	1001.40	19.58	-25.16	0.00	226.32	-2.33	-666.00	309.72	473.68	708.35	7307.27
1474002331.0 100 154422.98	1001.40	19.58	-24.84	0.00	223.76	0.68	-666.00	309.55	473.68	708.35	7307.27
1474002332.0 100 154422.98	1001.40	19.58	-24.84	0.00	225.04	2.44	-666.00	309.77	0.00	708.35	7307.27
1474002333.0 100 154422.98	1001.40	19.58	-24.84	0.00	222.49	5.45	-666.00	309.55	0.00	708.35	7307.27
1474002334.0 100 154422.98	1001.00	19.39	-25.00	0.00	222.49	2.44	-666.00	309.66	0.00	708.35	7307.27
1474002334.0 100 154422.98	1001.00	19.39	-24.84	0.00	227.60	-0.00	-666.00	309.89	473.68	708.35	7307.27
1474002335.0 100 154422.98	1001.00	19.39	-24.84	0.00	225.04	2.44	-666.00	309.66	473.68	708.35	7307.27
1474002336.0 100 154422.98	1000.59	19.21	-24.84	0.00	225.04	0.68	-666.00	309.72	0.00	708.35	7307.27
1474002337.0 100 154422.98	1002.64	19.58	-24.84	0.00	225.04	2.44	-666.00	309.55	0.00	708.35	7307.27
1474002337.0 100 154422.98	1001.40	19.58	-24.68	0.00	223.76	0.68	-666.00	309.60	473.68	708.35	7307.27
1474002338.0 100 154422.98	1001.00	19.39	-24.84	0.00	225.04	5.45	-666.00	309.66	0.00	708.35	7307.27
1474002339.0 100 154422.98	1001.00	19.39	-25.00	0.00	222.49	7.21	-666.00	309.55	0.00	708.35	7307.27
1474002340.0 100 154422.98	1002.64	19.58	-25.00	0.00	222.49	-0.00	-666.00	309.49	0.00	708.35	7307.27
1474002340.0 100 154422.98	1003.04	19.77	-24.68	0.00	222.49	2.44	-666.00	309.60	0.00	708.35	7307.27
1474002341.0 100 154422.98	1002.64	19.58	-25.00	0.00	225.04	2.44	-666.00	309.66	0.00	708.35	7307.27
1474002342.0 100 154422.98	1002.23	19.39	-24.84	0.00	228.89	2.44	-666.00	309.60	0.00	708.35	7307.27
1474002342.0 100 154422.98	1001.40	19.58	-24.68	0.00	231.48	4.66	-666.00	309.60	0.00	708.35	7307.27
1474002343.0 100 154422.98	999.76	19.39	-24.84	0.00	223.76	2.44	-666.00	309.83	0.00	708.35	7307.27
1474002344.0 100 154422.98	1001.40	19.58	-25.00	0.00	223.76	0.68	-666.00	309.55	473.68	708.35	7307.27
1474002345.0 100 154422.98	1002.64	19.58	-24.84	0.00	223.76	4.66	-666.00	309.55	0.00	708.35	7307.27
1474002345.0 100 154422.98	1001.00	19.39	-24.68	0.00	225.04	8.08	-666.00	309.55	0.00	708.35	7307.27
1474002346.0 100 154422.98	1001.40	19.58	-25.16	0.00	225.04	3.69	-666.00	310.00	0.00	708.35	7307.27
1474002347.0 100 154422.98	1002.64	19.58	-24.84	0.00	227.60	6.70	-666.00	309.60	0.00	708.35	7307.27
1474002348.0 100 154422.98	1000.16	19.58	-24.84	0.00	225.04	-2.33	-666.00	309.66	473.68	708.35	7307.27
1474002348.0 100 154422.98	1001.40	19.58	-25.00	0.00	226.32	4.66	-666.00	309.60	473.68	708.35	7307.27
1474002349.0 100 154422.98	1001.40	19.58	-24.68	0.00	226.32	2.44	-666.00	309.66	473.68	708.35	7307.27
1474002350.0 100 154422.98	1001.40	19.58	-24.84	0.00	227.60	2.44	-666.00	309.66	0.00	708.35	7307.27
1474002350.0 100 154422.98	1001.40	19.58	-24.84	0.00	225.04	6.12	-666.00	309.60	0.00	708.35	7307.27
1474002351.0 100 154422.98	1001.40	19.58	-24.84	0.00	225.04	3.69	-666.00	309.60	473.68	708.35	7307.27
1474002352.0 100 154422.98	1000.57	19.77	-25.00	0.00	231.48	3.69	-666.00	309.77	473.68	708.35	7307.27
1474002353.0 100 154422.98	1000.59	19.21	-24.84	0.00	227.60	4.66	-666.00	309.60	0.00	708.35	7307.27
1474002353.0 100 154422.98	1001.00	19.39	-24.84	0.00	228.89	-2.33	-666.00	309.77	0.00	708.35	7307.27
1474002354.0 100 154422.98	1001.40	19.58	-24.84	0.00	223.76	2.44	-666.00	309.60	473.68	708.35	7307.27
1474002355.0 100 154422.98	1002.23	19.39	-25.16	0.00	227.60	3.69	-666.00	309.77	473.68	708.35	7307.27
1474002356.0 100 154422.98	1001.00	19.39	-24.84	0.00	223.76	-2.33	-666.00	309.72	0.00	708.35	7307.27
1474002356.0 100 154422.98	1001.40	19.58	-24.84	0.00	221.22	3.69	-666.00	309.43	0.00	708.35	7307.27
1474002357.0 100 154422.98	1002.64	19.58	-24.84	0.00	223.76	0.68	-666.00	309.66	473.68	708.35	7307.27
1474002358.0 100 154422.98	1001.00	19.39	-24.84	0.00	225.04	4.66	-666.00	309.66	473.68	708.35	7307.27
1474002359.0 100 154422.98	1001.81	19.77	-24.84	0.00	225.04	2.44	-666.00	309.60	473.68	708.35	7307.27
1474002359.0 100 154422.98	999.76	19.39	-25.00	0.00	228.89	2.44	-666.00	309.83	0.00	708.35	7307.27
1474002360.0 100 154422.98	1001.40	19.58	-25.00	0.00	225.04	4.66	-666.00	309.77	0.00	708.35	7307.27
1474002361.0 100 154422.98	1002.64	19.58	-24.84	0.00	223.76	2.44	-666.00	309.66	344.01	708.35	7307.27
1474002361.0 100 154422.98	1001.40	19.58	-24.68	0.00	227.60	0.68	-666.00	309.77	473.68	708.35	7307.27
1474002362.0 100 154422.98	1001.40	19.58	-24.84	0.00	225.04	3.69	-666.00	309.60	0.00	708.35	7307.27
1474002363.0 100 154422.98	1001.40	19.58	-24.84	0.00	223.76	2.44	-666.00	309.60	0.00	708.35	7307.27
1474002364.0 100 154422.98	1001.81	19.77	-24.84	0.00	223.76	2.44	-666.00	309.60	0.00	708.35	7307.27
1474002364.0 100 154422.98	1001.40	19.58	-24.84	0.00	223.76	0.68	-666.00	309.49	0.00	708.35	7307.27
1474002365.0 100 154422.98	1001.00	19.39	-25.16	0.00	230.18	6.70	-666.00	309.66	473.68	708.35	7307.27
1474002366.0 100 154422.98	1001.00	19.39	-24.84	0.00	226.32	3.69	-666.00	309.43	0.00	708.35	7307.27
1474002367.0 100 154422.98	1001.40	19.58	-24.84	0.00	227.60	7.67	-666.00	309.55	473.68	708.35	7307.27
1474002367.0 100 154422.98	1001.40	19.58	-24.84	0.00	222.49	4.66	-666.00	309.43	0.00	708.35	7307.27
1474002368.0 100 154422.98	1001.40	19.58	-25.00	0.00	225.04	0.68	-666.00	309.83	473.68	708.35	7307.27
1474002369.0 100 154422.98	1002.23	19.39	-24.84	0.00	225.04	6.70	-666.00	309.72	473.68	708.35	7307.27
1474002370.0 100 154422.98	1002.64	19.58	-25.00	0.00	225.04	3.69	-666.00	309.89	0.00	708.35	7307.27
1474002370.0 100 154422.98	1001.00	19.39	-25.16	0.00	227.60	2.44	-666.00	310.00	0.00	708.35	7307.27
1474002371.0 100 154422.98	1001.81	19.77	-24.68	0.00	225.04	3.69	-666.00	309.66	0.00	708.35	7307.27
1474002372.0 100 154422.98	1001.81	19.77	-24.84	0.00	227.60	-2.33	-666.00	309.60	0.00	708.35	7307.27
1474002372.0 100 154422.98	1001.00	19.39	-24.84	0.00	227.60	0.68	-666.00	309.55	0.00	708.35	7307.27
1474002373.0 100 154422.98	1002.23	19.39	-25.16	0.00	225.04	2.44	-666.00	309.89	0.00	708.35	7307.27
1474002374.0 100 154422.98	1001.00	19.39	-24.84	0.00	225.04	4.66	-666.00	309.60	473.68	708.35	7307.27
1474002375.0 100 154422.98	1001.40	19.58	-25.00	0.00	227.60	2.44	-666.00	309.77	473.68	708.35	7307.27
1474002375.0 100 154422.98	1001.40	19.58	-24.68	0.00	223.76	3.69	-666.00	309.66	0.00	708.35	7307.27
1474002376.0 100 154422.98	1001.40	19.58	-24.84	0.00	230.18	0.68	-666.00	309.55	473.68	708.35	7307.27
1474002377.0 100 154422.98	1001.40	19.58	-24.84	0.00	222.49	3.69	-666.00	309.55	0.00	708.35	7307.27
1474002378.0 100 154422.98	1001.40	19.58	-24.84	0.00	227.60	7.21	-666.00	309.55	473.68	708.35	7307.27
1474002378.0 100 154422.98	1001.40	19.58	-24.84	0.00	225.04	6.12	-666.00	309.60	0.00	708.35	7307.27
1474002379.0 100 154422.98	1001.00	19.39	-25.16	0.00	225.04	2.44	-666.00	310.00	0.00	708.35	7307.27
1474002380.0 100 154422.98	1001.40	19.58	-24.68	0.00	223.76	5.45	-666.00	309.55	0.00	708.35	7307.27
1474002381.0 100 154422.98	1001.40	19.58	-24.84	0.00	226.32	6.70	-666.00	309.60	473.68	708.35	7307.27
1474002381.0 100 154422.98	1001.40	19.58	-24.68	0.00	231.48	7.21	-666.00	309.72	473.68	708.35	7307.27
1474002382.0 100 154422.98	1002.64	19.58	-24.68	0.00	231.48	8.08	-666.00	309.77	344.01	708.35	7307.27
1474002383.0 100 154422.98	1001.40	19.58	-25.00	0.00	231.48	6.70	-666.00	309.72	473.68	708.35	7307.27
1474002383.0 100 154422.98	1002.64	19.58	-25.00	0.00	230.18	6.70	-666.00	309.89	473.68	708.35	7307.27
1474002384.0 100 154422.98	1001.81	19.77	-25.00	0.00	231.48	5.45	-666.00	309.72	0.00	708.35	7307.27
1474002385.0 100 154422.98	1002.64	19.58	-24.84	0.00	228.89	0.68	-666.00	309.77	0.00	708.35	7307.27
1474002386.0 100 154422.98	1001.81	19.77	-25.00	0.00	226.32	4.66	-666.00	309.89	0.00	708.35	7307.27
1474002386.0 100 154422.98	1002.23	19.39	-24.84	0.00	225.04	9.71	-666.00	309.60	0.00	708.35	7307.27
1474002387.0 100 154422.98	1001.40	19.58	-24.84	0.00	223.76	3.69	-666.00	309.55	473.68	708.35	7307.27
1474002388.0 100 154422.98	1001.40	19.58	-24.84	0.00	225.04	6.70	-666.00	309.55	473.68	708.35	7307.27
1474002389.0 100 154422.98	1001.00	19.39	-24.84	0.00	223.76	6.70	-666.00	309.55	0.00	708.35	7307.27
1474002389.0 100 154422.98	1002.64	19.58	-24.84	0.00	223.76	7.67	-666.00	309.55	344.01	708.35	7307.27
1474002390.0 100 154422.98	1001.00	19.39	-24.84	0.00	225.04	4.66	-666.00	309.60	0.00	708.35	7307.27
1474002391.0 100 154422.98	1002.64	19.58	-24.84	0.00	225.04	9.13	-666.00	309.72	473.68	708.35	7307.27
1474002392.0 100 154422.98	1002.23	19.39	-24.84	0.00	225.04	3.69	-666.00	309.66	473.68	708.35	7307.27
1474002392.0 100 154422.98	1001.40	19.58	-25.00	0.00	228.89	3.69	-666.00	309.89	473.68	708.35	7307.27
1474002393.0 100 154422.98	1001.00	19.39	-24.68	0.00	230.18	10.45	-666.00	309.60	473.68	708.35	7307.27
1474002394.0 100 154422.98	1001.00	19.39	-24.84	0.00	227.60	4.66	-666.00	309.72	0.00	708.35	7307.27
1474002394.0 100 154422.98	1002.64	19.58	-24.68	0.00	228.89	6.12	-666.00	309.72	473.68	708.35	7307.27
1474002395.0 100 154422.98	1001.00	19.39	-25.00	0.00	227.60	-2.33	-666.00	310.05	0.00	708.35	7307.27
1474002396.0 100 154422.98	1001.40	19.58	-24.84	0.00	231.48	7.67	-666.00	309.77	473.68	708.35	7307.27
1474002397.0 100 154422.98	1001.83	19.21	-24.68	0.00	231.48	6.70	-666.00	309.72	344.01	708.35	7307.27
1474002397.0 100 154422.98	1002.64	19.58	-24.84	0.00	235.40	10.22	-666.00	309.77	473.68	708.35	7307.27
1474002398.0 100 154422.98	1002.23	19.39	-24.84	0.00	223.76	6.12	-666.00	309.83	0.00	708.35	7307.27
1474002399.0 100 154422.98	1002.64	19.58	-25.00	0.00	226.32	7.67	-666.00	309.49	285.25	708.35	7307.27
1474002400.0 100 154422.98	1001.40	19.58	-24.68	0.00	230.18	9.13	-666.00	309.72	473.68	708.35	7307.27
1474002400.0 100 154422.98	1001.40	19.58	-24.68	0.00	225.04	9.13	-666.00	309.55	0.00	708.35	7307.27
1474002401.0 100 154422.98	1002.64	19.58	-25.00	0.00	225.04	6.70	-666.00	309.83	473.68	708.35	7307.27
1474002402.0 100 154422.98	1001.00	19.39	-24.84	0.00	226.32	7.67	-666.00	309.83	0.00	708.35	7307.27
1474002403.0 100 154422.98	1001.40	19.58	-24.84	0.00	225.04	6.70	-666.00	309.89	344.01	708.35	7307.27
1474002403.0 100 154422.98	1001.40	19.58	-24.84	0.00	230.18	8.08	-666.00	309.77	473.68	708.35	7307.27
1474002404.0 100 154422.98	1001.00	19.39	-25.00	0.00	230.18	8.46	-666.00	309.77	473.68	708.35	7307.27
1474002405.0 100 154422.98	1001.40	19.58	-25.00	0.00	231.48	6.70	-666.00	309.77	0.00	708.35	7307.27
1474002405.0 100 154422.98	1001.00	19.39	-24.84	0.00	225.04	4.66	-666.00	309.83	473.68	708.35	7307.27
1474002406.0 100 154422.98	1001.00	19.39	-25.00	0.00	234.09	6.70	-666.00	309.72	473.68	708.35	7307.27
1474002407.0 100 154422.98	1002.23	19.39	-24.68	0.00	232.78	5.45	-666.00	309.77	344.01	708.35	7307.27
1474002408.0 100 154422.98	1001.40	19.58	-24.84	0.00	228.89	6.12	-666.00	309.60	473.68	708.35	7307.27
1474002408.0 100 154422.98	1001.40	19.58	-25.00	0.00	228.89	7.21	-666.00	309.55	473.68	708.35	7307.27
1474002409.0 100 154422.98	1002.23	19.39	-24.84	0.00	226.32	8.08	-666.00	309.49	473.68	708.35	7307.27
1474002410.0 100 154422.98	1001.00	19.39	-24.84	0.00	223.76	4.66	-666.00	309.49	0.00	708.35	7307.27
1474002411.0 100 154422.98	1002.64	19.58	-24.84	0.00	227.60	7.21	-666.00	309.66	473.68	708.35	7307.27
1474002411.0 100 154422.98	1002.64	19.58	-24.84	0.00	223.76	8.81	-666.00	309.55	344.01	708.35	7307.27
1474002412.0 100 154422.98	1001.00	19.39	-24.84	0.00	231.48	6.70	-666.00	309.72	0.00	708.35	7307.27
1474002413.0 100 154422.98	1002.64	19.58	-24.84	0.00	230.18	7.67	-666.00	309.55	344.01	708.35	7307.27
1474002414.0 100 154422.98	1001.00	19.39	-24.68	0.00	230.18	7.67	-666.00	309.60	473.68	708.35	7307.27
1474002414.0 100 154422.98	1001.00	19.39	-24.84	0.00	234.09	4.66	-666.00	309.83	0.00	708.35	7307.27
1474002415.0 100 154422.98	1001.40	19.58	-24.84	0.00	225.04	6.70	-666.00	309.83	0.00	708.35	7307.27
1474002416.0 100 154422.98	1000.16	19.58	-24.84	0.00	227.60	6.12	-666.00	309.72	473.68	708.35	7307.27
1474002416.0 100 154422.98	1002.23	19.39	-24.84	0.00	223.76	5.45	-666.00	309.60	0.00	708.35	7307.27
1474002417.0 100 154422.98	1001.81	19.77	-24.84	0.00	225.04	8.08	-666.00	309.55	473.68	708.35	7307.27
1474002418.0 100 154422.98	1001.40	19.58	-25.00	0.00	227.60	5.45	-666.00	310.00	473.68	708.35	7307.27
1474002419.0 100 154422.98	1001.40	19.58	-24.84	0.00	225.04	7.67	-666.00	309.77	473.68	708.35	7307.27
1474002419.0 100 154422.98	1001.40	19.58	-25.00	0.00	230.18	2.44	-666.00	309.89	344.01	708.35	7307.27
1474002420.0 100 154422.98	1001.40	19.58	-24.84	0.00	223.76	6.12	-666.00	309.60	344.01	708.35	7307.27
1474002421.0 100 154422.98	999.76	19.39	-25.00	0.00	231.48	3.69	-666.00	309.83	473.68	708.35	7307.27
1474002422.0 100 154422.98	1001.40	19.58	-24.84	0.00	228.89	9.13	-666.00	309.72	0.00	708.35	7307.27
1474002422.0 100 154422.98	1001.00	19.39	-24.84	0.00	226.32	5.45	-666.00	309.72	473.68	708.35	7307.27
1474002423.0 100 154422.98	1001.40	19.58	-24.84	0.00	223.76	7.21	-666.00	309.55	0.00	708.35	7307.27
1474002424.0 100 154422.98	1001.40	19.58	-24.84	0.00	228.89	9.71	-666.00	309.72	473.68	708.35	7307.27
1474002425.0 100 154422.98	1002.64	19.58	-24.84	0.00	228.89	8.46	-666.00	309.60	473.68	708.35	7307.27
1474002425.0 100 154422.98	1001.40	19.58	-24.84	0.00	223.76	5.45	-666.00	309.60	473.68	708.35	7307.27
1474002426.0 100 154422.98	1001.40	19.58	-24.84	0.00	230.18	0.68	-666.00	309.89	473.68	708.35	7307.27
1474002427.0 100 154422.98	1002.64	19.58	-25.00	0.00	223.76	6.70	-666.00	309.72	344.01	708.35	7307.27
1474002427.0 100 154422.98	1001.40	19.58	-25.16	0.00	227.60	6.12	-666.00	309.89	473.68	708.35	7307.27
1474002428.0 100 154422.98	1001.00	19.39	-25.00	0.00	234.09	7.21	-666.00	310.00	0.00	708.35	7307.27
1474002429.0 100 154422.98	1001.81	19.77	-24.84	0.00	223.76	6.70	-666.00	309.72	473.68	708.35	7307.27
1474002430.0 100 154422.98	1000.16	19.58	-24.84	0.00	225.04	4.66	-666.00	309.77	473.68	708.35	7307.27
1474002430.0 100 154422.98	1001.00	19.39	-25.00	0.00	228.89	7.21	-666.00	309.89	0.00	708.35	7307.27
1474002431.0 100 154422.98	1003.04	19.77	-24.84	0.00	223.76	7.67	-666.00	309.49	344.01	708.35	7307.27
1474002432.0 100 154422.98	1001.00	19.39	-25.00	0.00	227.60	4.66	-666.00	309.83	473.68	708.35	7307.27
1474002433.0 100 154422.98	1001.40	19.58	-25.00	0.00	225.04	8.81	-666.00	309.83	473.68	708.35	7307.27
1474002433.0 100 154422.98	1002.23	19.39	-24.84	0.00	221.22	10.22	-666.00	309.43	344.01	708.35	7307.27
1474002434.0 100 154422.98	1001.40	19.58	-25.00	0.00	232.78	2.44	-666.00	310.00	0.00	708.35	7307.27
1474002435.0 100 154422.98	1001.40	19.58	-25.00	0.00	223.76	2.44	-666.00	309.72	344.01	708.35	7307.27
1474002436.0 100 154422.98	1002.23	19.39	-24.84	0.00	227.60	6.12	-666.00	309.94	0.00	708.35	7307.27
1474002436.0 100 154422.98	1001.40	19.58	-24.84	0.00	223.76	6.70	-666.00	309.77	473.68	708.35	7307.27
1474002437.0 100 154422.98	1001.40	19.58	-24.84	0.00	231.48	13.11	-666.00	309.55	344.01	708.35	7307.27
1474002438.0 100 154422.98	1001.00	19.39	-24.84	0.00	226.32	8.08	-666.00	309.55	473.68	708.35	7307.27
1474002439.0 100 154422.98	1001.00	19.39	-24.68	1.76	223.76	9.13	-666.00	309.43	0.00	708.35	7307.27
1474002439.0 100 154422.98	1001.40	19.58	-24.84	0.00	222.49	7.67	-666.00	309.55	473.68	708.35	7307.27
1474002440.0 100 154422.98	1001.40	19.58	-24.68	0.00	223.76	4.66	-666.00	309.60	344.01	708.35	7307.27
1474002441.0 100 154422.98	1001.81	19.77	-24.84	0.00	223.76	8.46	-666.00	309.60	473.68	708.35	7307.27
1474002441.0 100 154422.98	1001.81	19.77	-24.84	0.00	230.18	9.43	-666.00	309.72	0.00	708.35	7307.27
1474002442.0 100 154422.98	1001.81	19.77	-24.84	0.00	228.89	9.13	-666.00	309.43	473.68	708.35	7307.27
1474002443.0 100 154422.98	1001.40	19.58	-24.84	0.00	226.32	5.45	-666.00	309.60	473.68	708.35	7307.27
1474002444.0 100 154422.98	1000.57	19.77	-24.68	0.00	223.76	2.44	-666.00	309.66	0.00	708.35	7307.27
1474002444.0 100 154422.98	1001.40	19.58	-24.84	0.00	231.48	4.66	-666.00	309.94	473.68	708.35	7307.27
1474002445.0 100 154422.98	1000.16	19.58	-25.00	0.00	238.04	4.66	-666.00	310.28	0.00	708.35	7307.27
1474002446.0 100 154422.98	1001.40	19.58	-24.84	0.00	235.40	6.12	-666.00	310.00	0.00	708.35	7307.27
1474002447.0 100 154422.98	1000.16	19.58	-24.84	0.00	225.04	3.69	-666.00	309.77	0.00	708.35	7307.27
1474002447.0 100 154422.98	1000.59	19.21	-24.84	0.00	225.04	3.69	-666.00	309.72	473.68	708.35	7307.27
1474002448.0 100 154422.98	1001.81	19.77	-24.84	0.00	225.04	5.45	-666.00	309.72	0.00	708.35	7307.27
1474002449.0 100 154422.98	1002.23	19.39	-24.68	0.00	223.76	8.08	-666.00	309.60	0.00	708.35	7307.27
1474002449.0 100 154422.98	1001.40	19.58	-25.00	0.00	226.32	3.69	-666.00	309.60	473.68	708.35	7307.27
1474002450.0 100 154422.98	1001.81	19.77	-25.00	0.00	223.76	3.69	-666.00	309.89	0.00	708.35	7307.27
1474002451.0 100 154422.98	1001.40	19.58	-24.84	0.00	231.48	6.12	-666.00	309.72	473.68	708.35	7307.27
1474002452.0 100 154422.98	1001.40	19.58	-24.68	0.00	230.18	11.65	-666.00	309.55	473.68	708.35	7307.27
1474002452.0 100 154422.98	1001.40	19.58	-25.00	0.00	227.60	7.67	-666.00	309.66	473.68	708.35	7307.27
1474002453.0 100 154422.98	1001.40	19.58	-25.00	0.00	223.76	6.70	-666.00	309.77	0.00	708.35	7307.27
1474002454.0 100 154422.98	1002.23	19.39	-24.84	0.00	223.76	9.43	-666.00	309.77	473.68	708.35	7307.27
1474002455.0 100 154422.98	1001.00	19.39	-24.84	0.00	226.32	8.08	-666.00	309.77	0.00	708.35	7307.27
1474002455.0 100 154422.98	999.76	19.39	-25.16	0.00	236.72	9.43	-666.00	309.89	473.68	708.35	7307.27
1474002456.0 100 154422.98	1001.40	19.58	-25.00	0.00	238.04	2.44	-666.00	309.89	285.25	708.35	7307.27
1474002457.0 100 154422.98	1001.40	19.58	-25.16	0.00	232.78	6.70	-666.00	309.72	473.68	708.35	7307.27
1474002458.0 100 154422.98	1001.40	19.58	-25.00	0.00	231.48	8.81	-666.00	309.72	473.68	708.35	7307.27
1474002458.0 100 154422.98	1001.40	19.58	-24.68	0.00	227.60	9.43	-666.00	309.60	473.68	708.35	7307.27
1474002459.0 100 154422.98	1001.00	19.39	-24.84	0.00	223.76	8.08	-666.00	309.72	473.68	708.35	7307.27
1474002460.0 100 154422.98	1000.16	19.58	-24.84	0.00	227.60	9.71	-666.00	309.77	344.01	708.35	7307.27
1474002461.0 100 154422.98	1002.64	19.58	-25.00	0.00	226.32	7.67	-666.00	309.72	344.01	708.35	7307.27
1474002461.0 100 154422.98	1001.81	19.77	-24.84	0.00	231.48	9.71	-666.00	309.83	473.68	708.35	7307.27
1474002462.0 100 154422.98	1001.81	19.77	-24.84	0.00	231.48	7.67	-666.00	309.49	473.68	708.35	7307.27
1474002463.0 100 154422.98	1001.40	19.58	-25.00	0.00	231.48	8.08	-666.00	309.66	473.68	708.35	7307.27
1474002463.0 100 154422.98	1001.00	19.39	-25.00	0.00	221.22	8.81	-666.00	309.43	344.01	708.35	7307.27
1474002464.0 100 154422.98	1001.40	19.58	-24.84	1.76	227.60	7.67	-666.00	309.49	0.00	708.35	7307.27
1474002465.0 100 154422.98	1001.40	19.58	-24.84	0.00	230.18	9.43	-666.00	309.83	473.68	708.35	7307.27
1474002466.0 100 154422.98	1001.40	19.58	-24.84	0.00	231.48	8.46	-666.00	309.72	473.68	708.35	7307.27
1474002466.0 100 154422.98	1001.00	19.39	-25.16	0.00	232.78	7.21	-666.00	310.22	473.68	708.35	7307.27
1474002467.0 100 154422.98	1001.40	19.58	-24.84	0.00	228.89	6.12	-666.00	309.72	344.01	708.35	7307.27
1474002468.0 100 154422.98	1001.81	19.77	-25.00	0.00	227.60	8.46	-666.00	309.77	0.00	708.35	7307.27
1474002469.0 100 154422.98	1001.40	19.58	-24.84	0.00	226.32	5.45	-666.00	309.77	473.68	708.35	7307.27
1474002469.0 100 154422.98	1001.40	19.58	-25.00	0.00	226.32	5.45	-666.00	309.66	473.68	708.35	7307.27
1474002470.0 100 154422.98	1001.40	19.58	-24.84	0.00	222.49	2.44	-666.00	309.55	473.68	708.35	7307.27
1474002471.0 100 154422.98	1001.40	19.58	-24.84	0.00	226.32	4.66	-666.00	309.66	344.01	708.35	7307.27
1474002472.0 100 154422.98	1002.64	19.58	-24.84	0.00	222.49	6.12	-666.00	309.55	0.00	708.35	7307.27
1474002472.0 100 154422.98	1001.00	19.39	-24.84	0.00	226.32	3.69	-666.00	309.60	0.00	708.35	7307.27
1474002473.0 100 154422.98	1002.64	19.58	-24.84	0.00	231.48	9.71	-666.00	309.77	473.68	708.35	7307.27
1474002474.0 100 154422.98	1001.40	19.58	-24.84	0.00	226.32	7.67	-666.00	309.49	344.01	708.35	7307.27
1474002474.0 100 154422.98	1001.83	19.21	-24.84	0.00	221.22	9.97	-666.00	309.43	473.68	708.35	7307.27
1474002475.0 100 154422.98	1001.40	19.58	-24.84	0.00	230.18	9.71	-666.00	309.55	0.00	708.35	7307.27
1474002476.0 100 154422.98	1002.64	19.58	-24.84	0.00	232.78	8.46	-666.00	309.66	0.00	708.35	7307.27
1474002477.0 100 154422.98	1001.40	19.58	-24.84	0.00	225.04	9.43	-666.00	309.60	473.68	708.35	7307.27
1474002477.0 100 154422.98	1001.40	19.58	-25.00	0.00	231.48	9.97	-666.00	309.94	0.00	708.35	7307.27
1474002478.0 100 154422.98	1001.40	19.58	-25.16	0.00	228.89	7.67	-666.00	310.00	0.00	708.35	7307.27
1474002479.0 100 154422.98	1002.23	19.39	-24.84	0.00	227.60	5.45	-666.00	309.77	0.00	708.35	7307.27
1474002480.0 100 154422.98	1001.40	19.58	-24.84	0.00	227.60	8.46	-666.00	309.60	473.68	708.35	7307.27
1474002480.0 100 154422.98	1002.64	19.58	-24.84	0.00	226.32	8.46	-666.00	309.89	473.68	708.35	7307.27
1474002481.0 100 154422.98	1001.40	19.58	-25.00	1.76	232.78	3.69	-666.00	310.00	0.00	708.35	7307.27
1474002482.0 100 154422.98	1001.40	19.58	-24.84	0.00	223.76	6.12	-666.00	309.89	473.68	708.35	7307.27
1474002483.0 100 154422.98	1001.40	19.58	-24.84	0.00	228.89	5.45	-666.00	309.94	473.68	708.35	7307.27
1474002483.0 100 154422.98	1001.40	19.58	-25.16	0.00	231.48	7.67	-666.00	309.89	473.68	708.35	7307.27
1474002484.0 100 154422.98	1000.16	19.58	-24.84	0.00	223.76	4.66	-666.00	309.49	473.68	708.35	7307.27
1474002485.0 100 154422.98	1001.00	19.39	-24.84	0.00	226.32	6.70	-666.00	309.72	473.68	708.35	7307.27
1474002485.0 100 154422.98	1002.23	19.39	-24.84	0.00	232.78	10.89	-666.00	309.60	473.68	708.35	7307.27
1474002486.0 100 154422.98	1001.40	19.58	-25.00	0.00	231.48	8.08	-666.00	309.83	473.68	708.35	7307.27
1474002487.0 100 154422.98	1001.40	19.58	-24.84	0.00	230.18	9.13	-666.00	309.43	344.01	708.35	7307.27
1474002488.0 100 154422.98	1001.40	19.58	-24.84	0.00	228.89	9.71	-666.00	309.60	473.68	708.35	7307.27
1474002488.0 100 154422.98	1002.64	19.58	-25.00	0.00	232.78	9.13	-666.00	309.89	0.00	708.35	7307.27
1474002489.0 100 154422.98	1001.81	19.77	-24.84	0.00	228.89	10.45	-666.00	309.72	0.00	708.35	7307.27
1474002490.0 100 154422.98	1002.64	19.58	-25.00	0.00	235.40	8.46	-666.00	309.66	473.68	708.35	7307.27
1474002491.0 100 154422.98	1001.81	19.77	-24.68	0.00	227.60	9.97	-666.00	309.55	473.68	708.35	7307.27
1474002491.0 100 154422.98	1001.40	19.58	-24.84	0.00	227.60	11.28	-666.00	309.55	0.00	708.35	7307.27
1474002492.0 100 154422.98	1001.40	19.58	-24.84	0.00	226.32	9.71	-666.00	309.55	344.01	708.35	7307.27
1474002493.0 100 154422.98	1002.64	19.58	-24.84	0.00	228.89	9.13	-666.00	309.49	0.00	708.35	7307.27
1474002494.0 100 154422.98	1001.40	19.58	-25.00	0.00	227.60	10.45	-666.00	309.60	473.68	708.35	7307.27
1474002494.0 100 154422.98	1002.23	19.39	-25.00	0.00	226.32	5.45	-666.00	309.66	344.01	708.35	7307.27
1474002495.0 100 154422.98	999.76	19.39	-24.84	0.00	222.49	6.12	-666.00	309.60	0.00	708.35	7307.27
1474002496.0 100 154422.98	1001.40	19.58	-24.84	0.00	226.32	7.21	-666.00	309.55	0.00	708.35	7307.27
1474002496.0 100 154422.98	1000.16	19.58	-24.68	0.00	222.49	8.08	-666.00	309.55	344.01	708.35	7307.27
1474002497.0 100 154422.98	1002.64	19.58	-24.68	0.00	225.04	7.21	-666.00	309.72	344.01	708.35	7307.27
1474002498.0 100 154422.98	1002.23	19.39	-24.84	0.00	227.60	10.89	-666.00	309.49	473.68	708.35	7307.27
1474002499.0 100 154422.98	1001.40	19.58	-25.00	0.00	231.48	8.81	-666.00	309.72	0.00	708.35	7307.27
1474002499.0 100 154422.98	1001.81	19.77	-25.00	0.00	231.48	2.44	-666.00	310.05	0.00	708.35	7307.27
1474002500.0 100 154422.98	1001.00	19.39	-25.16	0.00	227.60	5.45	-666.00	309.94	0.00	708.35	7307.27
1474002501.0 100 154422.98	1002.64	19.58	-25.00	0.00	228.89	9.43	-666.00	309.89	473.68	708.35	7307.27
1474002502.0 100 154422.98	1001.00	19.39	-25.00	0.00	227.60	8.81	-666.00	309.83	473.68	708.35	7307.27
1474002502.0 100 154422.98	1002.64	19.58	-25.00	0.00	230.18	8.46	-666.00	309.89	473.68	708.35	7307.27
1474002503.0 100 154422.98	1002.64	19.58	-25.00	0.00	230.18	9.43	-666.00	309.83	0.00	708.35	7307.27
1474002504.0 100 154422.98	1000.57	19.77	-24.68	0.00	227.60	2.44	-666.00	309.83	344.01	708.35	7307.27
1474002505.0 100 154422.98	1002.64	19.58	-24.84	0.00	227.60	5.45	-666.00	309.94	0.00	708.35	7307.27
1474002505.0 100 154422.98	1001.81	19.77	-25.00	0.00	225.04	10.68	-666.00	309.83	473.68	708.35	7307.27
1474002506.0 100 154422.98	1001.40	19.58	-24.84	0.00	227.60	6.70	-666.00	309.94	473.68	708.35	7307.27
1474002507.0 100 154422.98	1000.16	19.58	-25.00	0.00	223.76	9.43	-666.00	309.83	285.25	708.35	7307.27
1474002507.0 100 154422.98	1001.40	19.58	-25.00	0.00	225.04	7.67	-666.00	309.77	344.01	708.35	7307.27
1474002508.0 100 154422.98	1000.59	19.21	-24.68	0.00	226.32	-0.00	-666.00	309.83	285.25	708.35	7307.27
1474002509.0 100 154422.98	1001.40	19.58	-24.84	0.00	227.60	11.98	-666.00	309.66	344.01	708.35	7307.27
1474002510.0 100 154422.98	1001.40	19.58	-24.84	0.00	227.60	10.89	-666.00	309.49	0.00	708.35	7307.27
1474002510.0 100 154422.98	1002.64	19.58	-24.84	0.00	218.70	10.89	-666.00	309.32	473.68	708.35	7307.27
1474002511.0 100 154422.98	1002.64	19.58	-24.68	0.00	227.60	4.66	-666.00	309.77	473.68	708.35	7307.27
1474002512.0 100 154422.98	1001.40	19.58	-24.84	0.00	228.89	11.28	-666.00	309.60	473.68	708.35	7307.27
1474002513.0 100 154422.98	1001.40	19.58	-24.84	0.00	226.32	8.81	-666.00	309.60	473.68	708.35	7307.27
1474002513.0 100 154422.98	1001.00	19.39	-24.84	0.00	231.48	9.13	-666.00	309.55	0.00	708.35	7307.27
1474002514.0 100 154422.98	1002.64	19.58	-24.84	0.00	227.60	11.65	-666.00	309.55	0.00	708.35	7307.27
1474002515.0 100 154422.98	1001.00	19.39	-24.84	0.00	231.48	7.67	-666.00	309.49	473.68	708.35	7307.27
1474002516.0 100 154422.98	1002.64	19.58	-24.84	0.00	227.60	10.45	-666.00	309.55	473.68	708.35	7307.27
1474002516.0 100 154422.98	1001.40	19.58	-25.16	0.00	223.76	5.45	-666.00	309.66	473.68	708.35	7307.27
1474002517.0 100 154422.98	1001.40	19.58	-24.84	0.00	227.60	6.70	-666.00	309.72	344.01	708.35	7307.27
1474002518.0 100 154422.98	1001.40	19.58	-24.84	0.00	223.76	6.70	-666.00	309.60	473.68	708.35	7307.27
1474002518.0 100 154422.98	1003.04	19.77	-24.84	0.00	223.76	6.12	-666.00	309.60	473.68	708.35	7307.27
1474002519.0 100 154422.98	1002.64	19.58	-25.00	0.00	223.76	7.67	-666.00	309.60	0.00	708.35	7307.27
1474002520.0 100 154422.98	1001.81	19.77	-24.84	0.00	223.76	8.81	-666.00	309.60	0.00	708.35	7307.27
1474002521.0 100 154422.98	999.76	19.39	-24.84	0.00	223.76	7.21	-666.00	309.55	0.00	708.35	7307.27
1474002521.0 100 154422.98	1002.23	19.39	-24.84	0.00	226.32	9.43	-666.00	309.72	0.00	708.35	7307.27
1474002522.0 100 154422.98	1001.40	19.58	-24.84	0.00	228.89	9.13	-666.00	309.49	473.68	708.35	7307.27
1474002523.0 100 154422.98	1001.81	19.77	-24.84	0.00	223.76	7.67	-666.00	309.60	473.68	708.35	7307.27
1474002524.0 100 154422.98	1002.64	19.58	-24.84	0.00	223.76	8.08	-666.00	309.55	0.00	708.35	7307.27
1474002524.0 100 154422.98	1001.40	19.58	-24.84	0.00	227.60	11.28	-666.00	309.49	473.68	708.35	7307.27
1474002525.0 100 154422.98	1001.81	19.77	-25.00	0.00	225.04	7.67	-666.00	309.72	473.68	708.35	7307.27
1474002526.0 100 154422.98	1000.57	19.77	-24.84	0.00	226.32	7.21	-666.00	309.60	344.01	708.35	7307.27
1474002527.0 100 154422.98	1001.40	19.58	-25.00	0.00	222.49	4.66	-666.00	309.60	473.68	708.35	7307.27
1474002527.0 100 154422.98	1001.40	19.58	-24.84	0.00	226.32	8.08	-666.00	309.72	473.68	708.35	7307.27
1474002528.0 100 154422.98	1002.64	19.58	-24.84	0.00	225.04	10.22	-666.00	309.66	473.68	708.35	7307.27
1474002529.0 100 154422.98	1001.40	19.58	-24.84	0.00	227.60	7.67	-666.00	309.66	0.00	708.35	7307.27
1474002529.0 100 154422.98	1003.04	19.77	-25.00	0.00	227.60	8.46	-666.00	309.72	344.01	708.35	7307.27
1474002530.0 100 154422.98	1000.16	19.58	-24.84	0.00	226.32	9.43	-666.00	309.72	344.01	708.35	7307.27
1474002531.0 100 154422.98	1000.57	19.77	-24.84	0.00	223.76	9.71	-666.00	309.49	473.68	708.35	7307.27
1474002532.0 100 154422.98	1001.40	19.58	-24.84	0.00	223.76	6.12	-666.00	309.72	473.68	708.35	7307.27
1474002532.0 100 154422.98	1001.81	19.77	-24.84	0.00	223.76	10.68	-666.00	309.55	473.68	708.35	7307.27
1474002533.0 100 154422.98	1001.40	19.58	-24.84	0.00	225.04	6.70	-666.00	309.66	344.01	708.35	7307.27
1474002534.0 100 154422.98	1001.40	19.58	-24.68	0.00	227.60	10.89	-666.00	309.60	473.68	708.35	7307.27
1474002535.0 100 154422.98	1001.40	19.58	-25.00	0.00	228.89	10.22	-666.00	309.77	0.00	708.35	7307.27
1474002535.0 100 154422.98	1001.00	19.39	-24.84	0.00	226.32	10.45	-666.00	309.55	344.01	708.35	7307.27
1474002536.0 100 154422.98	1001.81	19.77	-25.00	0.00	225.04	6.70	-666.00	309.83	473.68	708.35	7307.27
1474002537.0 100 154422.98	1001.81	19.77	-25.00	0.00	223.76	7.21	-666.00	309.83	473.68	708.35	7307.27
1474002538.0 100 154422.98	1001.40	19.58	-24.84	0.00	227.60	2.44	-666.00	310.00	473.68	708.35	7307.27
1474002538.0 100 154422.98	1001.81	19.77	-25.00	0.00	234.09	9.71	-666.00	309.89	344.01	708.35	7307.27
1474002539.0 100 154422.98	1001.81	19.77	-24.84	0.00	230.18	9.97	-666.00	309.72	0.00	708.35	7307.27
1474002540.0 100 154422.98	1001.40	19.58	-24.84	0.00	225.04	6.70	-666.00	309.89	0.00	708.35	7307.27
1474002540.0 100 154422.98	1001.40	19.58	-24.84	0.00	225.04	10.45	-666.00	309.83	473.68	708.35	7307.27
1474002541.0 100 154422.98	1001.40	19.58	-24.84	0.00	230.18	10.45	-666.00	309.89	473.68	708.35	7307.27
1474002542.0 100 154422.98	1002.64	19.58	-24.84	0.00	227.60	8.46	-666.00	309.72	344.01	708.35	7307.27
1474002543.0 100 154422.98	1001.00	19.39	-24.84	0.00	222.49	8.08	-666.00	309.49	473.68	708.35	7307.27
1474002543.0 100 154422.98	1001.40	19.58	-24.84	0.00	225.04	9.97	-666.00	309.72	0.00	708.35	7307.27
1474002544.0 100 154422.98	1002.64	19.58	-24.84	0.00	225.04	7.21	-666.00	309.60	473.68	708.35	7307.27
1474002545.0 100 154422.98	1001.40	19.58	-24.84	0.00	225.04	9.43	-666.00	309.89	0.00	708.35	7307.27
1474002546.0 100 154422.98	1001.40	19.58	-25.00	0.00	230.18	8.08	-666.00	309.77	285.25	708.35	7307.27
1474002546.0 100 154422.98	1001.81	19.77	-24.84	0.00	226.32	6.70	-666.00	309.60	0.00	708.35	7307.27
1474002547.0 100 154422.98	1001.00	19.39	-25.16	0.00	223.76	7.67	-666.00	309.83	0.00	708.35	7307.27
1474002548.0 100 154422.98	1001.81	19.77	-25.00	0.00	225.04	9.13	-666.00	309.89	344.01	708.35	7307.27
1474002549.0 100 154422.98	1002.64	19.58	-24.84	0.00	228.89	7.21	-666.00	310.00	0.00	708.35	7307.27
1474002549.0 100 154422.98	1001.40	19.58	-24.84	0.00	228.89	8.08	-666.00	310.00	473.68	708.35	7307.27
1474002550.0 100 154422.98	1001.40	19.58	-25.00	0.00	231.48	11.65	-666.00	309.72	473.68	708.35	7307.27
1474002551.0 100 154422.98	1001.81	19.77	-25.00	0.00	230.18	6.12	-666.00	309.66	473.68	708.35	7307.27
1474002552.0 100 154422.98	1003.04	19.77	-25.00	0.00	235.40	9.43	-666.00	309.77	0.00	708.35	7307.27
1474002552.0 100 154422.98	1001.81	19.77	-25.00	0.00	223.76	11.65	-666.00	309.66	473.68	708.35	7307.27
1474002553.0 100 154422.98	1003.04	19.77	-24.84	0.00	228.89	8.81	-666.00	309.66	344.01	708.35	7307.27
1474002554.0 100 154422.98	1000.16	19.58	-25.00	0.00	231.48	8.46	-666.00	309.66	473.68	708.35	7307.27
1474002554.0 100 154422.98	1002.23	19.39	-24.84	0.00	227.60	9.97	-666.00	309.77	0.00	708.35	7307.27
1474002555.0 100 154422.98	1001.81	19.77	-24.84	0.00	227.60	7.21	-666.00	310.00	473.68	708.35	7307.27
1474002556.0 100 154422.98	1000.16	19.58	-25.00	0.00	227.60	2.44	-666.00	309.94	473.68	708.35	7307.27
1474002557.0 100 154422.98	1002.21	19.95	-25.00	0.00	223.76	8.46	-666.00	309.83	473.68	708.35	7307.27
1474002557.0 100 154422.98	1001.40	19.58	-25.00	0.00	230.18	8.08	-666.00	309.89	344.01	708.35	7307.27
1474002558.0 100 154422.98	1001.40	19.58	-24.68	0.00	225.04	11.09	-666.00	309.60	473.68	708.35	7307.27
1474002559.0 100 154422.98	1003.04	19.77	-25.00	0.00	223.76	6.12	-666.00	309.77	0.00	708.35	7307.27
1474002560.0 100 154422.98	1001.81	19.77	-25.00	0.00	225.04	7.21	-666.00	309.60	0.00	708.35	7307.27
1474002560.0 100 154422.98	1002.64	19.58	-25.00	0.00	228.89	7.21	-666.00	309.60	344.01	708.35	7307.27
1474002561.0 100 154422.98	1002.64	19.58	-24.84	0.00	225.04	9.13	-666.00	309.60	473.68	708.35	7307.27
1474002562.0 100 154422.98	1003.45	19.95	-24.68	0.00	225.04	10.68	-666.00	309.60	344.01	708.35	7307.27
1474002563.0 100 154422.98	1001.81	19.77	-25.00	0.00	225.04	7.21	-666.00	309.83	0.00	708.35	7307.27
1474002563.0 100 154422.98	1002.64	19.58	-24.84	0.00	222.49	8.46	-666.00	309.55	344.01	708.35	7307.27
1474002564.0 100 154422.98	1001.81	19.77	-24.84	0.00	228.89	9.43	-666.00	309.83	473.68	708.35	7307.27
1474002565.0 100 154422.98	1001.40	19.58	-25.00	0.00	230.18	9.13	-666.00	309.72	473.68	708.35	7307.27
1474002565.0 100 154422.98	1001.40	19.58	-25.00	0.00	219.96	10.22	-666.00	309.38	344.01	708.35	7307.27
1474002566.0 100 154422.98	1001.40	19.58	-24.84	0.00	225.04	4.66	-666.00	309.89	344.01	708.35	7307.27
1474002567.0 100 154422.98	1001.81	19.77	-25.00	0.00	228.89	9.43	-666.00	309.66	473.68	708.35	7307.27
1474002568.0 100 154422.98	1002.23	19.39	-24.84	0.00	230.18	7.67	-666.00	309.72	473.68	708.35	7307.27
1474002568.0 100 154422.98	1001.81	19.77	-24.84	0.00	228.89	6.70	-666.00	309.66	0.00	708.35	7307.27
1474002569.0 100 154422.98	1002.64	19.58	-24.68	0.00	230.18	8.46	-666.00	309.77	473.68	708.35	7307.27
1474002570.0 100 154422.98	999.76	19.39	-24.68	0.00	230.18	11.28	-666.00	309.60	473.68	708.35	7307.27
1474002571.0 100 154422.98	1002.64	19.58	-24.84	0.00	231.48	12.29	-666.00	309.55	473.68	708.35	7307.27
1474002571.0 100 154422.98	1001.81	19.77	-24.84	0.00	231.48	10.68	-666.00	309.66	473.68	708.35	7307.27
1474002572.0 100 154422.98	1003.45	19.95	-25.00	0.00	221.22	7.21	-666.00	309.60	473.68	708.35	7307.27
1474002573.0 100 154422.98	1001.81	19.77	-25.00	0.00	223.76	8.08	-666.00	309.66	0.00	708.35	7307.27
1474002574.0 100 154422.98	1002.64	19.58	-25.00	0.00	227.60	9.97	-666.00	309.60	473.68	708.35	7307.27
1474002574.0 100 154422.98	1001.40	19.58	-25.00	0.00	231.48	8.08	-666.00	309.66	344.01	708.35	7307.27
1474002575.0 100 154422.98	1003.04	19.77	-24.84	0.00	222.49	6.70	-666.00	309.60	473.68	708.35	7307.27
1474002576.0 100 154422.98	1002.64	19.58	-24.68	0.00	221.22	6.12	-666.00	309.55	344.01	708.35	7307.27
1474002576.0 100 154422.98	1001.81	19.77	-24.84	0.00	219.96	12.14	-666.00	309.32	344.01	708.35	7307.27
1474002577.0 100 154422.98	1002.64	19.58	-24.84	0.00	228.89	6.12	-666.00	309.66	473.68	708.35	7307.27
1474002578.0 100 154422.98	1003.04	19.77	-24.84	0.00	223.76	9.71	-666.00	309.72	473.68	708.35	7307.27
1474002579.0 100 154422.98	1001.00	19.39	-25.00	0.00	223.76	7.21	-666.00	309.72	0.00	708.35	7307.27
1474002579.0 100 154422.98	1003.04	19.77	-24.84	0.00	222.49	9.43	-666.00	309.66	0.00	708.35	7307.27
1474002580.0 100 154422.98	1001.81	19.77	-24.84	0.00	225.04	9.71	-666.00	309.66	344.01	708.35	7307.27
1474002581.0 100 154422.98	1001.40	19.58	-24.84	0.00	226.32	8.46	-666.00	309.66	473.68	708.35	7307.27
1474002582.0 100 154422.98	1002.64	19.58	-25.00	0.00	227.60	8.08	-666.00	309.83	344.01	708.35	7307.27
1474002582.0 100 154422.98	1001.40	19.58	-24.84	0.00	226.32	8.46	-666.00	309.66	344.01	708.35	7307.27
1474002583.0 100 154422.98	1002.23	19.39	-24.84	0.00	223.76	4.66	-666.00	309.72	344.01	708.35	7307.27
1474002584.0 100 154422.98	1000.16	19.58	-24.84	0.00	227.60	9.71	-666.00	309.72	0.00	708.35	7307.27
1474002585.0 100 154422.98	1001.40	19.58	-25.00	0.00	225.04	10.68	-666.00	309.60	473.68	708.35	7307.27
1474002585.0 100 154422.98	1000.57	19.77	-24.84	0.00	225.04	6.70	-666.00	309.60	344.01	708.35	7307.27
1474002586.0 100 154422.98	1000.97	19.95	-24.68	0.00	226.32	8.46	-666.00	309.72	473.68	708.35	7307.27
1474002587.0 100 154422.98	1001.40	19.58	-24.84	0.00	225.04	7.21	-666.00	309.60	473.68	708.35	7307.27
1474002587.0 100 154422.98	1002.64	19.58	-24.84	0.00	218.70	10.45	-666.00	309.38	473.68	708.35	7307.27
1474002588.0 100 154422.98	1001.40	19.58	-24.84	0.00	223.76	6.70	-666.00	309.55	0.00	708.35	7307.27
1474002589.0 100 154422.98	1001.81	19.77	-25.00	0.00	225.04	10.45	-666.00	309.83	344.01	708.35	7307.27
1474002590.0 100 154422.98	1002.64	19.58	-25.00	0.00	227.60	7.67	-666.00	309.83	473.68	708.35	7307.27
1474002590.0 100 154422.98	1001.81	19.77	-24.84	0.00	230.18	9.13	-666.00	309.72	285.25	708.35	7307.27
1474002591.0 100 154422.98	1002.64	19.58	-24.84	0.00	230.18	9.97	-666.00	309.77	473.68	708.35	7307.27
1474002592.0 100 154422.98	1001.40	19.58	-24.84	0.00	227.60	11.65	-666.00	309.60	473.68	708.35	7307.27
1474002593.0 100 154422.98	1001.40	19.58	-24.84	0.00	226.32	10.89	-666.00	309.60	473.68	708.35	7307.27
1474002593.0 100 154422.98	1001.40	19.58	-24.84	0.00	223.76	7.67	-666.00	309.55	473.68	708.35	7307.27
1474002594.0 100 154422.98	1001.00	19.39	-25.00	0.00	223.76	10.68	-666.00	309.83	473.68	708.35	7307.27
1474002595.0 100 154422.98	1001.81	19.77	-24.84	0.00	223.76	9.43	-666.00	309.55	473.68	708.35	7307.27
1474002596.0 100 154422.98	1001.81	19.77	-24.84	0.00	218.70	9.71	-666.00	309.38	344.01	708.35	7307.27
1474002596.0 100 154422.98	1001.81	19.77	-24.84	0.00	228.89	6.12	-666.00	309.72	344.01	708.35	7307.27
1474002597.0 100 154422.98	1001.40	19.58	-24.84	0.00	225.04	9.43	-666.00	309.49	0.00	708.35	7307.27
1474002598.0 100 154422.98	1001.81	19.77	-24.68	0.00	227.60	12.72	-666.00	309.49	473.68	708.35	7307.27
1474002599.0 100 154422.98	1000.16	19.58	-24.84	0.00	234.09	9.97	-666.00	309.89	344.01	708.35	7307.27
1474002599.0 100 154422.98	1001.00	19.39	-24.84	0.00	226.32	10.68	-666.00	309.49	473.68	708.35	7307.27
1474002600.0 100 154422.98	1001.81	19.77	-24.84	0.00	222.49	11.47	-666.00	309.66	473.68	708.35	7307.27
1474002601.0 100 154422.98	1000.57	19.77	-24.84	0.00	228.89	12.14	-666.00	309.83	0.00	708.35	7307.27
1474002601.0 100 154422.98	1002.64	19.58	-24.84	0.00	223.76	10.45	-666.00	309.77	0.00	708.35	7307.27
1474002602.0 100 154422.98	1001.40	19.58	-24.84	0.00	223.76	7.67	-666.00	309.66	344.01	708.35	7307.27
1474002603.0 100 154422.98	1000.16	19.58	-24.84	0.00	228.89	11.28	-666.00	309.72	473.68	708.35	7307.27
1474002604.0 100 154422.98	1001.00	19.39	-24.84	0.00	226.32	10.89	-666.00	309.60	473.68	708.35	7307.27
1474002604.0 100 154422.98	1002.23	19.39	-25.00	0.00	225.04	8.46	-666.00	309.83	473.68	708.35	7307.27
1474002605.0 100 154422.98	1001.81	19.77	-24.84	0.00	226.32	10.22	-666.00	309.60	473.68	708.35	7307.27
1474002606.0 100 154422.98	1003.04	19.77	-24.68	0.00	225.04	11.09	-666.00	309.77	473.68	708.35	7307.27
1474002607.0 100 154422.98	1002.64	19.58	-24.84	0.00	234.09	9.97	-666.00	309.94	285.25	708.35	7307.27
1474002607.0 100 154422.98	1001.40	19.58	-25.00	0.00	227.60	7.67	-666.00	309.89	473.68	708.35	7307.27
1474002608.0 100 154422.98	1001.00	19.39	-25.16	0.00	232.78	12.98	-666.00	309.94	0.00	708.35	7307.27
1474002609.0 100 154422.98	1002.64	19.58	-25.00	0.00	226.32	10.22	-666.00	309.89	0.00	708.35	7307.27
1474002610.0 100 154422.98	1002.23	19.39	-24.84	0.00	228.89	8.81	-666.00	309.77	473.68	708.35	7307.27
1474002610.0 100 154422.98	1001.40	19.58	-24.68	0.00	225.04	8.81	-666.00	309.72	344.01	708.35	7307.27
1474002611.0 100 154422.98	1003.04	19.77	-25.00	0.00	228.89	7.21	-666.00	309.72	473.68	708.35	7307.27
1474002612.0 100 154422.98	1000.16	19.58	-24.68	0.00	228.89	9.97	-666.00	309.72	344.01	708.35	7307.27
1474002612.0 100 154422.98	1001.40	19.58	-25.00	0.00	227.60	10.22	-666.00	309.66	344.01	708.35	7307.27
1474002613.0 100 154422.98	1003.45	19.95	-24.68	0.00	226.32	9.97	-666.00	309.55	344.01	708.35	7307.27
1474002614.0 100 154422.98	1001.81	19.77	-24.84	0.00	225.04	8.81	-666.00	309.55	344.01	708.35	7307.27
1474002615.0 100 154422.98	1001.40	19.58	-24.84	0.00	223.76	9.71	-666.00	309.83	344.01	708.35	7307.27
1474002615.0 100 154422.98	1001.00	19.39	-25.00	0.00	222.49	8.46	-666.00	309.66	473.68	708.35	7307.27
1474002616.0 100 154422.98	1001.81	19.77	-24.84	0.00	226.32	11.98	-666.00	309.60	473.68	708.35	7307.27
1474002617.0 100 154422.98	1001.81	19.77	-24.84	0.00	226.32	13.35	-666.00	309.60	473.68	708.35	7307.27
1474002618.0 100 154422.98	1001.81	19.77	-25.00	0.00	225.04	10.22	-666.00	309.60	473.68	708.35	7307.27
1474002618.0 100 154422.98	1000.57	19.77	-24.84	0.00	223.76	12.14	-666.00	309.55	0.00	708.35	7307.27
1474002619.0 100 154422.98	1001.40	19.58	-24.84	0.00	227.60	9.43	-666.00	309.60	344.01	708.35	7307.27
1474002620.0 100 154422.98	1001.81	19.77	-24.84	0.00	225.04	9.97	-666.00	309.83	473.68	708.35	7307.27
1474002621.0 100 154422.98	1001.81	19.77	-24.84	0.00	219.96	9.43	-666.00	309.43	344.01	708.35	7307.27
1474002621.0 100 154422.98	1001.40	19.58	-24.84	0.00	225.04	9.97	-666.00	309.89	344.01	708.35	7307.27
1474002622.0 100 154422.98	1002.64	19.58	-24.84	0.00	230.18	10.68	-666.00	309.60	473.68	708.35	7307.27
1474002623.0 100 154422.98	1000.16	19.58	-25.00	0.00	228.89	10.22	-666.00	309.77	344.01	708.35	7307.27
1474002624.0 100 154422.98	1003.04	19.77	-24.84	0.00	225.04	10.45	-666.00	309.60	0.00	708.35	7307.27
1474002624.0 100 154422.98	1003.04	19.77	-24.84	0.00	225.04	11.09	-666.00	309.60	473.68	708.35	7307.27
1474002625.0 100 154422.98	1001.81	19.77	-25.00	0.00	231.48	10.22	-666.00	309.89	0.00	708.35	7307.27
1474002626.0 100 154422.98	1002.64	19.58	-24.84	0.00	228.89	9.13	-666.00	309.72	473.68	708.35	7307.27
1474002626.0 100 154422.98	1002.64	19.58	-25.16	0.00	230.18	9.71	-666.00	309.89	0.00	708.35	7307.27
1474002627.0 100 154422.98	1001.40	19.58	-25.00	0.00	225.04	6.12	-666.00	309.83	344.01	708.35	7307.27
1474002628.0 100 154422.98	1001.81	19.77	-25.00	0.00	226.32	10.45	-666.00	309.77	473.68	708.35	7307.27
1474002629.0 100 154422.98	999.76	19.39	-24.84	0.00	228.89	10.45	-666.00	309.72	473.68	708.35	7307.27
1474002629.0 100 154422.98	1001.81	19.77	-25.00	0.00	222.49	7.67	-666.00	309.72	344.01	708.35	7307.27
1474002630.0 100 154422.98	1002.64	19.58	-24.68	0.00	228.89	10.89	-666.00	309.55	344.01	708.35	7307.27
1474002631.0 100 154422.98	1001.40	19.58	-24.84	0.00	227.60	11.28	-666.00	309.49	473.68	708.35	7307.27
1474002632.0 100 154422.98	1001.81	19.77	-24.84	0.00	226.32	9.43	-666.00	309.60	473.68	708.35	7307.27
1474002632.0 100 154422.98	1003.45	19.95	-24.68	0.00	227.60	11.98	-666.00	309.55	344.01	708.35	7307.27
1474002633.0 100 154422.98	1003.04	19.77	-24.84	0.00	226.32	13.23	-666.00	309.55	473.68	708.35	7307.27
1474002634.0 100 154422.98	1001.40	19.58	-24.84	0.00	223.76	8.81	-666.00	309.49	473.68	708.35	7307.27
1474002635.0 100 154422.98	1003.04	19.77	-24.84	0.00	225.04	10.22	-666.00	309.49	0.00	708.35	7307.27
1474002635.0 100 154422.98	1001.40	19.58	-24.84	0.00	226.32	10.22	-666.00	309.60	344.01	708.35	7307.27
1474002636.0 100 154422.98	1001.40	19.58	-24.84	0.00	227.60	11.82	-666.00	309.55	0.00	708.35	7307.27
1474002637.0 100 154422.98	1001.81	19.77	-24.84	0.00	225.04	8.81	-666.00	309.66	473.68	708.35	7307.27
1474002637.0 100 154422.98	1001.40	19.58	-24.84	0.00	226.32	9.13	-666.00	309.60	0.00	708.35	7307.27
1474002638.0 100 154422.98	1002.64	19.58	-24.84	0.00	226.32	9.43	-666.00	309.66	473.68	708.35	7307.27
1474002639.0 100 154422.98	1001.40	19.58	-25.16	0.00	226.32	9.71	-666.00	309.55	473.68	708.35	7307.27
1474002640.0 100 154422.98	1000.57	19.77	-25.00	0.00	223.76	8.46	-666.00	309.60	473.68	708.35	7307.27
1474002640.0 100 154422.98	1001.40	19.58	-24.84	0.00	226.32	10.68	-666.00	309.49	473.68	708.35	7307.27
1474002641.0 100 154422.98	1001.40	19.58	-24.84	0.00	225.04	10.22	-666.00	309.49	344.01	708.35	7307.27
1474002642.0 100 154422.98	1001.40	19.58	-25.00	0.00	223.76	8.81	-666.00	309.83	473.68	708.35	7307.27
1474002643.0 100 154422.98	1001.40	19.58	-24.84	0.00	222.49	10.68	-666.00	309.60	344.01	708.35	7307.27
1474002643.0 100 154422.98	1001.40	19.58	-24.84	0.00	226.32	9.13	-666.00	309.60	473.68	708.35	7307.27
1474002644.0 100 154422.98	1001.40	19.58	-25.00	0.00	227.60	11.09	-666.00	309.60	473.68	708.35	7307.27
1474002645.0 100 154422.98	1001.81	19.77	-25.00	0.00	225.04	9.13	-666.00	309.89	473.68	708.35	7307.27
1474002646.0 100 154422.98	1001.40	19.58	-25.00	0.00	223.76	10.89	-666.00	309.89	473.68	708.35	7307.27
1474002646.0 100 154422.98	1000.57	19.77	-25.00	0.00	230.18	11.28	-666.00	309.66	344.01	708.35	7307.27
1474002647.0 100 154422.98	1000.16	19.58	-24.84	0.00	228.89	11.28	-666.00	309.60	473.68	708.35	7307.27
1474002648.0 100 154422.98	1002.64	19.58	-24.68	0.00	227.60	9.97	-666.00	309.60	344.01	708.35	7307.27
1474002648.0 100 154422.98	1001.40	19.58	-24.84	0.00	226.32	7.21	-666.00	309.72	0.00	708.35	7307.27
1474002649.0 100 154422.98	1001.81	19.77	-24.84	0.00	228.89	11.28	-666.00	309.60	473.68	708.35	7307.27
1474002650.0 100 154422.98	1001.40	19.58	-24.68	0.00	228.89	6.12	-666.00	309.77	473.68	708.35	7307.27
1474002651.0 100 154422.98	1000.57	19.77	-24.84	0.00	228.89	12.14	-666.00	309.77	473.68	708.35	7307.27
1474002651.0 100 154422.98	1002.64	19.58	-24.84	0.00	228.89	11.65	-666.00	309.55	473.68	708.35	7307.27
1474002652.0 100 154422.98	1001.00	19.39	-24.84	0.00	223.76	9.13	-666.00	309.55	344.01	708.35	7307.27
1474002653.0 100 154422.98	1003.45	19.95	-25.00	0.00	223.76	12.14	-666.00	309.66	344.01	708.35	7307.27
1474002654.0 100 154422.98	1001.40	19.58	-25.00	0.00	228.89	7.21	-666.00	309.89	0.00	708.35	7307.27
1474002654.0 100 154422.98	1000.57	19.77	-24.84	0.00	226.32	9.97	-666.00	309.55	344.01	708.35	7307.27
1474002655.0 100 154422.98	1001.81	19.77	-25.16	0.00	225.04	12.44	-666.00	309.89	0.00	708.35	7307.27
1474002656.0 100 154422.98	1001.81	19.77	-24.84	0.00	225.04	12.29	-666.00	309.60	0.00	708.35	7307.27
1474002657.0 100 154422.98	1001.81	19.77	-24.84	0.00	225.04	10.22	-666.00	309.66	0.00	708.35	7307.27
1474002657.0 100 154422.98	1001.81	19.77	-24.84	0.00	225.04	8.46	-666.00	309.60	473.68	708.35	7307.27
1474002658.0 100 154422.98	1001.40	19.58	-25.00	0.00	223.76	6.12	-666.00	309.77	285.25	708.35	7307.27
1474002659.0 100 154422.98	1001.40	19.58	-24.84	0.00	223.76	8.46	-666.00	309.77	473.68	708.35	7307.27
1474002660.0 100 154422.98	1001.40	19.58	-25.00	0.00	227.60	9.97	-666.00	309.89	473.68	708.35	7307.27
1474002660.0 100 154422.98	1000.16	19.58	-25.00	0.00	230.18	10.68	-666.00	309.83	473.68	708.35	7307.27
1474002661.0 100 154422.98	1001.40	19.58	-24.84	0.00	227.60	10.89	-666.00	309.77	344.01	708.35	7307.27
1474002662.0 100 154422.98	1001.81	19.77	-24.84	0.00	231.48	10.22	-666.00	309.49	0.00	708.35	7307.27
1474002662.0 100 154422.98	1003.04	19.77	-25.00	0.00	222.49	11.65	-666.00	309.72	344.01	708.35	7307.27
1474002663.0 100 154422.98	1001.81	19.77	-24.84	0.00	225.04	8.81	-666.00	309.60	473.68	708.35	7307.27
1474002664.0 100 154422.98	1001.40	19.58	-25.00	0.00	223.76	8.08	-666.00	309.55	344.01	708.35	7307.27
1474002665.0 100 154422.98	1001.40	19.58	-24.84	0.00	221.22	9.97	-666.00	309.43	473.68	708.35	7307.27
1474002665.0 100 154422.98	1001.40	19.58	-24.84	0.00	226.32	9.13	-666.00	309.83	473.68	708.35	7307.27
1474002666.0 100 154422.98	1001.40	19.58	-24.84	0.00	225.04	11.47	-666.00	309.60	473.68	708.35	7307.27
1474002667.0 100 154422.98	1000.57	19.77	-24.84	0.00	223.76	11.28	-666.00	309.89	473.68	708.35	7307.27
1474002668.0 100 154422.98	1001.40	19.58	-24.68	0.00	230.18	9.97	-666.00	309.72	285.25	708.35	7307.27
1474002668.0 100 154422.98	1001.81	19.77	-24.84	0.00	230.18	10.22	-666.00	309.72	285.25	708.35	7307.27
1474002669.0 100 154422.98	1002.23	19.39	-24.84	0.00	231.48	9.71	-666.00	309.60	344.01	708.35	7307.27
1474002670.0 100 154422.98	1001.40	19.58	-24.84	0.00	227.60	10.89	-666.00	309.66	344.01	708.35	7307.27
1474002671.0 100 154422.98	1001.81	19.77	-24.84	0.00	227.60	11.28	-666.00	309.66	473.68	708.35	7307.27
1474002671.0 100 154422.98	1000.57	19.77	-24.68	0.00	225.04	10.68	-666.00	309.60	344.01	708.35	7307.27
1474002672.0 100 154422.98	1001.81	19.77	-25.00	0.00	230.18	9.13	-666.00	309.89	0.00	708.35	7307.27
1474002673.0 100 154422.98	1001.81	19.77	-25.00	0.00	223.76	8.08	-666.00	309.77	344.01	708.35	7307.27
1474002673.0 100 154422.98	1001.81	19.77	-24.84	0.00	223.76	9.43	-666.00	309.60	473.68	708.35	7307.27
1474002674.0 100 154422.98	1001.81	19.77	-25.00	0.00	230.18	11.09	-666.00	309.72	0.00	708.35	7307.27
1474002675.0 100 154422.98	1001.40	19.58	-24.68	0.00	231.48	8.81	-666.00	309.43	473.68	708.35	7307.27
1474002676.0 100 154422.98	1001.81	19.77	-24.84	0.00	223.76	12.72	-666.00	309.43	473.68	708.35	7307.27
1474002676.0 100 154422.98	1001.81	19.77	-24.84	0.00	231.48	10.45	-666.00	309.89	473.68	708.35	7307.27
1474002677.0 100 154422.98	1001.81	19.77	-24.84	0.00	226.32	13.46	-666.00	309.72	473.68	708.35	7307.27
1474002678.0 100 154422.98	1002.64	19.58	-24.84	0.00	223.76	9.97	-666.00	309.49	473.68	708.35	7307.27
1474002679.0 100 154422.98	1000.57	19.77	-24.84	0.00	223.76	5.45	-666.00	309.55	344.01	708.35	7307.27
1474002679.0 100 154422.98	1001.81	19.77	-24.68	0.00	223.76	9.13	-666.00	309.66	473.68	708.35	7307.27
                                                                                                                                                                                                                                                                                                                                                                                                                                                                                                                                                                                                                                                                                                                                                                                                                                                                                                                                                                                                                                                                                                                                                                                                                                                                                                                                                                                                                                                                                                                                                                                                                                                                                                                                                                                                                                                                                                                                                                                                                                                                                                                                                                                                                                                                                                                                                                     