1461880503.0 215446.92	998.67	23.50	93.04	219.41	208.80	-0.00	0.00	308.87	0.00	708.35	7307.28
1461880504.0 215446.92	998.67	23.50	93.20	217.65	206.36	-0.00	0.00	308.76	0.00	708.35	7307.28
1461880505.0 215446.92	997.42	23.50	93.20	217.65	206.36	-0.00	0.00	308.76	0.00	708.35	7307.28
1461880506.0 215446.92	998.67	23.50	92.88	221.16	208.80	-0.00	0.00	308.87	0.00	708.35	7307.28
1461880507.0 215446.92	999.92	23.50	92.09	222.92	213.72	-0.00	0.00	309.10	0.00	708.35	7307.28
1461880508.0 215446.92	998.67	23.50	92.88	219.41	208.80	-0.00	0.00	308.87	0.00	708.35	7307.28
1461880509.0 215446.92	998.67	23.50	92.56	221.16	211.25	-0.00	0.00	308.98	0.00	708.35	7307.28
1461880510.0 215446.92	997.02	23.32	92.72	221.16	210.02	-0.00	0.00	308.93	0.00	708.35	7307.28
1461880511.0 215446.92	998.27	23.32	93.04	219.41	207.58	-0.00	0.00	308.87	0.00	708.35	7307.28
1461880512.0 215446.92	999.07	23.69	93.20	219.41	206.36	-0.00	0.00	308.87	0.00	708.35	7307.28
1461880513.0 215446.92	997.42	23.50	92.25	222.92	213.72	-0.00	0.00	309.10	0.00	708.35	7307.28
1461880514.0 215446.92	998.27	23.32	93.20	219.41	206.36	-0.00	0.00	308.76	0.00	708.35	7307.28
1461880515.0 215446.92	999.07	23.69	92.72	221.16	208.80	-0.00	0.00	308.93	0.00	708.35	7307.28
1461880516.0 215446.92	998.27	23.32	93.20	219.41	206.36	-0.00	0.00	308.82	0.00	708.35	7307.28
1461880517.0 215446.92	998.27	23.32	93.20	219.41	206.36	-0.00	0.00	308.76	0.00	708.35	7307.28
1461880518.0 215446.92	997.42	23.50	92.56	221.16	211.25	-0.00	0.00	309.04	0.00	708.35	7307.28
1461880519.0 215446.92	997.42	23.50	92.72	221.16	210.02	-0.00	0.00	308.87	0.00	708.35	7307.28
1461880519.0 215446.92	998.27	23.32	92.72	221.16	210.02	-0.00	0.00	308.93	0.00	708.35	7307.28
1461880520.0 215446.92	998.67	23.50	92.56	221.16	210.02	-0.00	0.00	308.93	0.00	708.35	7307.28
1461880521.0 215446.92	998.67	23.50	92.56	221.16	211.25	-0.00	0.00	308.93	0.00	708.35	7307.28
1461880522.0 215446.92	998.67	23.50	92.56	222.92	212.48	-0.00	0.00	308.98	0.00	708.35	7307.28
1461880523.0 215446.92	998.67	23.50	92.72	221.16	210.02	-0.00	0.00	308.93	0.00	708.35	7307.28
1461880524.0 215446.92	998.67	23.50	92.88	221.16	210.02	-0.00	0.00	308.87	0.00	708.35	7307.28
1461880525.0 215446.92	998.27	23.32	93.20	219.41	206.36	-0.00	0.00	308.82	0.00	708.35	7307.28
1461880526.0 215446.92	997.42	23.50	93.20	219.41	206.36	-0.00	0.00	308.82	0.00	708.35	7307.28
1461880527.0 215446.92	998.27	23.32	92.56	222.92	211.25	-0.00	0.00	308.98	0.00	708.35	7307.28
1461880528.0 215446.92	997.02	23.32	92.88	219.41	206.36	-0.00	0.00	308.93	0.00	708.35	7307.28
1461880529.0 215446.92	999.92	23.50	93.20	219.41	206.36	-2.33	0.00	308.76	0.00	708.35	7307.28
1461880530.0 215446.92	998.67	23.50	93.35	219.41	207.58	-0.00	0.00	308.76	0.00	708.35	7307.28
1461880531.0 215446.92	1000.32	23.69	93.20	219.41	207.58	-0.00	0.00	308.82	0.00	708.35	7307.28
1461880532.0 215446.92	998.27	23.32	92.56	222.92	211.25	-0.00	0.00	308.98	0.00	708.35	7307.28
1461880533.0 215446.92	998.67	23.50	92.72	221.16	210.02	-2.33	0.00	308.93	0.00	708.35	7307.28
1461880534.0 215446.92	998.67	23.50	93.20	219.41	206.36	-0.00	0.00	308.76	0.00	708.35	7307.28
1461880535.0 215446.92	997.42	23.50	93.20	219.41	206.36	-0.00	0.00	308.76	0.00	708.35	7307.28
1461880536.0 215446.92	997.42	23.50	93.20	217.65	206.36	-0.00	0.00	308.76	0.00	708.35	7307.28
1461880537.0 215446.92	997.42	23.50	92.09	224.67	214.96	-0.00	0.00	309.10	0.00	708.35	7307.28
1461880538.0 215446.92	998.67	23.50	92.72	222.92	210.02	-0.00	0.00	308.93	0.00	708.35	7307.28
1461880539.0 215446.92	998.27	23.32	93.04	221.16	207.58	-2.33	0.00	308.76	0.00	708.35	7307.28
1461880540.0 215446.92	997.42	23.50	93.04	221.16	207.58	-0.00	0.00	308.76	0.00	708.35	7307.28
1461880541.0 215446.92	998.67	23.50	91.93	224.67	216.20	-0.00	0.00	309.15	0.00	708.35	7307.28
1461880542.0 215446.92	998.27	23.32	92.72	222.92	211.25	-0.00	0.00	308.93	0.00	708.35	7307.28
1461880543.0 215446.92	998.67	23.50	92.72	222.92	211.25	-0.00	0.00	308.98	0.00	708.35	7307.28
1461880544.0 215446.92	998.67	23.50	92.72	222.92	210.02	-0.00	0.00	308.93	0.00	708.35	7307.28
1461880545.0 215446.92	1000.76	23.32	93.04	221.16	207.58	-0.00	0.00	308.82	0.00	708.35	7307.28
1461880546.0 215446.92	998.67	23.50	92.72	222.92	208.80	-0.00	0.00	308.87	0.00	708.35	7307.28
1461880547.0 215446.92	997.42	23.50	92.56	222.92	211.25	-0.00	0.00	308.98	0.00	708.35	7307.28
1461880548.0 215446.92	998.67	23.50	92.88	222.92	208.80	-0.00	0.00	308.93	0.00	708.35	7307.28
1461880549.0 215446.92	997.42	23.50	92.72	221.16	210.02	-0.00	0.00	308.93	0.00	708.35	7307.28
1461880550.0 215446.92	998.67	23.50	93.20	221.16	206.36	-0.00	0.00	308.76	0.00	708.35	7307.28
1461880551.0 215446.92	998.67	23.50	93.20	221.16	206.36	-0.00	0.00	308.76	0.00	708.35	7307.28
1461880552.0 215446.92	999.07	23.69	92.56	224.67	211.25	-0.00	0.00	308.93	0.00	708.35	7307.28
1461880553.0 215446.92	997.42	23.50	92.56	224.67	210.02	-0.00	0.00	308.87	0.00	708.35	7307.28
1461880554.0 215446.92	997.02	23.32	92.88	222.92	211.25	-0.00	0.00	308.87	0.00	708.35	7307.28
1461880555.0 215446.92	997.82	23.69	91.30	224.67	213.72	-2.33	0.00	309.04	0.00	708.35	7307.28
1461880556.0 215446.92	998.67	23.50	92.88	222.92	210.02	-2.33	0.00	308.87	0.00	708.35	7307.28
1461880557.0 215446.92	998.67	23.50	92.56	222.92	211.25	-0.00	0.00	309.04	0.00	708.35	7307.28
1461880558.0 215446.92	999.07	23.69	92.88	222.92	210.02	-0.00	0.00	308.87	0.00	708.35	7307.28
1461880559.0 215446.92	999.07	23.69	93.04	221.16	207.58	-0.00	0.00	308.76	0.00	708.35	7307.28
1461880560.0 215446.92	997.42	23.50	93.20	219.41	207.58	-0.00	0.00	308.76	0.00	708.35	7307.28
1461880561.0 215446.92	998.67	23.50	93.04	221.16	206.36	-2.33	0.00	308.76	0.00	708.35	7307.28
1461880562.0 215446.92	998.67	23.50	92.25	226.43	213.72	-0.00	0.00	309.04	0.00	708.35	7307.28
1461880563.0 215446.92	997.42	23.50	92.88	222.92	208.80	-0.00	0.00	308.87	0.00	708.35	7307.28
1461880564.0 215446.92	997.42	23.50	92.88	222.92	208.80	-0.00	0.00	308.87	0.00	708.35	7307.28
1461880565.0 215446.92	999.07	23.69	93.04	222.92	207.58	-0.00	0.00	308.82	0.00	708.35	7307.28
1461880566.0 215446.92	998.67	23.50	93.20	221.16	207.58	-0.00	0.00	308.76	0.00	708.35	7307.28
1461880567.0 215446.92	998.67	23.50	92.56	224.67	211.25	-0.00	0.00	308.98	0.00	708.35	7307.28
1461880568.0 215446.92	997.82	23.69	93.20	221.16	207.58	-0.00	0.00	308.82	0.00	708.35	7307.28
1461880569.0 215446.92	998.67	23.50	92.72	222.92	208.80	-0.00	0.00	308.93	0.00	708.35	7307.28
1461880570.0 215446.92	998.67	23.50	92.72	222.92	208.80	-0.00	0.00	308.87	0.00	708.35	7307.28
1461880571.0 215446.92	999.07	23.69	93.20	221.16	206.36	-0.00	0.00	308.76	0.00	708.35	7307.28
1461880572.0 215446.92	996.17	23.50	93.20	221.16	206.36	-0.00	0.00	308.82	0.00	708.35	7307.28
1461880573.0 215446.92	999.07	23.69	92.41	222.92	211.25	-0.00	0.00	308.98	0.00	708.35	7307.28
1461880574.0 215446.92	998.67	23.50	92.41	224.67	212.48	-0.00	0.00	309.10	0.00	708.35	7307.28
1461880575.0 215446.92	998.67	23.50	92.41	224.67	212.48	-0.00	0.00	309.10	0.00	708.35	7307.28
1461880576.0 215446.92	998.67	23.50	92.72	222.92	210.02	-0.00	0.00	308.93	0.00	708.35	7307.28
1461880577.0 215446.92	999.07	23.69	93.04	222.92	207.58	-0.00	0.00	308.82	0.00	708.35	7307.28
1461880578.0 215446.92	997.82	23.69	92.56	224.67	211.25	-0.00	0.00	308.98	0.00	708.35	7307.28
1461880578.0 215446.92	998.27	23.32	93.20	221.16	206.36	-0.00	0.00	308.76	0.00	708.35	7307.28
1461880579.0 215446.92	998.67	23.50	92.72	222.92	210.02	-0.00	0.00	308.87	0.00	708.35	7307.28
1461880580.0 215446.92	997.42	23.50	93.20	222.92	206.36	-0.00	0.00	308.76	0.00	708.35	7307.28
1461880581.0 215446.92	998.67	23.50	93.20	222.92	206.36	-2.33	0.00	308.82	0.00	708.35	7307.28
1461880582.0 215446.92	998.67	23.50	92.56	224.67	211.25	-0.00	0.00	308.93	0.00	708.35	7307.28
1461880583.0 215446.92	999.07	23.69	92.72	224.67	210.02	-0.00	0.00	308.98	0.00	708.35	7307.28
1461880584.0 215446.92	997.82	23.69	93.20	221.16	206.36	-0.00	0.00	308.76	0.00	708.35	7307.28
1461880585.0 215446.92	998.67	23.50	93.04	221.16	206.36	-0.00	0.00	308.76	0.00	708.35	7307.28
1461880586.0 215446.92	997.42	23.50	93.20	221.16	206.36	-0.00	0.00	308.76	0.00	708.35	7307.28
1461880587.0 215446.92	998.27	23.32	92.72	224.67	211.25	-2.33	0.00	308.93	0.00	708.35	7307.28
1461880588.0 215446.92	998.67	23.50	92.88	224.67	208.80	-2.33	0.00	308.93	0.00	708.35	7307.28
1461880589.0 215446.92	998.27	23.32	92.72	224.67	210.02	-0.00	0.00	308.93	0.00	708.35	7307.28
1461880590.0 215446.92	999.07	23.69	92.72	222.92	210.02	-0.00	0.00	308.93	0.00	708.35	7307.28
1461880591.0 215446.92	999.07	23.69	93.04	222.92	207.58	-0.00	0.00	308.82	0.00	708.35	7307.28
1461880592.0 215446.92	997.82	23.69	92.56	224.67	210.02	-0.00	0.00	308.93	0.00	708.35	7307.28
1461880593.0 215446.92	997.82	23.69	93.20	221.16	207.58	-0.00	0.00	308.76	0.00	708.35	7307.28
1461880594.0 215446.92	998.67	23.50	92.72	222.92	210.02	-0.00	0.00	308.93	0.00	708.35	7307.28
1461880595.0 215446.92	999.07	23.69	92.88	221.16	206.36	-0.00	0.00	308.87	0.00	708.35	7307.28
1461880596.0 215446.92	998.67	23.50	92.88	222.92	208.80	-0.00	0.00	308.87	0.00	708.35	7307.28
1461880597.0 215446.92	997.42	23.50	92.56	224.67	211.25	-0.00	0.00	308.98	0.00	708.35	7307.28
1461880598.0 215446.92	998.67	23.50	92.88	222.92	208.80	-2.33	0.00	308.87	0.00	708.35	7307.28
1461880599.0 215446.92	997.42	23.50	93.20	222.92	207.58	-2.33	0.00	308.76	0.00	708.35	7307.28
1461880600.0 215446.92	996.57	23.69	92.72	222.92	208.80	-0.00	0.00	308.93	0.00	708.35	7307.28
1461880601.0 215446.92	998.67	23.50	93.20	221.16	206.36	-0.00	0.00	308.76	0.00	708.35	7307.28
1461880602.0 215446.92	999.07	23.69	92.25	226.43	213.72	-0.00	0.00	309.10	0.00	708.35	7307.28
1461880603.0 215446.92	998.67	23.50	93.04	222.92	208.80	-2.33	0.00	308.82	0.00	708.35	7307.28
1461880604.0 215446.92	999.07	23.69	92.72	224.67	210.02	-0.00	0.00	308.98	0.00	708.35	7307.28
1461880605.0 215446.92	997.82	23.69	92.72	224.67	210.02	-0.00	0.00	308.98	0.00	708.35	7307.28
1461880606.0 215446.92	997.82	23.69	93.04	222.92	207.58	-0.00	0.00	308.82	0.00	708.35	7307.28
1461880607.0 215446.92	997.82	23.69	92.56	224.67	211.25	-0.00	0.00	308.93	0.00	708.35	7307.28
1461880608.0 215446.92	998.67	23.50	92.72	224.67	210.02	-0.00	0.00	308.98	0.00	708.35	7307.28
1461880609.0 215446.92	997.42	23.50	92.56	224.67	210.02	-0.00	0.00	308.98	0.00	708.35	7307.28
1461880610.0 215446.92	997.82	23.69	92.72	224.67	210.02	-0.00	0.00	308.93	0.00	708.35	7307.28
1461880611.0 215446.92	997.82	23.69	92.56	224.67	211.25	-0.00	0.00	308.98	0.00	708.35	7307.28
1461880612.0 215446.92	998.67	23.50	92.72	224.67	211.25	-0.00	0.00	308.93	0.00	708.35	7307.28
1461880613.0 215446.92	997.82	23.69	92.72	222.92	208.80	-2.33	0.00	308.93	0.00	708.35	7307.28
1461880614.0 215446.92	999.07	23.69	93.20	222.92	206.36	-0.00	0.00	308.82	0.00	708.35	7307.28
1461880615.0 215446.92	997.82	23.69	93.20	224.67	210.02	2.44	0.00	308.82	0.00	708.35	7307.28
1461880616.0 215446.92	998.22	23.88	93.20	221.16	206.36	-2.33	0.00	308.76	0.00	708.35	7307.28
1461880617.0 215446.92	997.82	23.69	92.09	226.43	213.72	-0.00	0.00	309.10	0.00	708.35	7307.28
1461880618.0 215446.92	999.07	23.69	92.88	224.67	210.02	-0.00	0.00	308.87	0.00	708.35	7307.28
1461880619.0 215446.92	999.07	23.69	92.72	222.92	210.02	-0.00	0.00	308.93	0.00	708.35	7307.28
1461880620.0 215446.92	997.82	23.69	93.20	224.67	206.36	-0.00	0.00	308.76	0.00	708.35	7307.28
1461880621.0 215446.92	998.67	23.50	92.41	224.67	211.25	-0.00	0.00	308.98	0.00	708.35	7307.28
1461880622.0 215446.92	998.67	23.50	92.41	224.67	210.02	-0.00	0.00	308.98	0.00	708.35	7307.28
1461880623.0 215446.92	998.67	23.50	92.88	222.92	208.80	-0.00	0.00	308.93	0.00	708.35	7307.28
1461880624.0 215446.92	999.07	23.69	92.88	224.67	210.02	-0.00	0.00	308.87	0.00	708.35	7307.28
1461880625.0 215446.92	999.07	23.69	92.72	224.67	210.02	-0.00	0.00	308.87	0.00	708.35	7307.28
1461880626.0 215446.92	998.67	23.50	92.88	222.92	210.02	-0.00	0.00	308.93	0.00	708.35	7307.28
1461880627.0 215446.92	998.67	23.50	92.56	222.92	208.80	-0.00	0.00	308.98	0.00	708.35	7307.28
1461880628.0 215446.92	997.82	23.69	92.56	224.67	211.25	-0.00	0.00	308.98	0.00	708.35	7307.28
1461880629.0 215446.92	998.67	23.50	92.72	224.67	210.02	-0.00	0.00	308.93	0.00	708.35	7307.28
1461880630.0 215446.92	998.27	23.32	92.88	224.67	208.80	-0.00	0.00	308.87	0.00	708.35	7307.28
1461880631.0 215446.92	999.07	23.69	93.35	221.16	205.15	-0.00	0.00	308.76	0.00	708.35	7307.28
1461880632.0 215446.92	996.57	23.69	93.04	221.16	206.36	-0.00	0.00	308.82	0.00	708.35	7307.28
1461880633.0 215446.92	999.07	23.69	92.56	224.67	211.25	-0.00	0.00	308.98	0.00	708.35	7307.28
1461880634.0 215446.92	999.07	23.69	92.72	224.67	208.80	-0.00	0.00	308.87	0.00	708.35	7307.28
1461880635.0 215446.92	999.07	23.69	92.88	222.92	210.02	-0.00	0.00	308.93	0.00	708.35	7307.28
1461880636.0 215446.92	997.82	23.69	93.20	221.16	206.36	-0.00	0.00	308.76	0.00	708.35	7307.28
1461880637.0 215446.92	997.42	23.50	92.88	226.43	208.80	-0.00	0.00	308.87	0.00	708.35	7307.28
1461880637.0 215446.92	999.07	23.69	91.93	226.43	213.72	-0.00	0.00	309.15	0.00	708.35	7307.28
1461880638.0 215446.92	997.82	23.69	92.72	222.92	210.02	-0.00	0.00	308.93	0.00	708.35	7307.28
1461880639.0 215446.92	997.42	23.50	92.72	222.92	210.02	-2.33	0.00	308.93	0.00	708.35	7307.28
1461880640.0 215446.92	998.67	23.50	92.88	224.67	208.80	-0.00	0.00	308.93	0.00	708.35	7307.28
1461880641.0 215446.92	998.67	23.50	93.20	222.92	206.36	-0.00	0.00	308.76	0.00	708.35	7307.28
1461880642.0 215446.92	998.67	23.50	92.41	226.43	212.48	-0.00	0.00	309.10	0.00	708.35	7307.28
1461880643.0 215446.92	998.67	23.50	92.25	226.43	213.72	-0.00	0.00	309.10	0.00	708.35	7307.28
1461880644.0 215446.92	997.82	23.69	92.72	226.43	211.25	-0.00	0.00	308.93	0.00	708.35	7307.28
1461880645.0 215446.92	997.42	23.50	92.09	226.43	214.96	-0.00	0.00	309.15	0.00	708.35	7307.28
1461880646.0 215446.92	997.82	23.69	92.25	226.43	213.72	-0.00	0.00	309.10	0.00	708.35	7307.28
1461880647.0 215446.92	997.82	23.69	92.56	224.67	211.25	-0.00	0.00	309.04	0.00	708.35	7307.28
1461880648.0 215446.92	997.82	23.69	92.25	226.43	213.72	-0.00	0.00	309.15	0.00	708.35	7307.28
1461880649.0 215446.92	998.67	23.50	92.25	226.43	214.96	-2.33	0.00	309.04	0.00	708.35	7307.28
1461880650.0 215446.92	997.42	23.50	92.25	226.43	213.72	-0.00	0.00	309.15	0.00	708.35	7307.28
1461880651.0 215446.92	997.42	23.50	92.09	228.18	213.72	-0.00	0.00	309.10	0.00	708.35	7307.28
1461880652.0 215446.92	998.67	23.50	92.72	224.67	211.25	-0.00	0.00	308.98	0.00	708.35	7307.28
1461880653.0 215446.92	999.07	23.69	92.09	226.43	213.72	-0.00	0.00	309.10	0.00	708.35	7307.28
1461880654.0 215446.92	999.07	23.69	92.56	226.43	211.25	-0.00	0.00	308.93	0.00	708.35	7307.28
1461880655.0 215446.92	998.67	23.50	92.09	226.43	214.96	-0.00	0.00	309.10	0.00	708.35	7307.28
1461880656.0 215446.92	997.42	23.50	92.56	224.67	211.25	-0.00	0.00	308.98	0.00	708.35	7307.28
1461880657.0 215446.92	998.67	23.50	92.56	224.67	211.25	-2.33	0.00	308.93	0.00	708.35	7307.28
1461880658.0 215446.92	997.42	23.50	92.56	224.67	210.02	-0.00	0.00	308.98	0.00	708.35	7307.28
1461880659.0 215446.92	998.67	23.50	92.25	226.43	213.72	-0.00	0.00	309.10	0.00	708.35	7307.28
1461880660.0 215446.92	998.67	23.50	92.56	224.67	211.25	-0.00	0.00	308.98	0.00	708.35	7307.28
1461880661.0 215446.92	997.42	23.50	92.56	226.43	210.02	-0.00	0.00	308.98	0.00	708.35	7307.28
1461880662.0 215446.92	998.67	23.50	92.25	226.43	213.72	-0.00	0.00	309.10	0.00	708.35	7307.28
1461880663.0 215446.92	998.67	23.50	92.56	224.67	211.25	-0.00	0.00	308.93	0.00	708.35	7307.28
1461880664.0 215446.92	997.87	23.13	92.25	226.43	213.72	-0.00	0.00	309.10	0.00	708.35	7307.28
1461880665.0 215446.92	997.42	23.50	92.56	224.67	212.48	-0.00	0.00	308.98	0.00	708.35	7307.28
1461880666.0 215446.92	998.67	23.50	92.09	226.43	213.72	-0.00	0.00	309.10	0.00	708.35	7307.28
1461880667.0 215446.92	998.67	23.50	92.09	224.67	211.25	-0.00	0.00	309.10	0.00	708.35	7307.28
1461880668.0 215446.92	998.67	23.50	90.66	226.43	213.72	-0.00	0.00	309.10	0.00	708.35	7307.28
1461880669.0 215446.92	998.27	23.32	92.56	224.67	211.25	-0.00	0.00	308.98	0.00	708.35	7307.28
1461880670.0 215446.92	997.42	23.50	92.72	224.67	210.02	-0.00	0.00	308.98	0.00	708.35	7307.28
1461880671.0 215446.92	998.67	23.50	92.25	226.43	213.72	-0.00	0.00	309.10	0.00	708.35	7307.28
1461880672.0 215446.92	999.07	23.69	92.25	228.18	214.96	-0.00	0.00	309.10	0.00	708.35	7307.28
1461880673.0 215446.92	997.42	23.50	92.09	226.43	213.72	-0.00	0.00	309.15	0.00	708.35	7307.28
1461880674.0 215446.92	997.02	23.32	92.25	228.18	213.72	-2.33	0.00	309.04	0.00	708.35	7307.28
1461880675.0 215446.92	997.82	23.69	92.72	224.67	210.02	-0.00	0.00	308.98	0.00	708.35	7307.28
1461880676.0 215446.92	998.67	23.50	92.56	224.67	211.25	-0.00	0.00	308.98	0.00	708.35	7307.28
1461880677.0 215446.92	998.67	23.50	92.09	226.43	213.72	-2.33	0.00	309.04	0.00	708.35	7307.28
1461880678.0 215446.92	998.67	23.50	92.25	228.18	213.72	-2.33	0.00	309.10	0.00	708.35	7307.28
1461880679.0 215446.92	998.67	23.50	92.09	228.18	214.96	-0.00	0.00	309.10	0.00	708.35	7307.28
1461880680.0 215446.92	998.67	23.50	92.25	228.18	213.72	-2.33	0.00	309.10	0.00	708.35	7307.28
1461880681.0 215446.92	997.42	23.50	92.25	226.43	213.72	-0.00	0.00	309.15	0.00	708.35	7307.28
1461880682.0 215446.92	997.42	23.50	92.09	226.43	213.72	-0.00	0.00	309.10	0.00	708.35	7307.28
1461880683.0 215446.92	998.67	23.50	92.25	226.43	213.72	-0.00	0.00	309.10	0.00	708.35	7307.28
1461880684.0 215446.92	998.67	23.50	92.09	228.18	214.96	-0.00	0.00	309.10	0.00	708.35	7307.28
1461880685.0 215446.92	998.67	23.50	92.09	226.43	213.72	-0.00	0.00	309.10	0.00	708.35	7307.28
1461880686.0 215446.92	997.42	23.50	92.25	228.18	212.48	-0.00	0.00	309.10	0.00	708.35	7307.28
1461880687.0 215446.92	998.67	23.50	92.09	226.43	214.96	-0.00	0.00	309.10	0.00	708.35	7307.28
1461880688.0 215446.92	998.27	23.32	92.56	224.67	211.25	-0.00	0.00	309.04	0.00	708.35	7307.28
1461880689.0 215446.92	999.52	23.32	92.56	224.67	211.25	-0.00	0.00	308.98	0.00	708.35	7307.28
1461880690.0 215446.92	998.67	23.50	92.56	224.67	211.25	-0.00	0.00	308.98	0.00	708.35	7307.28
1461880691.0 215446.92	998.27	23.32	92.25	226.43	213.72	-0.00	0.00	309.10	0.00	708.35	7307.28
1461880692.0 215446.92	998.67	23.50	92.09	226.43	214.96	-2.33	0.00	309.10	0.00	708.35	7307.28
1461880693.0 215446.92	998.67	23.50	92.25	228.18	214.96	-0.00	0.00	309.10	0.00	708.35	7307.28
1461880694.0 215446.92	997.42	23.50	92.56	226.43	211.25	-0.00	0.00	308.98	0.00	708.35	7307.28
1461880695.0 215446.92	998.27	23.32	92.25	226.43	213.72	-0.00	0.00	309.10	0.00	708.35	7307.28
1461880696.0 215446.92	997.87	23.13	92.09	228.18	213.72	-0.00	0.00	309.10	0.00	708.35	7307.28
1461880696.0 215446.92	999.07	23.69	92.56	226.43	212.48	-0.00	0.00	308.93	0.00	708.35	7307.28
1461880697.0 215446.92	998.67	23.50	92.09	226.43	214.96	-0.00	0.00	309.10	0.00	708.35	7307.28
1461880698.0 215446.92	998.67	23.50	92.72	226.43	211.25	-0.00	0.00	308.98	0.00	708.35	7307.28
1461880699.0 215446.92	998.67	23.50	92.56	224.67	211.25	-0.00	0.00	308.98	0.00	708.35	7307.28
1461880700.0 215446.92	999.07	23.69	92.56	224.67	210.02	-0.00	0.00	308.93	0.00	708.35	7307.28
1461880701.0 215446.92	998.67	23.50	92.56	224.67	210.02	-0.00	0.00	308.98	0.00	708.35	7307.28
1461880702.0 215446.92	998.27	23.32	92.25	226.43	213.72	-0.00	0.00	309.04	0.00	708.35	7307.28
1461880703.0 215446.92	998.27	23.32	92.09	226.43	214.96	-0.00	0.00	309.10	0.00	708.35	7307.28
1461880704.0 215446.92	998.27	23.32	92.09	226.43	213.72	-0.00	0.00	309.10	0.00	708.35	7307.28
1461880705.0 215446.92	998.67	23.50	92.56	226.43	211.25	-0.00	0.00	308.98	0.00	708.35	7307.28
1461880706.0 215446.92	998.67	23.50	92.56	222.92	210.02	-0.00	0.00	308.98	0.00	708.35	7307.28
1461880707.0 215446.92	998.27	23.32	92.09	226.43	213.72	-0.00	0.00	309.10	0.00	708.35	7307.28
1461880708.0 215446.92	997.02	23.32	92.25	228.18	213.72	-0.00	0.00	309.04	0.00	708.35	7307.28
1461880709.0 215446.92	998.67	23.50	92.25	226.43	213.72	-0.00	0.00	309.15	0.00	708.35	7307.28
1461880710.0 215446.92	998.67	23.50	92.25	226.43	213.72	-0.00	0.00	309.10	0.00	708.35	7307.28
1461880711.0 215446.92	997.42	23.50	92.56	224.67	211.25	-0.00	0.00	308.98	0.00	708.35	7307.28
1461880712.0 215446.92	998.27	23.32	92.25	226.43	213.72	-0.00	0.00	309.10	0.00	708.35	7307.28
1461880713.0 215446.92	998.27	23.32	92.09	228.18	213.72	-0.00	0.00	309.10	0.00	708.35	7307.28
1461880714.0 215446.92	999.07	23.69	92.09	228.18	213.72	-0.00	0.00	309.10	0.00	708.35	7307.28
1461880715.0 215446.92	998.67	23.50	92.56	224.67	211.25	-0.00	0.00	308.98	0.00	708.35	7307.28
1461880716.0 215446.92	998.27	23.32	92.56	224.67	211.25	-0.00	0.00	308.98	0.00	708.35	7307.28
1461880717.0 215446.92	998.67	23.50	92.56	226.43	211.25	-0.00	0.00	308.98	0.00	708.35	7307.28
1461880718.0 215446.92	999.07	23.69	92.72	224.67	210.02	-0.00	0.00	308.98	0.00	708.35	7307.28
1461880719.0 215446.92	999.07	23.69	92.25	226.43	213.72	-0.00	0.00	309.10	0.00	708.35	7307.28
1461880720.0 215446.92	997.82	23.69	92.56	224.67	211.25	-0.00	0.00	308.93	0.00	708.35	7307.28
1461880721.0 215446.92	997.42	23.50	92.56	226.43	211.25	-0.00	0.00	308.98	0.00	708.35	7307.28
1461880722.0 215446.92	998.67	23.50	92.25	226.43	213.72	-0.00	0.00	309.04	0.00	708.35	7307.28
1461880723.0 215446.92	997.42	23.50	92.72	224.67	211.25	-0.00	0.00	309.04	0.00	708.35	7307.28
1461880724.0 215446.92	998.67	23.50	92.56	224.67	211.25	-0.00	0.00	308.98	0.00	708.35	7307.28
1461880725.0 215446.92	998.67	23.50	92.56	224.67	210.02	-0.00	0.00	309.04	0.00	708.35	7307.28
1461880726.0 215446.92	998.67	23.50	93.04	222.92	207.58	-0.00	0.00	308.82	0.00	708.35	7307.28
1461880727.0 215446.92	998.67	23.50	92.72	224.67	211.25	-0.00	0.00	308.93	0.00	708.35	7307.28
1461880728.0 215446.92	998.67	23.50	93.04	222.92	207.58	-0.00	0.00	308.82	0.00	708.35	7307.28
1461880729.0 215446.92	998.67	23.50	92.88	224.67	210.02	-0.00	0.00	308.87	0.00	708.35	7307.28
1461880730.0 215446.92	998.67	23.50	92.72	226.43	211.25	-2.33	0.00	308.93	0.00	708.35	7307.28
1461880731.0 215446.92	998.67	23.50	92.56	224.67	211.25	-0.00	0.00	308.98	0.00	708.35	7307.28
1461880732.0 215446.92	999.07	23.69	92.56	226.43	211.25	-2.33	0.00	308.93	0.00	708.35	7307.28
1461880733.0 215446.92	998.67	23.50	92.41	226.43	212.48	-0.00	0.00	309.04	0.00	708.35	7307.28
1461880734.0 215446.92	997.02	23.32	92.41	226.43	211.25	-2.33	0.00	308.98	0.00	708.35	7307.28
1461880735.0 215446.92	998.67	23.50	92.56	226.43	210.02	-2.33	0.00	308.93	0.00	708.35	7307.28
1461880736.0 215446.92	997.42	23.50	93.04	222.92	206.36	-0.00	0.00	308.76	0.00	708.35	7307.28
1461880737.0 215446.92	999.07	23.69	93.20	222.92	206.36	-2.33	0.00	308.70	0.00	708.35	7307.28
1461880738.0 215446.92	999.07	23.69	92.88	226.43	208.80	0.68	0.00	308.87	0.00	708.35	7307.28
1461880739.0 215446.92	997.42	23.50	92.88	224.67	210.02	-0.00	0.00	308.93	0.00	708.35	7307.28
1461880740.0 215446.92	997.42	23.50	92.56	226.43	211.25	-0.00	0.00	308.93	0.00	708.35	7307.28
1461880741.0 215446.92	999.07	23.69	93.20	224.67	206.36	-2.33	0.00	308.76	0.00	708.35	7307.28
1461880742.0 215446.92	999.07	23.69	93.35	222.92	206.36	-0.00	0.00	308.76	0.00	708.35	7307.28
1461880743.0 215446.92	997.82	23.69	92.72	224.67	210.02	-0.00	0.00	308.87	0.00	708.35	7307.28
1461880744.0 215446.92	998.67	23.50	92.72	224.67	208.80	-0.00	0.00	308.93	0.00	708.35	7307.28
1461880745.0 215446.92	998.67	23.50	92.56	224.67	210.02	-0.00	0.00	308.98	0.00	708.35	7307.28
1461880746.0 215446.92	998.67	23.50	92.09	228.18	213.72	-0.00	0.00	309.10	0.00	708.35	7307.28
1461880747.0 215446.92	999.07	23.69	92.72	224.67	208.80	-0.00	0.00	308.87	0.00	708.35	7307.28
1461880748.0 215446.92	998.67	23.50	89.87	224.67	210.02	-0.00	0.00	308.93	0.00	708.35	7307.28
1461880749.0 215446.92	998.67	23.50	92.88	224.67	210.02	-0.00	0.00	308.93	0.00	708.35	7307.28
1461880750.0 215446.92	999.07	23.69	92.72	224.67	210.02	-0.00	0.00	308.87	0.00	708.35	7307.28
1461880751.0 215446.92	998.67	23.50	92.25	228.18	213.72	-0.00	0.00	309.10	0.00	708.35	7307.28
1461880752.0 215446.92	999.07	23.69	92.25	226.43	213.72	-0.00	0.00	309.10	0.00	708.35	7307.28
1461880753.0 215446.92	998.67	23.50	92.41	228.18	212.48	-0.00	0.00	309.04	0.00	708.35	7307.28
1461880754.0 215446.92	998.67	23.50	92.25	226.43	212.48	-0.00	0.00	309.04	0.00	708.35	7307.28
1461880755.0 215446.92	999.07	23.69	92.41	226.43	211.25	-0.00	0.00	308.98	0.00	708.35	7307.28
1461880755.0 215446.92	999.07	23.69	92.09	228.18	213.72	-0.00	0.00	309.15	0.00	708.35	7307.28
1461880756.0 215446.92	998.67	23.50	92.72	226.43	208.80	-0.00	0.00	308.87	0.00	708.35	7307.28
1461880757.0 215446.92	998.67	23.50	92.72	224.67	210.02	-0.00	0.00	308.93	0.00	708.35	7307.28
1461880758.0 215446.92	999.07	23.69	92.88	224.67	208.80	-0.00	0.00	308.93	0.00	708.35	7307.28
1461880759.0 215446.92	999.07	23.69	92.72	224.67	210.02	-0.00	0.00	308.93	0.00	708.35	7307.28
1461880760.0 215446.92	998.67	23.50	92.25	226.43	214.96	-0.00	0.00	309.10	0.00	708.35	7307.28
1461880761.0 215446.92	997.42	23.50	92.41	226.43	211.25	-0.00	0.00	309.04	0.00	708.35	7307.28
1461880762.0 215446.92	998.67	23.50	92.41	226.43	211.25	-2.33	0.00	308.98	0.00	708.35	7307.28
1461880763.0 215446.92	998.67	23.50	92.41	226.43	212.48	-0.00	0.00	309.04	0.00	708.35	7307.28
1461880764.0 215446.92	999.07	23.69	92.56	224.67	210.02	-0.00	0.00	308.93	0.00	708.35	7307.28
1461880765.0 215446.92	997.42	23.50	92.56	224.67	212.48	-0.00	0.00	308.98	0.00	708.35	7307.28
1461880766.0 215446.92	998.67	23.50	92.88	224.67	210.02	-0.00	0.00	308.87	0.00	708.35	7307.28
1461880767.0 215446.92	997.82	23.69	92.72	224.67	211.25	-0.00	0.00	308.93	0.00	708.35	7307.28
1461880768.0 215446.92	998.67	23.50	92.88	224.67	208.80	-0.00	0.00	308.87	0.00	708.35	7307.28
1461880769.0 215446.92	999.92	23.50	92.72	224.67	210.02	-0.00	0.00	308.93	0.00	708.35	7307.28
1461880770.0 215446.92	999.07	23.69	92.25	226.43	212.48	-0.00	0.00	309.10	0.00	708.35	7307.28
1461880771.0 215446.92	999.07	23.69	92.72	224.67	210.02	-0.00	0.00	308.98	0.00	708.35	7307.28
1461880772.0 215446.92	999.07	23.69	92.72	226.43	211.25	-0.00	0.00	308.93	0.00	708.35	7307.28
1461880773.0 215446.92	999.07	23.69	92.72	224.67	210.02	-0.00	0.00	308.93	0.00	708.35	7307.28
1461880774.0 215446.92	999.07	23.69	93.20	222.92	206.36	-0.00	0.00	308.76	0.00	708.35	7307.28
1461880775.0 215446.92	998.27	23.32	92.56	224.67	212.48	-0.00	0.00	308.98	0.00	708.35	7307.28
1461880776.0 215446.92	998.67	23.50	93.04	222.92	206.36	-0.00	0.00	308.76	0.00	708.35	7307.28
1461880777.0 215446.92	998.67	23.50	93.04	222.92	207.58	-0.00	0.00	308.76	0.00	708.35	7307.28
1461880778.0 215446.92	998.67	23.50	92.72	224.67	210.02	-0.00	0.00	308.93	0.00	708.35	7307.28
1461880779.0 215446.92	997.82	23.69	92.72	224.67	210.02	-0.00	0.00	308.93	0.00	708.35	7307.28
1461880780.0 215446.92	999.07	23.69	92.25	226.43	213.72	-0.00	0.00	309.10	0.00	708.35	7307.28
1461880781.0 215446.92	997.42	23.50	92.41	226.43	212.48	-0.00	0.00	309.10	0.00	708.35	7307.28
1461880782.0 215446.92	997.42	23.50	92.25	228.18	213.72	-0.00	0.00	309.04	0.00	708.35	7307.28
1461880783.0 215446.92	997.42	23.50	92.41	226.43	212.48	-0.00	0.00	309.04	0.00	708.35	7307.28
1461880784.0 215446.92	998.67	23.50	92.72	224.67	210.02	-0.00	0.00	308.93	0.00	708.35	7307.28
1461880785.0 215446.92	998.67	23.50	92.25	226.43	214.96	-0.00	0.00	309.15	0.00	708.35	7307.28
1461880786.0 215446.92	998.67	23.50	92.56	224.67	210.02	-0.00	0.00	308.93	0.00	708.35	7307.28
1461880787.0 215446.92	999.07	23.69	93.20	222.92	207.58	-0.00	0.00	308.76	0.00	708.35	7307.28
1461880788.0 215446.92	999.07	23.69	93.20	221.16	206.36	-0.00	0.00	308.76	0.00	708.35	7307.28
1461880789.0 215446.92	997.42	23.50	92.72	224.67	208.80	-0.00	0.00	308.93	0.00	708.35	7307.28
1461880790.0 215446.92	997.42	23.50	92.25	226.43	214.96	-0.00	0.00	309.10	0.00	708.35	7307.28
1461880791.0 215446.92	997.42	23.50	92.72	224.67	210.02	-0.00	0.00	308.98	0.00	708.35	7307.28
1461880792.0 215446.92	999.07	23.69	93.20	221.16	206.36	-0.00	0.00	308.82	0.00	708.35	7307.28
1461880793.0 215446.92	998.67	23.50	92.88	224.67	211.25	-0.00	0.00	308.93	0.00	708.35	7307.28
1461880794.0 215446.92	998.67	23.50	92.72	224.67	210.02	-2.33	0.00	308.87	0.00	708.35	7307.28
1461880795.0 215446.92	999.07	23.69	92.41	224.67	210.02	-0.00	0.00	308.98	0.00	708.35	7307.28
1461880796.0 215446.92	997.82	23.69	93.04	222.92	207.58	-0.00	0.00	308.76	0.00	708.35	7307.28
1461880797.0 215446.92	998.67	23.50	92.72	224.67	208.80	-0.00	0.00	308.93	0.00	708.35	7307.28
1461880798.0 215446.92	997.82	23.69	92.88	224.67	210.02	-2.33	0.00	308.87	0.00	708.35	7307.28
1461880799.0 215446.92	997.82	23.69	92.72	222.92	210.02	-0.00	0.00	308.87	0.00	708.35	7307.28
1461880800.0 215446.92	997.82	23.69	92.25	228.18	212.48	-0.00	0.00	309.10	0.00	708.35	7307.28
