1456779460.0 205720.46	999.38	28.55	58.70	0.00	202.74	6.12	0.00	308.59	0.00	708.34	7307.27
1456779461.0 205720.46	1001.04	28.74	58.07	0.00	201.55	-0.00	0.00	308.59	0.00	708.34	7307.27
1456779462.0 205720.46	1000.65	28.55	58.54	0.00	201.55	-0.00	0.00	308.59	0.00	708.34	7307.27
1456779463.0 205720.46	998.12	28.55	58.70	0.00	203.95	-2.33	0.00	308.54	0.00	708.34	7307.27
1456779464.0 205720.46	999.78	28.74	58.70	0.00	206.36	-2.33	0.00	308.76	0.00	708.34	7307.27
1456779465.0 205720.46	999.38	28.55	58.54	0.00	206.36	-0.00	0.00	308.76	0.00	708.34	7307.27
1456779466.0 205720.46	999.38	28.55	58.86	0.00	203.95	-2.33	0.00	308.65	0.00	708.34	7307.27
1456779467.0 205720.46	999.38	28.55	58.86	0.00	205.15	4.66	0.00	308.59	0.00	708.34	7307.27
1456779468.0 205720.46	998.99	28.36	58.23	0.00	203.95	0.68	0.00	308.54	0.00	708.34	7307.27
1456779469.0 205720.46	999.78	28.74	58.39	0.00	201.55	0.68	0.00	308.54	0.00	708.34	7307.27
1456779470.0 205720.46	999.38	28.55	58.39	0.00	206.36	-2.33	0.00	308.76	0.00	708.34	7307.27
1456779471.0 205720.46	1000.65	28.55	58.39	0.00	205.15	-2.33	0.00	308.70	0.00	708.34	7307.27
1456779472.0 205720.46	1001.04	28.74	58.07	0.00	205.15	-0.00	0.00	308.70	0.00	708.34	7307.27
1456779473.0 205720.46	999.78	28.74	58.54	0.00	205.15	-2.33	0.00	308.70	0.00	708.34	7307.27
1456779474.0 205720.46	999.38	28.55	58.70	0.00	202.74	0.68	0.00	308.54	0.00	708.34	7307.27
1456779475.0 205720.46	999.38	28.55	58.54	0.00	208.80	4.66	0.00	308.87	0.00	708.34	7307.27
1456779476.0 205720.46	999.78	28.74	57.44	0.00	202.74	-0.00	0.00	308.54	0.00	708.34	7307.27
1456779477.0 205720.46	999.78	28.74	58.39	0.00	205.15	-0.00	0.00	308.65	0.00	708.34	7307.27
1456779478.0 205720.46	999.78	28.74	58.07	0.00	201.55	-0.00	0.00	308.54	0.00	708.34	7307.27
1456779479.0 205720.46	999.38	28.55	57.91	0.00	201.55	-2.33	0.00	308.54	0.00	708.34	7307.27
1456779480.0 205720.46	999.78	28.74	58.07	0.00	206.36	-2.33	0.00	308.76	0.00	708.34	7307.27
1456779481.0 205720.46	999.38	28.55	57.59	0.00	203.95	-2.33	0.00	308.70	0.00	708.34	7307.27
1456779482.0 205720.46	1000.65	28.55	58.07	0.00	205.15	6.12	0.00	308.82	0.00	708.34	7307.27
1456779483.0 205720.46	1000.65	28.55	57.91	0.00	203.95	-2.33	0.00	308.70	0.00	708.34	7307.27
1456779484.0 205720.46	999.38	28.55	58.23	0.00	203.95	-0.00	0.00	308.65	0.00	708.34	7307.27
1456779485.0 205720.46	998.99	28.36	57.75	0.00	203.95	-2.33	0.00	308.70	0.00	708.34	7307.27
1456779486.0 205720.46	999.38	28.55	58.07	0.00	202.74	-0.00	0.00	308.54	0.00	708.34	7307.27
1456779487.0 205720.46	998.12	28.55	58.39	0.00	201.55	-2.33	0.00	308.65	0.00	708.34	7307.27
1456779488.0 205720.46	999.78	28.74	58.23	0.00	201.55	7.21	0.00	308.54	0.00	708.34	7307.27
1456779489.0 205720.46	999.78	28.74	58.70	0.00	201.55	-0.00	0.00	308.54	0.00	708.34	7307.27
1456779490.0 205720.46	999.78	28.74	58.07	0.00	205.15	7.67	0.00	308.76	0.00	708.34	7307.27
1456779491.0 205720.46	998.52	28.74	58.07	0.00	205.15	-0.00	0.00	308.70	0.00	708.34	7307.27
1456779492.0 205720.46	998.99	28.36	57.75	0.00	205.15	-0.00	0.00	308.70	0.00	708.34	7307.27
1456779493.0 205720.46	999.38	28.55	58.07	0.00	203.95	-2.33	0.00	308.70	0.00	708.34	7307.27
1456779494.0 205720.46	999.38	28.55	57.75	0.00	205.15	0.68	0.00	308.70	0.00	708.34	7307.27
1456779495.0 205720.46	999.38	28.55	57.91	0.00	210.02	-0.00	0.00	308.98	473.68	708.34	7307.27
1456779496.0 205720.46	999.78	28.74	57.75	0.00	205.15	6.12	0.00	308.70	0.00	708.34	7307.27
1456779497.0 205720.46	999.38	28.55	58.23	0.00	205.15	-2.33	0.00	308.65	473.68	708.34	7307.27
1456779498.0 205720.46	999.38	28.55	57.28	0.00	205.15	-2.33	0.00	308.76	0.00	708.34	7307.27
1456779499.0 205720.46	999.38	28.55	58.07	0.00	201.55	-0.00	0.00	308.54	0.00	708.34	7307.27
1456779500.0 205720.46	999.78	28.74	57.59	0.00	208.80	0.68	0.00	308.93	0.00	708.34	7307.27
1456779501.0 205720.46	999.78	28.74	58.07	0.00	205.15	5.45	0.00	308.65	0.00	708.34	7307.27
1456779502.0 205720.46	999.38	28.55	57.12	0.00	205.15	-0.00	0.00	308.70	0.00	708.34	7307.27
1456779503.0 205720.46	999.38	28.55	56.65	0.00	203.95	-0.00	0.00	308.70	0.00	708.34	7307.27
1456779504.0 205720.46	999.38	28.55	57.91	0.00	201.55	-2.33	101.78	308.54	0.00	708.34	7307.27
1456779505.0 205720.46	999.78	28.74	58.23	0.00	205.15	-0.00	101.78	308.70	0.00	708.34	7307.27
1456779506.0 205720.46	999.38	28.55	58.23	0.00	205.15	-2.33	101.78	308.70	0.00	708.34	7307.27
1456779507.0 205720.46	999.78	28.74	57.75	0.00	201.55	3.69	101.78	308.48	0.00	708.34	7307.27
1456779508.0 205720.46	999.38	28.55	57.28	0.00	201.55	0.68	101.78	308.59	0.00	708.34	7307.27
1456779509.0 205720.46	999.38	28.55	54.27	0.00	201.55	-0.00	101.78	308.54	0.00	708.34	7307.27
1456779510.0 205720.46	999.78	28.74	57.91	0.00	205.15	-0.00	101.78	308.70	0.00	708.34	7307.27
1456779511.0 205720.46	999.78	28.74	59.18	0.00	201.55	-2.33	101.78	308.54	0.00	708.34	7307.27
1456779512.0 205720.46	999.78	28.74	57.75	0.00	202.74	0.68	101.78	308.54	0.00	708.34	7307.27
1456779512.0 205720.46	998.52	28.74	57.28	0.00	202.74	-2.33	101.78	308.59	0.00	708.34	7307.27
1456779513.0 205720.46	999.38	28.55	57.28	0.00	202.74	-0.00	76.34	308.54	0.00	708.34	7307.27
1456779514.0 205720.46	999.38	28.55	58.07	0.00	205.15	-2.33	76.34	308.70	0.00	708.34	7307.27
1456779515.0 205720.46	999.78	28.74	57.44	0.00	202.74	-0.00	76.34	308.54	0.00	708.34	7307.27
1456779516.0 205720.46	999.78	28.74	57.28	0.00	202.74	2.44	76.34	308.59	0.00	708.34	7307.27
1456779517.0 205720.46	999.78	28.74	57.28	0.00	205.15	2.44	76.34	308.76	0.00	708.34	7307.27
1456779518.0 205720.46	1001.04	28.74	62.03	0.00	203.95	-2.33	76.34	308.70	0.00	708.34	7307.27
1456779519.0 205720.46	999.78	28.74	57.59	0.00	206.36	-0.00	76.34	308.76	0.00	708.34	7307.27
1456779520.0 205720.46	998.52	28.74	57.44	0.00	201.55	-0.00	76.34	308.54	0.00	708.34	7307.27
1456779521.0 205720.46	999.78	28.74	58.07	0.00	206.36	-2.33	76.34	308.70	0.00	708.34	7307.27
1456779522.0 205720.46	999.78	28.74	57.59	0.00	205.15	-0.00	76.34	308.70	0.00	708.34	7307.27
1456779523.0 205720.46	999.78	28.74	58.23	0.00	205.15	-0.00	76.34	308.70	0.00	708.34	7307.27
1456779524.0 205720.46	999.78	28.74	57.44	0.00	212.48	2.44	76.34	309.27	0.00	708.34	7307.27
1456779525.0 205720.46	998.52	28.74	57.75	0.00	208.80	4.66	76.34	308.87	0.00	708.34	7307.27
1456779526.0 205720.46	999.38	28.55	57.75	0.00	205.15	-2.33	50.89	308.65	0.00	708.34	7307.27
1456779527.0 205720.46	999.38	28.55	57.44	0.00	200.35	-2.33	50.89	308.54	473.68	708.34	7307.27
1456779528.0 205720.46	999.78	28.74	57.91	0.00	202.74	0.68	50.89	308.59	0.00	708.34	7307.27
1456779529.0 205720.46	999.78	28.74	58.54	0.00	201.55	-2.33	50.89	308.54	0.00	708.34	7307.27
1456779530.0 205720.46	999.78	28.74	58.23	0.00	206.36	-0.00	50.89	308.70	0.00	708.34	7307.27
1456779531.0 205720.46	1001.04	28.74	57.75	0.00	202.74	-0.00	50.89	308.54	0.00	708.34	7307.27
1456779532.0 205720.46	999.38	28.55	57.75	0.00	202.74	-0.00	50.89	308.59	0.00	708.34	7307.27
1456779533.0 205720.46	999.78	28.74	57.91	0.00	205.15	-0.00	50.89	308.65	0.00	708.34	7307.27
1456779534.0 205720.46	999.78	28.74	57.91	0.00	205.15	-0.00	50.89	308.70	0.00	708.34	7307.27
1456779535.0 205720.46	999.78	28.74	57.75	0.00	203.95	-0.00	50.89	308.70	0.00	708.34	7307.27
1456779536.0 205720.46	999.38	28.55	57.44	0.00	202.74	2.44	50.89	308.48	0.00	708.34	7307.27
1456779537.0 205720.46	999.38	28.55	57.91	0.00	201.55	2.44	50.89	308.59	0.00	708.34	7307.27
1456779538.0 205720.46	999.38	28.55	56.65	0.00	205.15	2.44	50.89	308.54	0.00	708.34	7307.27
1456779539.0 205720.46	999.38	28.55	57.59	0.00	201.55	0.68	50.89	308.48	0.00	708.34	7307.27
1456779540.0 205720.46	999.38	28.55	57.75	0.00	207.58	-0.00	50.89	308.76	0.00	708.34	7307.27
1456779541.0 205720.46	999.38	28.55	57.59	0.00	201.55	-0.00	50.89	308.54	0.00	708.34	7307.27
1456779542.0 205720.46	999.78	28.74	54.27	0.00	201.55	-0.00	50.89	308.59	0.00	708.34	7307.27
1456779543.0 205720.46	999.38	28.55	58.07	0.00	203.95	5.45	50.89	308.70	0.00	708.34	7307.27
1456779544.0 205720.46	999.78	28.74	57.75	0.00	205.15	3.69	25.45	308.70	0.00	708.34	7307.27
1456779545.0 205720.46	1000.18	28.93	57.75	0.00	208.80	-2.33	25.45	308.82	0.00	708.34	7307.27
1456779546.0 205720.46	999.38	28.55	57.91	0.00	205.15	-0.00	25.45	308.70	0.00	708.34	7307.27
1456779547.0 205720.46	999.78	28.74	57.59	0.00	205.15	0.68	25.45	308.65	0.00	708.34	7307.27
1456779548.0 205720.46	999.38	28.55	58.23	0.00	205.15	-0.00	25.45	308.70	0.00	708.34	7307.27
1456779549.0 205720.46	999.78	28.74	58.23	0.00	205.15	0.68	25.45	308.70	0.00	708.34	7307.27
1456779550.0 205720.46	999.78	28.74	57.59	0.00	212.48	6.12	25.45	309.04	0.00	708.34	7307.27
1456779551.0 205720.46	999.78	28.74	58.07	0.00	205.15	2.44	25.45	308.65	0.00	708.34	7307.27
1456779552.0 205720.46	999.78	28.74	57.91	0.00	205.15	-0.00	25.45	308.70	0.00	708.34	7307.27
1456779553.0 205720.46	999.78	28.74	57.75	0.00	201.55	-0.00	25.45	308.65	0.00	708.34	7307.27
1456779554.0 205720.46	998.99	28.36	58.07	0.00	203.95	-0.00	25.45	308.54	0.00	708.34	7307.27
1456779555.0 205720.46	999.38	28.55	57.91	0.00	208.80	-2.33	25.45	308.93	0.00	708.34	7307.27
1456779556.0 205720.46	999.78	28.74	57.28	0.00	205.15	-0.00	25.45	308.76	0.00	708.34	7307.27
1456779557.0 205720.46	999.38	28.55	57.91	0.00	205.15	-0.00	25.45	308.70	0.00	708.34	7307.27
1456779558.0 205720.46	999.78	28.74	58.07	0.00	205.15	0.68	25.45	308.70	0.00	708.34	7307.27
1456779559.0 205720.46	999.78	28.74	58.07	0.00	203.95	-0.00	25.45	308.65	0.00	708.34	7307.27
1456779560.0 205720.46	999.38	28.55	57.75	0.00	210.02	-0.00	25.45	308.93	0.00	708.34	7307.27
1456779561.0 205720.46	999.78	28.74	57.44	0.00	205.15	4.66	25.45	308.65	0.00	708.34	7307.27
1456779562.0 205720.46	999.78	28.74	57.75	0.00	201.55	-2.33	25.45	308.54	473.68	708.34	7307.27
1456779563.0 205720.46	999.78	28.74	58.07	0.00	201.55	-2.33	25.45	308.54	0.00	708.34	7307.27
1456779564.0 205720.46	999.38	28.55	57.91	0.00	202.74	2.44	25.45	308.59	0.00	708.34	7307.27
1456779565.0 205720.46	999.38	28.55	57.91	0.00	210.02	-2.33	25.45	308.93	0.00	708.34	7307.27
1456779566.0 205720.46	999.78	28.74	57.75	0.00	205.15	-0.00	25.45	308.76	0.00	708.34	7307.27
1456779567.0 205720.46	999.38	28.55	57.59	0.00	205.15	-0.00	25.45	308.70	0.00	708.34	7307.27
1456779568.0 205720.46	999.78	28.74	58.07	0.00	201.55	-0.00	25.45	308.54	0.00	708.34	7307.27
1456779568.0 205720.46	999.78	28.74	57.75	0.00	202.74	-0.00	25.45	308.59	0.00	708.34	7307.27
1456779569.0 205720.46	999.78	28.74	57.44	0.00	206.36	-0.00	0.00	308.82	0.00	708.34	7307.27
1456779570.0 205720.46	999.38	28.55	58.54	0.00	201.55	3.69	0.00	308.54	0.00	708.34	7307.27
1456779571.0 205720.46	998.99	28.36	57.75	0.00	201.55	3.69	0.00	308.59	0.00	708.34	7307.27
1456779572.0 205720.46	999.38	28.55	57.59	0.00	205.15	-0.00	0.00	308.70	0.00	708.34	7307.27
1456779573.0 205720.46	999.78	28.74	57.91	0.00	201.55	-0.00	0.00	308.59	0.00	708.34	7307.27
1456779574.0 205720.46	999.78	28.74	58.23	0.00	210.02	-0.00	0.00	308.87	0.00	708.34	7307.27
1456779575.0 205720.46	999.78	28.74	55.06	0.00	206.36	-0.00	25.45	308.76	0.00	708.34	7307.27
1456779576.0 205720.46	1000.65	28.55	58.70	0.00	205.15	-2.33	25.45	308.65	0.00	708.34	7307.27
1456779577.0 205720.46	999.78	28.74	57.91	0.00	205.15	7.67	25.45	308.70	0.00	708.34	7307.27
1456779578.0 205720.46	998.99	28.36	58.39	0.00	205.15	-0.00	25.45	308.70	473.68	708.34	7307.27
1456779579.0 205720.46	999.38	28.55	58.54	0.00	205.15	-0.00	25.45	308.76	0.00	708.34	7307.27
1456779580.0 205720.46	999.38	28.55	58.07	0.00	201.55	-0.00	25.45	308.54	0.00	708.34	7307.27
1456779581.0 205720.46	999.38	28.55	58.39	0.00	202.74	0.68	25.45	308.54	0.00	708.34	7307.27
1456779582.0 205720.46	998.12	28.55	58.23	0.00	201.55	4.66	25.45	308.54	0.00	708.34	7307.27
1456779583.0 205720.46	999.38	28.55	57.91	0.00	202.74	-2.33	25.45	308.54	0.00	708.34	7307.27
1456779584.0 205720.46	999.78	28.74	58.54	0.00	203.95	-0.00	25.45	308.76	0.00	708.34	7307.27
1456779585.0 205720.46	999.78	28.74	58.54	0.00	206.36	-0.00	25.45	308.76	0.00	708.34	7307.27
1456779586.0 205720.46	999.78	28.74	57.91	0.00	201.55	-0.00	25.45	308.59	0.00	708.34	7307.27
1456779587.0 205720.46	1001.04	28.74	58.39	0.00	202.74	-0.00	25.45	308.54	0.00	708.34	7307.27
1456779588.0 205720.46	999.78	28.74	58.86	0.00	201.55	3.69	25.45	308.59	0.00	708.34	7307.27
1456779589.0 205720.46	999.78	28.74	58.07	0.00	201.55	6.12	25.45	308.59	0.00	708.34	7307.27
1456779590.0 205720.46	999.38	28.55	57.75	0.00	207.58	-0.00	25.45	308.76	0.00	708.34	7307.27
1456779591.0 205720.46	998.12	28.55	58.23	0.00	201.55	-2.33	25.45	308.54	0.00	708.34	7307.27
1456779592.0 205720.46	999.38	28.55	58.23	0.00	202.74	-2.33	25.45	308.59	0.00	708.34	7307.27
1456779593.0 205720.46	999.78	28.74	58.23	0.00	201.55	-2.33	25.45	308.54	0.00	708.34	7307.27
1456779594.0 205720.46	999.78	28.74	58.07	0.00	201.55	-0.00	25.45	308.54	0.00	708.34	7307.27
1456779595.0 205720.46	999.38	28.55	58.70	0.00	205.15	5.45	25.45	308.76	0.00	708.34	7307.27
1456779596.0 205720.46	999.78	28.74	58.07	0.00	202.74	0.68	25.45	308.59	0.00	708.34	7307.27
1456779597.0 205720.46	999.78	28.74	58.07	0.00	203.95	2.44	25.45	308.65	0.00	708.34	7307.27
1456779598.0 205720.46	1000.65	28.55	57.91	0.00	206.36	3.69	0.00	308.76	473.68	708.34	7307.27
1456779599.0 205720.46	999.38	28.55	57.91	0.00	203.95	-0.00	0.00	308.70	0.00	708.34	7307.27
1456779600.0 205720.46	999.78	28.74	58.07	0.00	206.36	-0.00	0.00	308.76	0.00	708.34	7307.27
