1457552964.0 194904.35	999.31	29.11	-24.84	300.09	199.16	-0.00	4503.82	308.42	0.00	708.34	7307.27
1457552965.0 194904.35	999.31	29.11	-24.68	296.58	197.98	-0.00	4427.48	308.31	0.00	708.34	7307.27
1457552966.0 194904.35	1000.57	29.11	-24.84	294.83	195.62	-0.00	4351.14	308.31	0.00	708.34	7307.27
1457552967.0 194904.35	999.31	29.11	-24.84	298.33	196.79	-0.00	4274.81	308.37	0.00	708.34	7307.27
1457552968.0 194904.35	1000.10	29.49	-24.68	298.33	200.35	-0.00	4173.03	308.48	0.00	708.34	7307.27
1457552969.0 194904.35	999.70	29.30	-24.68	296.58	197.98	-0.00	4096.69	308.37	0.00	708.34	7307.27
1457552970.0 194904.35	999.31	29.11	-24.68	294.83	195.62	-0.00	4020.36	308.31	0.00	708.34	7307.27
1457552971.0 194904.35	999.70	29.30	-24.68	296.58	199.16	-0.00	3944.02	308.42	0.00	708.34	7307.27
1457552972.0 194904.35	1000.57	29.11	-24.68	293.07	195.62	-0.00	3867.68	308.31	0.00	708.34	7307.27
1457552973.0 194904.35	999.70	29.30	-24.68	298.33	200.35	-0.00	3791.35	308.54	0.00	708.34	7307.27
1457552974.0 194904.35	999.70	29.30	-24.68	294.83	196.79	-0.00	3715.01	308.31	0.00	708.34	7307.27
1457552975.0 194904.35	998.04	29.11	-24.84	294.83	200.35	-2.33	3638.68	308.42	0.00	708.34	7307.27
1457552976.0 194904.35	998.44	29.30	-24.68	294.83	199.16	-0.00	3587.79	308.42	0.00	708.34	7307.27
1457552977.0 194904.35	1000.10	29.49	-24.84	294.83	199.16	-2.33	3511.45	308.48	0.00	708.34	7307.27
1457552978.0 194904.35	999.31	29.11	-24.84	294.83	199.16	-0.00	3460.56	308.48	0.00	708.34	7307.27
1457552979.0 194904.35	999.31	29.11	-24.84	294.83	200.35	-0.00	3384.22	308.54	0.00	708.34	7307.27
1457552980.0 194904.35	999.70	29.30	-24.68	289.57	196.79	-0.00	3307.89	308.31	0.00	708.34	7307.27
1457552981.0 194904.35	998.44	29.30	-24.68	289.57	195.62	-0.00	3257.00	308.25	0.00	708.34	7307.27
1457552982.0 194904.35	998.91	28.93	-24.68	289.57	196.79	-0.00	3180.66	308.31	0.00	708.34	7307.27
1457552983.0 194904.35	998.04	29.11	-24.84	291.32	197.98	-0.00	3129.77	308.42	0.00	708.34	7307.27
1457552984.0 194904.35	999.31	29.11	-24.84	293.07	200.35	-0.00	3053.44	308.54	0.00	708.34	7307.27
1457552985.0 194904.35	998.91	28.93	-24.68	289.57	197.98	-0.00	3002.54	308.37	0.00	708.34	7307.27
1457552986.0 194904.35	1000.18	28.93	-24.68	289.57	196.79	-0.00	2951.65	308.37	0.00	708.34	7307.27
1457552987.0 194904.35	998.91	28.93	-24.68	291.32	199.16	-0.00	2900.76	308.48	0.00	708.34	7307.27
1457552988.0 194904.35	998.04	29.11	-24.68	287.81	195.62	-0.00	2849.87	308.31	0.00	708.34	7307.27
1457552989.0 194904.35	998.04	29.11	-24.68	291.32	201.55	-0.00	2798.98	308.54	0.00	708.34	7307.27
1457552990.0 194904.35	998.91	28.93	-24.68	287.81	196.79	-0.00	2722.65	308.31	0.00	708.34	7307.27
1457552991.0 194904.35	999.31	29.11	-24.84	286.06	195.62	-0.00	2671.76	308.31	0.00	708.34	7307.27
1457552992.0 194904.35	999.31	29.11	-24.84	286.06	196.79	-0.00	2620.87	308.37	0.00	708.34	7307.27
1457552993.0 194904.35	998.04	29.11	-24.84	286.06	196.79	-0.00	2569.97	308.31	0.00	708.34	7307.27
1457552994.0 194904.35	1000.97	29.30	-24.68	287.81	201.55	-0.00	2519.08	308.54	0.00	708.34	7307.27
1457552995.0 194904.35	1000.57	29.11	-24.68	286.06	199.16	-0.00	2468.19	308.42	0.00	708.34	7307.27
1457552996.0 194904.35	998.04	29.11	-24.68	284.31	196.79	-0.00	2442.75	308.31	0.00	708.34	7307.27
1457552997.0 194904.35	998.84	29.49	-24.68	282.55	196.79	-0.00	2391.86	308.31	0.00	708.34	7307.27
1457552998.0 194904.35	999.31	29.11	-24.68	284.31	200.35	-0.00	2340.97	308.48	0.00	708.34	7307.27
1457552999.0 194904.35	998.04	29.11	-24.84	289.57	202.74	-0.00	2290.08	308.65	0.00	708.34	7307.27
1457553000.0 194904.35	999.31	29.11	-24.84	287.81	203.95	-0.00	2264.63	308.65	0.00	708.34	7307.27
1457553001.0 194904.35	999.70	29.30	-24.84	286.06	202.74	-0.00	2213.74	308.70	0.00	708.34	7307.27
1457553002.0 194904.35	999.70	29.30	-24.84	287.81	202.74	-0.00	2162.85	308.59	0.00	708.34	7307.27
1457553003.0 194904.35	1000.10	29.49	-24.68	284.31	201.55	-0.00	2111.96	308.54	0.00	708.34	7307.27
1457553004.0 194904.35	999.31	29.11	-24.68	293.07	205.15	0.68	2086.51	308.82	0.00	708.34	7307.27
1457553005.0 194904.35	997.65	28.93	-24.68	280.80	196.79	-0.00	2035.62	308.31	0.00	708.34	7307.27
1457553006.0 194904.35	1000.57	29.11	-24.68	280.80	199.16	-0.00	2010.18	308.42	0.00	708.34	7307.27
1457553006.0 194904.35	999.31	29.11	-24.68	279.04	196.79	-0.00	1959.29	308.42	0.00	708.34	7307.27
1457553007.0 194904.35	1000.18	28.93	-24.84	282.55	199.16	-0.00	1933.84	308.48	0.00	708.34	7307.27
1457553008.0 194904.35	999.31	29.11	-24.84	284.31	202.74	-0.00	1882.95	308.65	0.00	708.34	7307.27
1457553009.0 194904.35	999.31	29.11	-24.68	277.29	196.79	-0.00	1857.51	308.37	0.00	708.34	7307.27
1457553010.0 194904.35	999.31	29.11	-24.68	279.04	195.62	-0.00	1806.62	308.31	0.00	708.34	7307.27
1457553011.0 194904.35	999.31	29.11	-24.68	277.29	196.79	-0.00	1781.17	308.37	0.00	708.34	7307.27
1457553012.0 194904.35	998.91	28.93	-24.68	275.54	195.62	-0.00	1755.73	308.31	0.00	708.34	7307.27
1457553013.0 194904.35	998.91	28.93	-24.84	284.31	201.55	-0.00	1704.83	308.54	0.00	708.34	7307.27
1457553014.0 194904.35	998.52	28.74	-24.68	275.54	195.62	-0.00	1679.39	308.31	0.00	708.34	7307.27
1457553015.0 194904.35	998.91	28.93	-24.84	275.54	196.79	-0.00	1653.94	308.31	0.00	708.34	7307.27
1457553016.0 194904.35	998.91	28.93	-24.68	275.54	196.79	-0.00	1628.50	308.25	0.00	708.34	7307.27
1457553017.0 194904.35	998.91	28.93	-24.68	275.54	196.79	-0.00	1577.61	308.37	0.00	708.34	7307.27
1457553018.0 194904.35	998.04	29.11	-24.84	282.55	202.74	-0.00	1552.16	308.65	0.00	708.34	7307.27
1457553019.0 194904.35	998.91	28.93	-24.84	277.29	199.16	-0.00	1526.72	308.54	0.00	708.34	7307.27
1457553020.0 194904.35	998.91	28.93	-24.68	275.54	196.79	-0.00	1501.27	308.31	0.00	708.34	7307.27
1457553021.0 194904.35	998.52	28.74	-24.68	273.78	196.79	-0.00	1475.83	308.37	0.00	708.34	7307.27
1457553022.0 194904.35	998.91	28.93	-24.68	273.78	195.62	-0.00	1450.38	308.31	0.00	708.34	7307.27
1457553023.0 194904.35	998.91	28.93	-24.68	275.54	201.55	-0.00	1399.49	308.59	0.00	708.34	7307.27
1457553024.0 194904.35	998.91	28.93	-24.68	273.78	197.98	-0.00	1374.05	308.37	0.00	708.34	7307.27
1457553025.0 194904.35	998.91	28.93	-24.84	273.78	197.98	-0.00	1348.60	308.48	0.00	708.34	7307.27
1457553026.0 194904.35	999.31	29.11	-24.84	272.03	195.62	-0.00	1323.16	308.31	0.00	708.34	7307.27
1457553027.0 194904.35	997.65	28.93	-24.68	272.03	196.79	-0.00	1297.71	308.31	0.00	708.34	7307.27
1457553028.0 194904.35	999.31	29.11	-24.68	272.03	196.79	-0.00	1272.26	308.31	0.00	708.34	7307.27
1457553029.0 194904.35	998.91	28.93	-24.84	275.54	201.55	-0.00	1246.82	308.54	0.00	708.34	7307.27
1457553030.0 194904.35	999.31	29.11	-24.68	273.78	199.16	-0.00	1221.37	308.42	0.00	708.34	7307.27
1457553031.0 194904.35	998.91	28.93	-24.68	270.28	196.79	-0.00	1195.93	308.31	0.00	708.34	7307.27
1457553032.0 194904.35	999.31	29.11	-24.68	270.28	196.79	-0.00	1170.48	308.31	0.00	708.34	7307.27
1457553033.0 194904.35	998.91	28.93	-24.84	273.78	199.16	-0.00	1170.48	308.42	0.00	708.34	7307.27
1457553034.0 194904.35	999.31	29.11	-24.68	273.78	201.55	-0.00	1145.04	308.54	0.00	708.34	7307.27
1457553035.0 194904.35	999.31	29.11	-24.68	270.28	195.62	-0.00	1119.59	308.25	0.00	708.34	7307.27
1457553036.0 194904.35	998.04	29.11	-24.68	270.28	195.62	-0.00	1094.15	308.37	0.00	708.34	7307.27
1457553037.0 194904.35	998.91	28.93	-24.84	270.28	199.16	-0.00	1068.70	308.48	0.00	708.34	7307.27
1457553038.0 194904.35	998.91	28.93	-24.68	268.52	196.79	-0.00	1043.26	308.31	0.00	708.34	7307.27
1457553039.0 194904.35	998.91	28.93	-24.68	273.78	201.55	-0.00	1043.26	308.54	0.00	708.34	7307.27
1457553040.0 194904.35	999.31	29.11	-24.68	268.52	195.62	-0.00	1017.81	308.31	0.00	708.34	7307.27
1457553041.0 194904.35	997.65	28.93	-24.68	268.52	196.79	-0.00	992.37	308.31	0.00	708.34	7307.27
1457553042.0 194904.35	998.04	29.11	-24.68	268.52	196.79	-0.00	966.92	308.31	0.00	708.34	7307.27
1457553043.0 194904.35	998.44	29.30	-24.68	266.77	196.79	-0.00	941.48	308.31	0.00	708.34	7307.27
1457553044.0 194904.35	999.31	29.11	-24.68	272.03	200.35	-0.00	941.48	308.54	0.00	708.34	7307.27
1457553045.0 194904.35	998.91	28.93	-24.84	268.52	196.79	-0.00	916.03	308.31	0.00	708.34	7307.27
1457553046.0 194904.35	999.70	29.30	-24.84	268.52	196.79	-0.00	890.59	308.31	0.00	708.34	7307.27
1457553047.0 194904.35	999.31	29.11	-24.68	266.77	195.62	-0.00	890.59	308.31	0.00	708.34	7307.27
1457553048.0 194904.35	998.91	28.93	-24.68	266.77	196.79	-0.00	865.14	308.31	0.00	708.34	7307.27
1457553049.0 194904.35	999.31	29.11	-24.68	272.03	203.95	-0.00	839.69	308.59	0.00	708.34	7307.27
1457553050.0 194904.35	999.70	29.30	-24.68	266.77	195.62	-0.00	839.69	308.37	0.00	708.34	7307.27
1457553051.0 194904.35	999.31	29.11	-24.84	268.52	199.16	-0.00	814.25	308.48	0.00	708.34	7307.27
1457553052.0 194904.35	999.70	29.30	-24.68	266.77	196.79	-0.00	788.80	308.31	0.00	708.34	7307.27
1457553053.0 194904.35	999.31	29.11	-24.68	265.01	195.62	-0.00	788.80	308.31	0.00	708.34	7307.27
1457553054.0 194904.35	999.70	29.30	-24.68	270.28	201.55	-0.00	763.36	308.54	0.00	708.34	7307.27
1457553055.0 194904.35	1000.97	29.30	-24.68	265.01	196.79	-0.00	763.36	308.37	0.00	708.34	7307.27
1457553056.0 194904.35	999.31	29.11	-24.68	268.52	199.16	-0.00	737.91	308.31	0.00	708.34	7307.27
1457553057.0 194904.35	998.44	29.30	-24.68	265.01	195.62	-0.00	712.47	308.31	0.00	708.34	7307.27
1457553058.0 194904.35	999.31	29.11	-24.68	266.77	196.79	-0.00	712.47	308.31	0.00	708.34	7307.27
1457553058.0 194904.35	999.70	29.30	-24.68	268.52	200.35	-0.00	687.02	308.54	0.00	708.34	7307.27
1457553059.0 194904.35	998.04	29.11	-24.84	265.01	196.79	-0.00	687.02	308.31	0.00	708.34	7307.27
1457553060.0 194904.35	998.91	28.93	-24.68	265.01	195.62	-0.00	661.58	308.31	0.00	708.34	7307.27
1457553061.0 194904.35	999.31	29.11	-24.68	265.01	196.79	-0.00	661.58	308.31	0.00	708.34	7307.27
1457553062.0 194904.35	999.70	29.30	-24.68	265.01	195.62	-0.00	636.13	308.31	0.00	708.34	7307.27
1457553063.0 194904.35	999.31	29.11	-24.84	270.28	200.35	-0.00	636.13	308.54	0.00	708.34	7307.27
1457553064.0 194904.35	998.91	28.93	-24.68	266.77	200.35	-0.00	610.69	308.42	0.00	708.34	7307.27
1457553065.0 194904.35	999.31	29.11	-24.68	265.01	196.79	-0.00	610.69	308.31	0.00	708.34	7307.27
1457553066.0 194904.35	999.70	29.30	-24.84	265.01	195.62	-0.00	585.24	308.31	0.00	708.34	7307.27
1457553067.0 194904.35	998.04	29.11	-24.68	266.77	199.16	-0.00	585.24	308.42	0.00	708.34	7307.27
1457553068.0 194904.35	998.04	29.11	-24.84	268.52	200.35	-0.00	559.80	308.48	0.00	708.34	7307.27
1457553069.0 194904.35	998.91	28.93	-24.84	265.01	197.98	-0.00	559.80	308.31	0.00	708.34	7307.27
1457553070.0 194904.35	998.04	29.11	-24.68	265.01	195.62	-0.00	534.35	308.31	0.00	708.34	7307.27
1457553071.0 194904.35	999.31	29.11	-24.68	266.77	199.16	-0.00	534.35	308.42	0.00	708.34	7307.27
1457553072.0 194904.35	997.65	28.93	-24.68	265.01	196.79	-0.00	534.35	308.31	0.00	708.34	7307.27
1457553073.0 194904.35	998.04	29.11	-24.84	268.52	200.35	-0.00	508.91	308.59	0.00	708.34	7307.27
1457553074.0 194904.35	999.31	29.11	-24.68	266.77	196.79	-0.00	508.91	308.37	0.00	708.34	7307.27
1457553075.0 194904.35	999.31	29.11	-24.68	265.01	197.98	-0.00	483.46	308.31	0.00	708.34	7307.27
1457553076.0 194904.35	998.04	29.11	-24.68	265.01	196.79	-0.00	483.46	308.31	0.00	708.34	7307.27
1457553077.0 194904.35	999.31	29.11	-24.68	265.01	196.79	-0.00	483.46	308.37	0.00	708.34	7307.27
1457553078.0 194904.35	999.31	29.11	-24.68	268.52	200.35	-0.00	458.02	308.54	0.00	708.34	7307.27
1457553079.0 194904.35	999.31	29.11	-24.84	270.28	202.74	-0.00	458.02	308.59	0.00	708.34	7307.27
1457553080.0 194904.35	999.70	29.30	-24.68	266.77	200.35	-0.00	458.02	308.48	0.00	708.34	7307.27
1457553081.0 194904.35	998.91	28.93	-24.68	270.28	199.16	-0.00	432.57	308.42	0.00	708.34	7307.27
1457553082.0 194904.35	999.31	29.11	-24.84	268.52	200.35	-0.00	432.57	308.54	0.00	708.34	7307.27
1457553083.0 194904.35	999.31	29.11	-24.68	266.77	199.16	-0.00	432.57	308.37	0.00	708.34	7307.27
1457553084.0 194904.35	999.70	29.30	-24.68	272.03	203.95	-0.00	407.12	308.65	0.00	708.34	7307.27
1457553085.0 194904.35	999.70	29.30	-24.68	265.01	196.79	-0.00	407.12	308.31	0.00	708.34	7307.27
1457553086.0 194904.35	999.70	29.30	-24.68	266.77	196.79	-0.00	407.12	308.31	0.00	708.34	7307.27
1457553087.0 194904.35	999.70	29.30	-24.84	270.28	200.35	-0.00	381.68	308.42	0.00	708.34	7307.27
1457553088.0 194904.35	998.04	29.11	-24.68	268.52	199.16	-0.00	381.68	308.42	0.00	708.34	7307.27
1457553089.0 194904.35	1000.97	29.30	-24.84	273.78	203.95	-0.00	381.68	308.65	0.00	708.34	7307.27
1457553090.0 194904.35	999.70	29.30	-24.68	270.28	197.98	-0.00	356.23	308.42	0.00	708.34	7307.27
1457553091.0 194904.35	999.70	29.30	-24.84	268.52	199.16	-0.00	356.23	308.54	0.00	708.34	7307.27
1457553092.0 194904.35	999.70	29.30	-24.68	270.28	200.35	-0.00	356.23	308.42	0.00	708.34	7307.27
1457553093.0 194904.35	999.70	29.30	-24.68	268.52	197.98	-0.00	330.79	308.37	0.00	708.34	7307.27
1457553094.0 194904.35	999.70	29.30	-24.84	272.03	201.55	-0.00	330.79	308.59	0.00	708.34	7307.27
1457553095.0 194904.35	998.44	29.30	-24.68	273.78	199.16	-0.00	330.79	308.48	0.00	708.34	7307.27
1457553096.0 194904.35	1000.97	29.30	-24.68	273.78	196.79	-0.00	330.79	308.37	0.00	708.34	7307.27
1457553097.0 194904.35	999.70	29.30	-24.68	277.29	196.79	-0.00	305.34	308.31	0.00	708.34	7307.27
1457553098.0 194904.35	998.04	29.11	-24.68	282.55	199.16	-0.00	305.34	308.48	0.00	708.34	7307.27
1457553099.0 194904.35	998.44	29.30	-24.68	286.06	202.74	-0.00	305.34	308.65	0.00	708.34	7307.27
1457553100.0 194904.35	1000.10	29.49	-24.68	280.80	199.16	-0.00	305.34	308.48	0.00	708.34	7307.27
1457553101.0 194904.35	998.84	29.49	-24.68	275.54	196.79	-2.33	279.90	308.37	0.00	708.34	7307.27
1457553102.0 194904.35	1000.10	29.49	-24.68	273.78	195.62	-0.00	279.90	308.31	0.00	708.34	7307.27
1457553103.0 194904.35	998.84	29.49	-24.84	273.78	195.62	-0.00	279.90	308.42	0.00	708.34	7307.27
1457553104.0 194904.35	1000.10	29.49	-24.84	280.80	203.95	-0.00	279.90	308.70	0.00	708.34	7307.27
1457553105.0 194904.35	999.70	29.30	-24.68	275.54	199.16	-0.00	279.90	308.42	0.00	708.34	7307.27
1457553106.0 194904.35	1000.10	29.49	-24.68	279.04	199.16	-0.00	254.45	308.48	0.00	708.34	7307.27
1457553107.0 194904.35	999.70	29.30	-24.84	280.80	199.16	-0.00	254.45	308.42	0.00	708.34	7307.27
1457553108.0 194904.35	1000.50	29.67	-24.68	280.80	200.35	-0.00	254.45	308.54	0.00	708.34	7307.27
1457553109.0 194904.35	1000.97	29.30	-24.84	286.06	203.95	-0.00	254.45	308.65	0.00	708.34	7307.27
1457553110.0 194904.35	999.23	29.67	-24.84	289.57	200.35	-0.00	229.01	308.54	0.00	708.34	7307.27
1457553111.0 194904.35	998.84	29.49	-24.84	303.59	199.16	-0.00	229.01	308.42	0.00	708.34	7307.27
1457553111.0 194904.35	1000.10	29.49	-24.68	319.37	199.16	-0.00	229.01	308.48	0.00	708.34	7307.27
1457553112.0 194904.35	1000.10	29.49	-24.84	319.37	199.16	-0.00	229.01	308.42	0.00	708.34	7307.27
1457553113.0 194904.35	1000.50	29.67	-24.84	319.37	205.15	-0.00	229.01	308.70	0.00	708.34	7307.27
1457553114.0 194904.35	999.23	29.67	-24.84	317.62	197.98	-0.00	203.56	308.42	0.00	708.34	7307.27
1457553115.0 194904.35	999.23	29.67	-24.84	326.39	200.35	-0.00	203.56	308.48	0.00	708.34	7307.27
1457553116.0 194904.35	999.23	29.67	-24.68	322.88	199.16	-0.00	203.56	308.48	0.00	708.34	7307.27
1457553117.0 194904.35	999.23	29.67	-24.68	322.88	200.35	-0.00	203.56	308.42	0.00	708.34	7307.27
1457553118.0 194904.35	1000.10	29.49	-24.84	321.13	203.95	-0.00	203.56	308.70	0.00	708.34	7307.27
1457553119.0 194904.35	1000.50	29.67	-24.84	303.59	199.16	-0.00	203.56	308.48	0.00	708.34	7307.27
1457553120.0 194904.35	1000.89	29.86	-24.84	296.58	199.16	-2.33	178.12	308.48	0.00	708.34	7307.27
1457553121.0 194904.35	999.23	29.67	-24.84	294.83	200.35	-0.00	178.12	308.48	0.00	708.34	7307.27
1457553122.0 194904.35	1000.50	29.67	-24.68	293.07	197.98	-0.00	178.12	308.42	0.00	708.34	7307.27
1457553123.0 194904.35	999.23	29.67	-24.84	301.84	203.95	-0.00	178.12	308.70	0.00	708.34	7307.27
1457553124.0 194904.35	999.23	29.67	-24.84	300.09	199.16	-0.00	178.12	308.42	0.00	708.34	7307.27
1457553125.0 194904.35	1000.50	29.67	-24.68	308.85	200.35	-0.00	178.12	308.48	0.00	708.34	7307.27
1457553126.0 194904.35	999.23	29.67	-24.84	321.13	197.98	-0.00	178.12	308.42	0.00	708.34	7307.27
1457553127.0 194904.35	1000.50	29.67	-24.84	333.40	200.35	-0.00	152.67	308.48	0.00	708.34	7307.27
1457553128.0 194904.35	999.23	29.67	-24.84	343.92	203.95	-0.00	152.67	308.70	0.00	708.34	7307.27
1457553129.0 194904.35	1000.50	29.67	-24.68	349.18	201.55	-0.00	152.67	308.59	0.00	708.34	7307.27
1457553130.0 194904.35	999.23	29.67	-24.84	357.94	199.16	-0.00	152.67	308.48	0.00	708.34	7307.27
1457553131.0 194904.35	998.84	29.49	-24.68	368.46	199.16	-0.00	152.67	308.48	0.00	708.34	7307.27
1457553132.0 194904.35	999.23	29.67	-24.84	361.45	199.16	-0.00	152.67	308.48	0.00	708.34	7307.27
1457553133.0 194904.35	998.84	29.49	-24.68	350.93	199.16	-0.00	152.67	308.42	0.00	708.34	7307.27
1457553134.0 194904.35	1000.50	29.67	-24.84	366.71	203.95	-0.00	127.23	308.70	0.00	708.34	7307.27
1457553135.0 194904.35	999.23	29.67	-24.68	384.23	197.98	-0.00	127.23	308.42	0.00	708.34	7307.27
1457553136.0 194904.35	998.84	29.49	-24.68	415.78	196.79	-0.00	127.23	308.31	0.00	708.34	7307.27
1457553137.0 194904.35	1000.50	29.67	-24.68	438.55	197.98	-0.00	127.23	308.48	0.00	708.34	7307.27
1457553138.0 194904.35	1000.50	29.67	-24.68	466.58	196.79	-0.00	127.23	308.48	0.00	708.34	7307.27
1457553139.0 194904.35	998.84	29.49	-24.68	505.11	200.35	-0.00	127.23	308.54	0.00	708.34	7307.27
1457553140.0 194904.35	999.23	29.67	-24.68	482.34	200.35	-0.00	127.23	308.54	0.00	708.34	7307.27
1457553141.0 194904.35	999.23	29.67	-24.68	442.06	196.79	-0.00	127.23	308.31	0.00	708.34	7307.27
1457553142.0 194904.35	999.23	29.67	-24.68	403.51	197.98	-0.00	127.23	308.37	0.00	708.34	7307.27
1457553143.0 194904.35	1000.10	29.49	-24.68	359.70	196.79	-0.00	101.78	308.31	0.00	708.34	7307.27
1457553144.0 194904.35	998.44	29.30	-24.68	350.93	201.55	-0.00	101.78	308.54	0.00	708.34	7307.27
1457553145.0 194904.35	998.84	29.49	-24.84	340.41	197.98	-0.00	101.78	308.37	0.00	708.34	7307.27
1457553146.0 194904.35	998.84	29.49	-24.68	336.91	197.98	-0.00	101.78	308.31	0.00	708.34	7307.27
1457553147.0 194904.35	998.84	29.49	-24.84	335.15	196.79	-0.00	101.78	308.31	0.00	708.34	7307.27
1457553148.0 194904.35	1001.36	29.49	-24.68	336.91	196.79	-0.00	101.78	308.31	0.00	708.34	7307.27
1457553149.0 194904.35	999.31	29.11	-24.68	335.15	202.74	-0.00	101.78	308.54	0.00	708.34	7307.27
1457553150.0 194904.35	998.44	29.30	-24.68	329.89	196.79	-0.00	101.78	308.48	0.00	708.34	7307.27
1457553151.0 194904.35	999.31	29.11	-24.84	326.39	196.79	-0.00	101.78	308.31	0.00	708.34	7307.27
1457553152.0 194904.35	998.44	29.30	-24.68	321.13	196.79	-0.00	101.78	308.31	0.00	708.34	7307.27
1457553153.0 194904.35	998.84	29.49	-24.68	319.37	196.79	-0.00	76.34	308.31	0.00	708.34	7307.27
1457553154.0 194904.35	999.70	29.30	-24.84	321.13	201.55	-0.00	76.34	308.54	0.00	708.34	7307.27
1457553155.0 194904.35	998.44	29.30	-24.68	317.62	195.62	-0.00	76.34	308.37	0.00	708.34	7307.27
1457553156.0 194904.35	1000.97	29.30	-24.68	319.37	196.79	-0.00	76.34	308.31	0.00	708.34	7307.27
1457553157.0 194904.35	999.70	29.30	-24.68	321.13	196.79	-0.00	76.34	308.31	0.00	708.34	7307.27
1457553158.0 194904.35	999.70	29.30	-24.68	321.13	196.79	-0.00	76.34	308.31	0.00	708.34	7307.27
1457553159.0 194904.35	998.44	29.30	-24.68	329.89	203.95	-0.00	76.34	308.65	0.00	708.34	7307.27
1457553160.0 194904.35	1000.97	29.30	-24.68	324.63	196.79	-0.00	76.34	308.37	0.00	708.34	7307.27
1457553161.0 194904.35	999.31	29.11	-24.84	326.39	199.16	-0.00	76.34	308.42	0.00	708.34	7307.27
1457553162.0 194904.35	999.31	29.11	-24.68	326.39	200.35	-0.00	76.34	308.48	0.00	708.34	7307.27
1457553163.0 194904.35	997.65	28.93	-24.84	322.88	197.98	-2.33	76.34	308.31	0.00	708.34	7307.27
1457553163.0 194904.35	999.31	29.11	-24.68	329.89	205.15	-0.00	76.34	308.70	0.00	708.34	7307.27
1457553164.0 194904.35	999.31	29.11	-24.68	321.13	196.79	-0.00	76.34	308.31	0.00	708.34	7307.27
1457553165.0 194904.35	998.91	28.93	-24.68	322.88	197.98	-0.00	50.89	308.31	0.00	708.34	7307.27
1457553166.0 194904.35	997.65	28.93	-24.68	328.14	199.16	-0.00	50.89	308.48	0.00	708.34	7307.27
1457553167.0 194904.35	999.31	29.11	-24.84	331.65	199.16	-0.00	50.89	308.48	0.00	708.34	7307.27
1457553168.0 194904.35	998.91	28.93	-24.84	343.92	201.55	-0.00	50.89	308.54	0.00	708.34	7307.27
1457553169.0 194904.35	998.52	28.74	-24.84	361.45	199.16	-0.00	50.89	308.48	0.00	708.34	7307.27
1457553170.0 194904.35	998.91	28.93	-24.68	382.48	196.79	-0.00	50.89	308.31	0.00	708.34	7307.27
1457553171.0 194904.35	998.52	28.74	-24.84	407.01	196.79	-0.00	50.89	308.31	0.00	708.34	7307.27
1457553172.0 194904.35	999.78	28.74	-24.68	414.02	196.79	-0.00	50.89	308.31	0.00	708.34	7307.27
1457553173.0 194904.35	998.52	28.74	-24.84	403.51	205.15	-0.00	50.89	308.76	0.00	708.34	7307.27
1457553174.0 194904.35	1000.18	28.93	-24.68	371.96	195.62	-0.00	50.89	308.31	0.00	708.34	7307.27
1457553175.0 194904.35	999.78	28.74	-24.68	354.44	196.79	-0.00	50.89	308.37	0.00	708.34	7307.27
1457553176.0 194904.35	999.78	28.74	-24.68	342.17	199.16	-0.00	50.89	308.42	0.00	708.34	7307.27
1457553177.0 194904.35	999.78	28.74	-24.68	342.17	199.16	-0.00	50.89	308.54	0.00	708.34	7307.27
1457553178.0 194904.35	1001.04	28.74	-24.84	352.68	205.15	-0.00	50.89	308.65	0.00	708.34	7307.27
1457553179.0 194904.35	998.12	28.55	-24.68	347.42	200.35	-0.00	50.89	308.48	0.00	708.34	7307.27
1457553180.0 194904.35	999.78	28.74	-24.84	345.67	199.16	-0.00	50.89	308.48	0.00	708.34	7307.27
1457553181.0 194904.35	998.91	28.93	-24.68	349.18	202.74	-0.00	50.89	308.54	0.00	708.34	7307.27
1457553182.0 194904.35	999.78	28.74	-24.68	342.17	196.79	-0.00	50.89	308.31	0.00	708.34	7307.27
1457553183.0 194904.35	998.52	28.74	-24.84	359.70	205.15	-0.00	25.45	308.70	0.00	708.34	7307.27
1457553184.0 194904.35	1000.18	28.93	-24.68	368.46	200.35	-0.00	25.45	308.37	0.00	708.34	7307.27
1457553185.0 194904.35	999.78	28.74	-24.68	389.49	197.98	-0.00	25.45	308.48	0.00	708.34	7307.27
1457553186.0 194904.35	1000.18	28.93	-24.68	417.53	200.35	-0.00	25.45	308.48	0.00	708.34	7307.27
1457553187.0 194904.35	998.91	28.93	-24.68	436.80	197.98	-0.00	25.45	308.31	0.00	708.34	7307.27
1457553188.0 194904.35	998.52	28.74	-24.68	461.33	196.79	-0.00	25.45	308.37	0.00	708.34	7307.27
1457553189.0 194904.35	1000.18	28.93	-24.68	484.10	200.35	-0.00	25.45	308.54	0.00	708.34	7307.27
1457553190.0 194904.35	998.91	28.93	-24.84	499.86	200.35	-0.00	25.45	308.48	0.00	708.34	7307.27
1457553191.0 194904.35	1000.57	29.11	-24.84	524.37	200.35	-0.00	25.45	308.48	0.00	708.34	7307.27
1457553192.0 194904.35	998.91	28.93	-24.84	554.13	203.95	-0.00	25.45	308.65	0.00	708.34	7307.27
1457553193.0 194904.35	998.91	28.93	-24.68	562.88	200.35	-0.00	25.45	308.54	0.00	708.34	7307.27
1457553194.0 194904.35	998.91	28.93	-24.68	583.89	205.15	-0.00	25.45	308.70	0.00	708.34	7307.27
1457553195.0 194904.35	1000.18	28.93	-24.68	583.89	196.79	-0.00	25.45	308.31	0.00	708.34	7307.27
1457553196.0 194904.35	998.91	28.93	-24.68	606.63	199.16	-0.00	25.45	308.48	0.00	708.34	7307.27
1457553197.0 194904.35	998.91	28.93	-24.68	613.63	200.35	-0.00	25.45	308.48	0.00	708.34	7307.27
1457553198.0 194904.35	998.91	28.93	-24.84	620.63	199.16	-0.00	25.45	308.48	0.00	708.34	7307.27
1457553199.0 194904.35	999.31	29.11	-24.68	627.63	201.55	-0.00	25.45	308.54	0.00	708.34	7307.27
1457553200.0 194904.35	999.31	29.11	-24.68	625.88	197.98	-0.00	25.45	308.37	0.00	708.34	7307.27
1457553201.0 194904.35	1000.57	29.11	-24.84	629.38	199.16	-0.00	25.45	308.42	0.00	708.34	7307.27
1457553202.0 194904.35	999.70	29.30	-24.68	622.38	199.16	-0.00	25.45	308.48	0.00	708.34	7307.27
1457553203.0 194904.35	1000.18	28.93	-24.68	596.14	196.79	-0.00	25.45	308.31	0.00	708.34	7307.27
1457553204.0 194904.35	998.91	28.93	-24.84	590.89	205.15	-0.00	25.45	308.65	0.00	708.34	7307.27
1457553205.0 194904.35	999.31	29.11	-24.84	578.64	200.35	-0.00	25.45	308.48	0.00	708.34	7307.27
1457553206.0 194904.35	999.31	29.11	-24.68	597.89	202.74	-0.00	25.45	308.59	0.00	708.34	7307.27
1457553207.0 194904.35	998.91	28.93	-24.68	604.89	200.35	-0.00	25.45	308.48	0.00	708.34	7307.27
1457553208.0 194904.35	1000.57	29.11	-24.68	610.13	200.35	-0.00	25.45	308.54	0.00	708.34	7307.27
1457553209.0 194904.35	999.31	29.11	-24.68	617.13	203.95	-0.00	0.00	308.59	0.00	708.34	7307.27
1457553210.0 194904.35	999.31	29.11	-24.68	603.14	196.79	-0.00	0.00	308.31	0.00	708.34	7307.27
1457553211.0 194904.35	1000.57	29.11	-24.68	590.89	196.79	-0.00	0.00	308.31	0.00	708.34	7307.27
1457553212.0 194904.35	999.31	29.11	-24.84	580.39	196.79	-0.00	0.00	308.37	0.00	708.34	7307.27
1457553213.0 194904.35	1000.10	29.49	-24.68	576.89	200.35	-0.00	0.00	308.48	0.00	708.34	7307.27
1457553214.0 194904.35	999.31	29.11	-24.84	564.64	203.95	-0.00	0.00	308.70	0.00	708.34	7307.27
1457553215.0 194904.35	999.70	29.30	-24.84	524.37	201.55	-0.00	0.00	308.70	0.00	708.34	7307.27
1457553216.0 194904.35	999.31	29.11	-24.84	475.34	203.95	-0.00	0.00	308.65	0.00	708.34	7307.27
1457553216.0 194904.35	998.91	28.93	-24.84	417.53	200.35	-0.00	0.00	308.48	0.00	708.34	7307.27
1457553217.0 194904.35	998.52	28.74	-24.84	385.99	203.95	-2.33	0.00	308.70	0.00	708.34	7307.27
1457553218.0 194904.35	998.04	29.11	-24.84	375.47	201.55	-0.00	0.00	308.54	0.00	708.34	7307.27
1457553219.0 194904.35	1000.57	29.11	-24.84	375.47	201.55	-0.00	0.00	308.54	0.00	708.34	7307.27
1457553220.0 194904.35	998.04	29.11	-24.84	370.21	200.35	-0.00	0.00	308.48	0.00	708.34	7307.27
1457553221.0 194904.35	998.91	28.93	-24.84	370.21	200.35	-0.00	0.00	308.48	0.00	708.34	7307.27
1457553222.0 194904.35	997.65	28.93	-24.84	378.98	200.35	-2.33	0.00	308.48	0.00	708.34	7307.27
1457553223.0 194904.35	998.91	28.93	-24.84	393.00	205.15	-0.00	0.00	308.70	0.00	708.34	7307.27
1457553224.0 194904.35	997.65	28.93	-24.68	394.75	200.35	-0.00	0.00	308.48	0.00	708.34	7307.27
1457553225.0 194904.35	999.31	29.11	-24.84	412.27	199.16	-2.33	0.00	308.54	0.00	708.34	7307.27
1457553226.0 194904.35	997.65	28.93	-24.84	435.05	199.16	-0.00	0.00	308.48	0.00	708.34	7307.27
1457553227.0 194904.35	998.04	29.11	-24.68	466.58	200.35	-0.00	0.00	308.48	0.00	708.34	7307.27
1457553228.0 194904.35	998.04	29.11	-24.84	494.60	203.95	-0.00	0.00	308.65	0.00	708.34	7307.27
1457553229.0 194904.35	999.31	29.11	-24.84	505.11	202.74	-0.00	0.00	308.65	0.00	708.34	7307.27
1457553230.0 194904.35	999.70	29.30	-24.68	510.36	203.95	-0.00	0.00	308.59	0.00	708.34	7307.27
1457553231.0 194904.35	999.31	29.11	-24.68	508.61	202.74	-0.00	0.00	308.65	0.00	708.34	7307.27
1457553232.0 194904.35	1000.10	29.49	-24.84	513.87	202.74	-0.00	0.00	308.65	0.00	708.34	7307.27
1457553233.0 194904.35	999.70	29.30	-24.68	517.37	205.15	-0.00	0.00	308.70	0.00	708.34	7307.27
1457553234.0 194904.35	999.70	29.30	-24.84	498.11	201.55	-0.00	0.00	308.59	0.00	708.34	7307.27
1457553235.0 194904.35	999.31	29.11	-24.68	466.58	200.35	-0.00	0.00	308.54	473.68	708.34	7307.27
1457553236.0 194904.35	1000.18	28.93	-24.68	450.82	200.35	-0.00	0.00	308.48	0.00	708.34	7307.27
1457553237.0 194904.35	999.70	29.30	-24.68	457.82	200.35	-0.00	0.00	308.54	0.00	708.34	7307.27
1457553238.0 194904.35	1000.97	29.30	-24.68	478.84	200.35	-0.00	0.00	308.48	0.00	708.34	7307.27
1457553239.0 194904.35	998.04	29.11	-24.68	517.37	205.15	-0.00	0.00	308.70	0.00	708.34	7307.27
1457553240.0 194904.35	1000.18	28.93	-24.84	547.13	203.95	-0.00	0.00	308.70	0.00	708.34	7307.27
1457553241.0 194904.35	999.31	29.11	-24.68	569.89	203.95	-0.00	0.00	308.65	0.00	708.34	7307.27
1457553242.0 194904.35	999.70	29.30	-24.84	587.39	203.95	-0.00	0.00	308.65	0.00	708.34	7307.27
1457553243.0 194904.35	998.91	28.93	-24.84	597.89	202.74	-0.00	0.00	308.54	0.00	708.34	7307.27
1457553244.0 194904.35	999.70	29.30	-24.84	618.88	203.95	-0.00	0.00	308.65	0.00	708.34	7307.27
1457553245.0 194904.35	999.70	29.30	-24.68	631.13	200.35	-0.00	0.00	308.48	0.00	708.34	7307.27
1457553246.0 194904.35	999.70	29.30	-24.84	631.13	200.35	-0.00	0.00	308.48	0.00	708.34	7307.27
1457553247.0 194904.35	999.70	29.30	-24.68	618.88	199.16	-0.00	0.00	308.48	0.00	708.34	7307.27
1457553248.0 194904.35	1000.10	29.49	-24.68	615.38	199.16	-0.00	0.00	308.54	0.00	708.34	7307.27
1457553249.0 194904.35	998.84	29.49	-24.84	625.88	203.95	-0.00	0.00	308.70	0.00	708.34	7307.27
1457553250.0 194904.35	998.44	29.30	-24.68	624.13	200.35	-0.00	0.00	308.48	0.00	708.34	7307.27
1457553251.0 194904.35	1000.10	29.49	-24.68	629.38	201.55	-0.00	0.00	308.54	0.00	708.34	7307.27
1457553252.0 194904.35	1000.10	29.49	-24.84	631.13	200.35	-0.00	0.00	308.54	0.00	708.34	7307.27
1457553253.0 194904.35	1000.10	29.49	-24.68	632.88	200.35	-0.00	0.00	308.48	0.00	708.34	7307.27
1457553254.0 194904.35	1000.10	29.49	-24.68	639.87	200.35	-0.00	0.00	308.54	0.00	708.34	7307.27
1457553255.0 194904.35	1000.50	29.67	-24.68	646.87	200.35	-0.00	0.00	308.48	0.00	708.34	7307.27
1457553256.0 194904.35	1000.50	29.67	-24.68	653.87	201.55	-0.00	0.00	308.54	0.00	708.34	7307.27
1457553257.0 194904.35	1000.10	29.49	-24.68	646.87	196.79	-0.00	0.00	308.31	0.00	708.34	7307.27
1457553258.0 194904.35	1000.10	29.49	-24.68	652.12	200.35	-0.00	0.00	308.54	0.00	708.34	7307.27
1457553259.0 194904.35	998.84	29.49	-24.84	664.36	205.15	-2.33	0.00	308.70	0.00	708.34	7307.27
1457553260.0 194904.35	1000.10	29.49	-24.84	655.62	200.35	-0.00	0.00	308.48	0.00	708.34	7307.27
1457553261.0 194904.35	1000.10	29.49	-24.68	652.12	199.16	-0.00	0.00	308.42	0.00	708.34	7307.27
1457553262.0 194904.35	1000.10	29.49	-24.68	653.87	200.35	-0.00	0.00	308.54	0.00	708.34	7307.27
1457553263.0 194904.35	999.70	29.30	-24.68	650.37	199.16	-0.00	0.00	308.48	0.00	708.34	7307.27
1457553264.0 194904.35	1000.10	29.49	-24.84	655.62	202.74	-0.00	0.00	308.54	0.00	708.34	7307.27
1457553265.0 194904.35	1000.10	29.49	-24.68	638.12	201.55	-0.00	0.00	308.54	0.00	708.34	7307.27
1457553266.0 194904.35	999.70	29.30	-24.68	601.39	201.55	-0.00	0.00	308.54	0.00	708.34	7307.27
1457553267.0 194904.35	999.70	29.30	-24.68	576.89	201.55	-0.00	0.00	308.54	0.00	708.34	7307.27
1457553268.0 194904.35	1000.10	29.49	-24.84	594.39	200.35	-0.00	0.00	308.48	0.00	708.34	7307.27
1457553269.0 194904.35	999.70	29.30	-24.68	618.88	203.95	-0.00	0.00	308.65	0.00	708.34	7307.27
1457553269.0 194904.35	1000.10	29.49	-24.68	617.13	200.35	-0.00	0.00	308.48	0.00	708.34	7307.27
1457553270.0 194904.35	999.70	29.30	-24.68	622.38	202.74	-0.00	0.00	308.59	0.00	708.34	7307.27
1457553271.0 194904.35	1000.10	29.49	-24.84	620.63	202.74	-0.00	0.00	308.65	0.00	708.34	7307.27
1457553272.0 194904.35	1000.50	29.67	-24.84	627.63	202.74	-0.00	0.00	308.65	0.00	708.34	7307.27
1457553273.0 194904.35	999.70	29.30	-24.68	636.38	203.95	-0.00	0.00	308.76	0.00	708.34	7307.27
1457553274.0 194904.35	1000.10	29.49	-24.68	636.38	201.55	-0.00	0.00	308.54	0.00	708.34	7307.27
1457553275.0 194904.35	1000.10	29.49	-24.68	638.12	200.35	-0.00	0.00	308.48	0.00	708.34	7307.27
1457553276.0 194904.35	999.70	29.30	-24.68	634.63	200.35	-0.00	0.00	308.48	0.00	708.34	7307.27
1457553277.0 194904.35	999.70	29.30	-24.68	632.88	200.35	-0.00	0.00	308.48	0.00	708.34	7307.27
1457553278.0 194904.35	999.70	29.30	-24.84	632.88	205.15	-0.00	0.00	308.70	0.00	708.34	7307.27
1457553279.0 194904.35	1000.10	29.49	-24.68	622.38	202.74	-0.00	0.00	308.54	0.00	708.34	7307.27
1457553280.0 194904.35	999.31	29.11	-24.68	634.63	200.35	-0.00	0.00	308.48	0.00	708.34	7307.27
1457553281.0 194904.35	999.70	29.30	-24.84	643.37	200.35	-0.00	0.00	308.54	0.00	708.34	7307.27
1457553282.0 194904.35	1000.10	29.49	-24.68	652.12	200.35	-0.00	0.00	308.48	0.00	708.34	7307.27
1457553283.0 194904.35	999.70	29.30	-24.68	666.11	205.15	-0.00	0.00	308.70	0.00	708.34	7307.27
1457553284.0 194904.35	1000.10	29.49	-24.84	662.61	200.35	-0.00	0.00	308.42	0.00	708.34	7307.27
1457553285.0 194904.35	1000.10	29.49	-24.84	662.61	200.35	-0.00	0.00	308.48	0.00	708.34	7307.27
1457553286.0 194904.35	999.70	29.30	-24.68	662.61	200.35	-0.00	0.00	308.48	0.00	708.34	7307.27
1457553287.0 194904.35	1000.50	29.67	-24.84	664.36	200.35	-0.00	0.00	308.54	0.00	708.34	7307.27
1457553288.0 194904.35	1000.10	29.49	-24.68	674.85	203.95	-0.00	0.00	308.70	0.00	708.34	7307.27
1457553289.0 194904.35	1000.10	29.49	-24.68	667.86	200.35	-0.00	0.00	308.54	0.00	708.34	7307.27
1457553290.0 194904.35	1000.10	29.49	-24.84	666.11	200.35	-0.00	0.00	308.48	0.00	708.34	7307.27
1457553291.0 194904.35	1000.10	29.49	-24.84	667.86	200.35	-0.00	0.00	308.48	0.00	708.34	7307.27
1457553292.0 194904.35	1000.50	29.67	-24.84	671.35	201.55	-0.00	0.00	308.48	0.00	708.34	7307.27
1457553293.0 194904.35	1000.10	29.49	-24.68	671.35	200.35	-0.00	0.00	308.48	0.00	708.34	7307.27
1457553294.0 194904.35	999.70	29.30	-24.68	680.10	205.15	-0.00	0.00	308.70	0.00	708.34	7307.27
1457553295.0 194904.35	1000.10	29.49	-24.84	669.61	200.35	-0.00	0.00	308.48	0.00	708.34	7307.27
1457553296.0 194904.35	1000.50	29.67	-24.68	671.35	200.35	-0.00	0.00	308.48	0.00	708.34	7307.27
1457553297.0 194904.35	1000.50	29.67	-24.68	671.35	199.16	-0.00	0.00	308.54	0.00	708.34	7307.27
1457553298.0 194904.35	998.84	29.49	-24.84	674.85	200.35	-0.00	0.00	308.48	0.00	708.34	7307.27
1457553299.0 194904.35	999.23	29.67	-24.68	685.34	205.15	-0.00	0.00	308.70	0.00	708.34	7307.27
1457553300.0 194904.35	1000.10	29.49	-24.68	678.35	200.35	-0.00	0.00	308.54	0.00	708.34	7307.27
1457553301.0 194904.35	1000.50	29.67	-24.68	687.09	202.74	-0.00	0.00	308.54	0.00	708.34	7307.27
1457553302.0 194904.35	1000.50	29.67	-24.84	681.85	200.35	-0.00	0.00	308.48	0.00	708.34	7307.27
1457553303.0 194904.35	999.23	29.67	-24.68	687.09	200.35	-0.00	0.00	308.48	0.00	708.34	7307.27
1457553304.0 194904.35	1000.50	29.67	-24.68	694.08	205.15	-0.00	0.00	308.76	0.00	708.34	7307.27
1457553305.0 194904.35	1000.50	29.67	-24.68	688.84	201.55	-0.00	0.00	308.54	0.00	708.34	7307.27
1457553306.0 194904.35	999.23	29.67	-24.68	687.09	200.35	-0.00	0.00	308.48	0.00	708.34	7307.27
1457553307.0 194904.35	1000.50	29.67	-24.68	687.09	199.16	-0.00	0.00	308.48	0.00	708.34	7307.27
1457553308.0 194904.35	1000.50	29.67	-24.84	690.59	200.35	-0.00	0.00	308.48	0.00	708.34	7307.27
1457553309.0 194904.35	999.23	29.67	-24.84	701.08	203.95	-0.00	0.00	308.76	0.00	708.34	7307.27
1457553310.0 194904.35	1000.50	29.67	-24.84	694.08	200.35	-0.00	0.00	308.48	0.00	708.34	7307.27
1457553311.0 194904.35	999.23	29.67	-24.68	694.08	200.35	-0.00	0.00	308.48	0.00	708.34	7307.27
1457553312.0 194904.35	999.63	29.86	-24.68	697.58	200.35	-0.00	0.00	308.48	0.00	708.34	7307.27
1457553313.0 194904.35	999.23	29.67	-24.84	697.58	200.35	-0.00	0.00	308.48	0.00	708.34	7307.27
1457553314.0 194904.35	1000.50	29.67	-24.84	708.07	205.15	-0.00	0.00	308.70	0.00	708.34	7307.27
1457553315.0 194904.35	1000.50	29.67	-24.68	697.58	199.16	-0.00	0.00	308.48	0.00	708.34	7307.27
1457553316.0 194904.35	999.23	29.67	-24.68	697.58	200.35	-0.00	0.00	308.48	0.00	708.34	7307.27
1457553317.0 194904.35	1000.50	29.67	-24.68	701.08	200.35	-0.00	0.00	308.48	0.00	708.34	7307.27
1457553318.0 194904.35	1000.50	29.67	-24.68	704.57	200.35	-2.33	0.00	308.54	0.00	708.34	7307.27
1457553319.0 194904.35	1000.50	29.67	-24.68	713.31	203.95	-0.00	0.00	308.70	0.00	708.34	7307.27
1457553320.0 194904.35	998.36	29.86	-24.68	704.57	200.35	-0.00	0.00	308.54	0.00	708.34	7307.27
1457553321.0 194904.35	997.57	29.49	-24.68	706.32	199.16	-0.00	0.00	308.54	0.00	708.34	7307.27
1457553322.0 194904.35	999.23	29.67	-24.68	704.57	200.35	-0.00	0.00	308.48	0.00	708.34	7307.27
1457553322.0 194904.35	999.23	29.67	-24.68	706.32	200.35	-0.00	0.00	308.48	0.00	708.34	7307.27
1457553323.0 194904.35	1000.89	29.86	-24.84	720.31	205.15	-0.00	0.00	308.70	0.00	708.34	7307.27
1457553324.0 194904.35	1000.50	29.67	-24.68	708.07	200.35	-0.00	0.00	308.48	0.00	708.34	7307.27
1457553325.0 194904.35	999.23	29.67	-24.68	711.57	200.35	-0.00	0.00	308.54	0.00	708.34	7307.27
1457553326.0 194904.35	999.23	29.67	-24.84	708.07	200.35	-0.00	0.00	308.48	0.00	708.34	7307.27
1457553327.0 194904.35	999.23	29.67	-24.68	713.31	201.55	-0.00	0.00	308.48	0.00	708.34	7307.27
1457553328.0 194904.35	1000.89	29.86	-24.84	720.31	203.95	-0.00	0.00	308.65	0.00	708.34	7307.27
1457553329.0 194904.35	1001.29	30.05	-24.84	711.57	200.35	-0.00	0.00	308.48	0.00	708.34	7307.27
1457553330.0 194904.35	999.23	29.67	-24.84	708.07	200.35	-0.00	0.00	308.48	0.00	708.34	7307.27
1457553331.0 194904.35	999.63	29.86	-24.68	709.82	200.35	-0.00	0.00	308.48	0.00	708.34	7307.27
1457553332.0 194904.35	999.63	29.86	-24.68	706.32	199.16	-0.00	0.00	308.48	0.00	708.34	7307.27
1457553333.0 194904.35	999.23	29.67	-24.84	716.81	206.36	-0.00	0.00	308.76	0.00	708.34	7307.27
1457553334.0 194904.35	997.97	29.67	-24.84	706.32	200.35	-0.00	0.00	308.48	0.00	708.34	7307.27
1457553335.0 194904.35	999.23	29.67	-24.84	706.32	200.35	-0.00	0.00	308.48	0.00	708.34	7307.27
1457553336.0 194904.35	999.23	29.67	-24.68	704.57	200.35	-0.00	0.00	308.54	0.00	708.34	7307.27
1457553337.0 194904.35	999.23	29.67	-24.68	702.83	200.35	-0.00	0.00	308.48	0.00	708.34	7307.27
1457553338.0 194904.35	999.23	29.67	-24.84	708.07	203.95	-0.00	0.00	308.70	0.00	708.34	7307.27
1457553339.0 194904.35	999.23	29.67	-24.84	701.08	201.55	-0.00	0.00	308.54	0.00	708.34	7307.27
1457553340.0 194904.35	1000.10	29.49	-24.68	695.83	200.35	-0.00	0.00	308.48	0.00	708.34	7307.27
1457553341.0 194904.35	1000.10	29.49	-24.84	697.58	200.35	-0.00	0.00	308.48	0.00	708.34	7307.27
1457553342.0 194904.35	1000.50	29.67	-24.84	695.83	200.35	-0.00	0.00	308.48	0.00	708.34	7307.27
1457553343.0 194904.35	1000.50	29.67	-24.68	694.08	200.35	-0.00	0.00	308.42	0.00	708.34	7307.27
1457553344.0 194904.35	1000.10	29.49	-24.84	704.57	203.95	-0.00	0.00	308.76	0.00	708.34	7307.27
1457553345.0 194904.35	1000.10	29.49	-24.68	694.08	200.35	-0.00	0.00	308.48	0.00	708.34	7307.27
1457553346.0 194904.35	1000.50	29.67	-24.68	694.08	200.35	-0.00	0.00	308.54	0.00	708.34	7307.27
1457553347.0 194904.35	1000.10	29.49	-24.68	692.34	200.35	-0.00	0.00	308.48	0.00	708.34	7307.27
1457553348.0 194904.35	1000.10	29.49	-24.68	692.34	200.35	-0.00	0.00	308.54	0.00	708.34	7307.27
1457553349.0 194904.35	999.23	29.67	-24.68	697.58	203.95	-0.00	0.00	308.65	0.00	708.34	7307.27
1457553350.0 194904.35	999.23	29.67	-24.68	688.84	200.35	-2.33	0.00	308.48	0.00	708.34	7307.27
1457553351.0 194904.35	997.97	29.67	-24.68	685.34	200.35	-0.00	0.00	308.48	0.00	708.34	7307.27
1457553352.0 194904.35	999.23	29.67	-24.68	681.85	200.35	-0.00	0.00	308.48	0.00	708.34	7307.27
1457553353.0 194904.35	999.23	29.67	-24.68	680.10	199.16	-0.00	0.00	308.48	0.00	708.34	7307.27
1457553354.0 194904.35	999.23	29.67	-24.84	695.83	205.15	-0.00	0.00	308.76	0.00	708.34	7307.27
1457553355.0 194904.35	999.23	29.67	-24.68	683.59	200.35	-0.00	0.00	308.48	0.00	708.34	7307.27
1457553356.0 194904.35	999.23	29.67	-24.84	685.34	200.35	-2.33	0.00	308.54	0.00	708.34	7307.27
1457553357.0 194904.35	999.63	29.86	-24.68	681.85	197.98	-0.00	0.00	308.42	0.00	708.34	7307.27
1457553358.0 194904.35	1000.02	30.05	-24.68	681.85	200.35	-0.00	0.00	308.48	0.00	708.34	7307.27
1457553359.0 194904.35	1000.02	30.05	-24.68	690.59	205.15	-0.00	0.00	308.70	0.00	708.34	7307.27
1457553360.0 194904.35	1000.02	30.05	-24.84	681.85	200.35	-0.00	0.00	308.48	0.00	708.34	7307.27
1457553361.0 194904.35	999.63	29.86	-24.68	676.60	200.35	-0.00	0.00	308.42	0.00	708.34	7307.27
1457553362.0 194904.35	999.15	30.23	-24.68	676.60	200.35	-0.00	0.00	308.54	0.00	708.34	7307.27
1457553363.0 194904.35	1000.02	30.05	-24.68	676.60	199.16	-0.00	0.00	308.54	0.00	708.34	7307.27
1457553364.0 194904.35	1000.02	30.05	-24.84	685.34	205.15	-0.00	0.00	308.70	0.00	708.34	7307.27
1457553365.0 194904.35	999.63	29.86	-24.68	669.61	199.16	-0.00	0.00	308.48	0.00	708.34	7307.27
1457553366.0 194904.35	999.54	30.42	-24.68	659.11	200.35	-0.00	0.00	308.48	0.00	708.34	7307.27
1457553367.0 194904.35	998.75	30.05	-24.84	653.87	200.35	-0.00	0.00	308.48	0.00	708.34	7307.27
1457553368.0 194904.35	1000.02	30.05	-24.68	632.88	201.55	-0.00	0.00	308.54	0.00	708.34	7307.27
1457553369.0 194904.35	999.15	30.23	-24.68	631.13	203.95	-0.00	0.00	308.65	0.00	708.34	7307.27
1457553370.0 194904.35	1000.02	30.05	-24.68	625.88	200.35	-0.00	0.00	308.48	0.00	708.34	7307.27
1457553371.0 194904.35	1000.02	30.05	-24.68	627.63	199.16	-0.00	0.00	308.48	0.00	708.34	7307.27
1457553372.0 194904.35	1000.02	30.05	-24.68	608.38	200.35	-0.00	0.00	308.48	0.00	708.34	7307.27
1457553373.0 194904.35	1000.02	30.05	-24.68	596.14	199.16	-2.33	0.00	308.54	0.00	708.34	7307.27
1457553374.0 194904.35	1000.02	30.05	-24.84	552.38	203.95	-0.00	0.00	308.70	0.00	708.34	7307.27
1457553374.0 194904.35	999.63	29.86	-24.84	457.82	199.16	-0.00	0.00	308.54	0.00	708.34	7307.27
1457553375.0 194904.35	999.63	29.86	-24.84	405.26	201.55	-0.00	0.00	308.48	0.00	708.34	7307.27
1457553376.0 194904.35	1000.02	30.05	-24.68	396.50	200.35	-0.00	0.00	308.48	0.00	708.34	7307.27
1457553377.0 194904.35	1000.02	30.05	-24.68	428.04	200.35	-0.00	0.00	308.48	0.00	708.34	7307.27
1457553378.0 194904.35	999.63	29.86	-24.84	463.08	205.15	-0.00	0.00	308.70	0.00	708.34	7307.27
1457553379.0 194904.35	1000.02	30.05	-24.68	475.34	200.35	-0.00	0.00	308.54	0.00	708.34	7307.27
1457553380.0 194904.35	1000.02	30.05	-24.68	480.59	200.35	-0.00	0.00	308.42	0.00	708.34	7307.27
1457553381.0 194904.35	999.23	29.67	-24.68	459.57	200.35	-0.00	0.00	308.48	0.00	708.34	7307.27
1457553382.0 194904.35	998.36	29.86	-24.68	492.85	199.16	-0.00	0.00	308.48	0.00	708.34	7307.27
1457553383.0 194904.35	999.63	29.86	-24.84	540.13	206.36	-0.00	0.00	308.70	0.00	708.34	7307.27
1457553384.0 194904.35	999.23	29.67	-24.68	491.10	200.35	-0.00	0.00	308.48	0.00	708.34	7307.27
1457553385.0 194904.35	999.63	29.86	-24.68	471.84	200.35	-0.00	0.00	308.48	0.00	708.34	7307.27
1457553386.0 194904.35	999.23	29.67	-24.68	492.85	200.35	-0.00	0.00	308.48	0.00	708.34	7307.27
1457553387.0 194904.35	999.23	29.67	-24.68	503.36	200.35	-0.00	0.00	308.48	0.00	708.34	7307.27
1457553388.0 194904.35	999.63	29.86	-24.68	489.35	205.15	-0.00	0.00	308.65	0.00	708.34	7307.27
1457553389.0 194904.35	999.23	29.67	-24.68	512.12	201.55	-0.00	0.00	308.54	0.00	708.34	7307.27
1457553390.0 194904.35	999.23	29.67	-24.84	576.89	200.35	-0.00	0.00	308.42	0.00	708.34	7307.27
1457553391.0 194904.35	999.63	29.86	-24.68	596.14	199.16	-0.00	0.00	308.48	0.00	708.34	7307.27
1457553392.0 194904.35	1000.50	29.67	-24.68	557.63	200.35	-0.00	0.00	308.48	0.00	708.34	7307.27
1457553393.0 194904.35	999.23	29.67	-24.84	510.36	205.15	-0.00	0.00	308.70	473.68	708.34	7307.27
1457553394.0 194904.35	999.23	29.67	-24.68	475.34	200.35	-0.00	0.00	308.54	0.00	708.34	7307.27
1457553395.0 194904.35	999.23	29.67	-24.68	463.08	200.35	-0.00	0.00	308.48	0.00	708.34	7307.27
1457553396.0 194904.35	998.84	29.49	-24.68	445.56	200.35	-2.33	0.00	308.54	0.00	708.34	7307.27
1457553397.0 194904.35	999.23	29.67	-24.68	429.79	199.16	-0.00	0.00	308.42	0.00	708.34	7307.27
1457553398.0 194904.35	999.23	29.67	-24.84	419.28	200.35	-0.00	0.00	308.48	0.00	708.34	7307.27
1457553399.0 194904.35	1000.50	29.67	-24.84	408.77	203.95	-0.00	0.00	308.70	0.00	708.34	7307.27
1457553400.0 194904.35	1000.50	29.67	-24.84	403.51	200.35	-0.00	0.00	308.48	0.00	708.34	7307.27
1457553401.0 194904.35	999.23	29.67	-24.84	412.27	196.79	-0.00	0.00	308.37	0.00	708.34	7307.27
1457553402.0 194904.35	1000.50	29.67	-24.68	405.26	200.35	-0.00	0.00	308.48	0.00	708.34	7307.27
1457553403.0 194904.35	999.23	29.67	-24.68	375.47	197.98	-0.00	0.00	308.31	0.00	708.34	7307.27
1457553404.0 194904.35	1000.50	29.67	-24.84	370.21	205.15	-0.00	0.00	308.70	0.00	708.34	7307.27
1457553405.0 194904.35	999.23	29.67	-24.68	356.19	200.35	-0.00	0.00	308.48	0.00	708.34	7307.27
1457553406.0 194904.35	999.23	29.67	-24.68	354.44	200.35	-0.00	0.00	308.48	0.00	708.34	7307.27
1457553407.0 194904.35	1000.50	29.67	-24.84	349.18	197.98	-0.00	0.00	308.37	0.00	708.34	7307.27
1457553408.0 194904.35	999.23	29.67	-24.84	350.93	200.35	-0.00	0.00	308.48	0.00	708.34	7307.27
1457553409.0 194904.35	1000.50	29.67	-24.84	359.70	213.72	0.68	0.00	308.70	0.00	708.34	7307.27
1457553410.0 194904.35	1000.89	29.86	-24.68	349.18	200.35	-0.00	0.00	308.48	0.00	708.34	7307.27
1457553411.0 194904.35	999.63	29.86	-24.68	349.18	199.16	-0.00	0.00	308.48	0.00	708.34	7307.27
1457553412.0 194904.35	999.23	29.67	-24.68	349.18	199.16	-0.00	0.00	308.48	0.00	708.34	7307.27
1457553413.0 194904.35	999.23	29.67	-24.68	347.42	199.16	-0.00	0.00	308.48	0.00	708.34	7307.27
1457553414.0 194904.35	999.23	29.67	-24.84	352.68	205.15	-0.00	0.00	308.70	0.00	708.34	7307.27
1457553415.0 194904.35	999.23	29.67	-24.68	345.67	199.16	-0.00	0.00	308.42	0.00	708.34	7307.27
1457553416.0 194904.35	999.23	29.67	-24.84	345.67	200.35	-0.00	0.00	308.48	0.00	708.34	7307.27
1457553417.0 194904.35	999.23	29.67	-24.84	343.92	200.35	-0.00	0.00	308.48	0.00	708.34	7307.27
1457553418.0 194904.35	999.63	29.86	-24.84	345.67	199.16	-0.00	0.00	308.48	0.00	708.34	7307.27
1457553419.0 194904.35	999.23	29.67	-24.84	349.18	205.15	-0.00	0.00	308.70	0.00	708.34	7307.27
1457553420.0 194904.35	999.23	29.67	-24.68	349.18	200.35	-0.00	0.00	308.48	0.00	708.34	7307.27
1457553421.0 194904.35	999.23	29.67	-24.84	347.42	200.35	-0.00	0.00	308.48	0.00	708.34	7307.27
1457553422.0 194904.35	999.23	29.67	-24.84	347.42	200.35	-0.00	0.00	308.48	0.00	708.34	7307.27
1457553423.0 194904.35	999.63	29.86	-24.68	338.66	195.62	-0.00	0.00	308.25	0.00	708.34	7307.27
1457553424.0 194904.35	999.63	29.86	-24.68	345.67	202.74	-0.00	0.00	308.59	0.00	708.34	7307.27
1457553425.0 194904.35	999.23	29.67	-24.68	342.17	199.16	-0.00	0.00	308.54	0.00	708.34	7307.27
1457553426.0 194904.35	999.23	29.67	-24.84	342.17	200.35	-0.00	0.00	308.48	0.00	708.34	7307.27
1457553426.0 194904.35	999.23	29.67	-24.68	338.66	199.16	-2.33	0.00	308.42	0.00	708.34	7307.27
1457553427.0 194904.35	999.23	29.67	-24.84	340.41	200.35	-0.00	0.00	308.54	0.00	708.34	7307.27
1457553428.0 194904.35	999.63	29.86	-24.84	343.92	205.15	-0.00	0.00	308.70	0.00	708.34	7307.27
1457553429.0 194904.35	999.23	29.67	-24.68	338.66	200.35	-0.00	0.00	308.48	0.00	708.34	7307.27
1457553430.0 194904.35	999.63	29.86	-24.68	336.91	200.35	-0.00	0.00	308.48	0.00	708.34	7307.27
1457553431.0 194904.35	999.63	29.86	-24.68	333.40	195.62	-0.00	0.00	308.25	0.00	708.34	7307.27
1457553432.0 194904.35	999.23	29.67	-24.68	336.91	195.62	-0.00	0.00	308.25	0.00	708.34	7307.27
1457553433.0 194904.35	999.23	29.67	-24.68	343.92	200.35	-0.00	0.00	308.48	0.00	708.34	7307.27
1457553434.0 194904.35	999.23	29.67	-24.68	336.91	195.62	-0.00	0.00	308.25	0.00	708.34	7307.27
1457553435.0 194904.35	999.63	29.86	-24.84	329.89	194.44	-0.00	0.00	308.25	0.00	708.34	7307.27
1457553436.0 194904.35	1000.02	30.05	-24.68	328.14	195.62	-0.00	0.00	308.25	0.00	708.34	7307.27
1457553437.0 194904.35	1000.02	30.05	-24.68	328.14	195.62	-0.00	0.00	308.25	0.00	708.34	7307.27
1457553438.0 194904.35	999.63	29.86	-24.68	333.40	200.35	-0.00	0.00	308.48	0.00	708.34	7307.27
1457553439.0 194904.35	999.63	29.86	-24.68	326.39	195.62	-0.00	0.00	308.25	0.00	708.34	7307.27
1457553440.0 194904.35	999.63	29.86	-24.68	322.88	195.62	-0.00	0.00	308.25	0.00	708.34	7307.27
1457553441.0 194904.35	999.63	29.86	-24.68	321.13	195.62	-0.00	0.00	308.25	0.00	708.34	7307.27
1457553442.0 194904.35	1001.29	30.05	-24.84	321.13	194.44	-0.00	0.00	308.25	0.00	708.34	7307.27
1457553443.0 194904.35	999.63	29.86	-24.84	324.63	200.35	-0.00	0.00	308.48	0.00	708.34	7307.27
1457553444.0 194904.35	999.23	29.67	-24.68	321.13	196.79	-0.00	0.00	308.37	0.00	708.34	7307.27
1457553445.0 194904.35	999.63	29.86	-24.68	319.37	195.62	-0.00	0.00	308.25	0.00	708.34	7307.27
1457553446.0 194904.35	999.63	29.86	-24.68	317.62	194.44	-0.00	0.00	308.25	0.00	708.34	7307.27
1457553447.0 194904.35	999.63	29.86	-24.68	317.62	194.44	-0.00	0.00	308.25	0.00	708.34	7307.27
1457553448.0 194904.35	1000.02	30.05	-24.68	317.62	195.62	-0.00	0.00	308.25	0.00	708.34	7307.27
1457553449.0 194904.35	999.63	29.86	-24.68	321.13	199.16	-0.00	0.00	308.48	0.00	708.34	7307.27
1457553450.0 194904.35	1000.02	30.05	-24.68	315.87	195.62	-0.00	0.00	308.25	0.00	708.34	7307.27
1457553451.0 194904.35	999.23	29.67	-24.68	314.11	194.44	-2.33	0.00	308.25	0.00	708.34	7307.27
1457553452.0 194904.35	1000.02	30.05	-24.68	314.11	195.62	-0.00	0.00	308.25	0.00	708.34	7307.27
1457553453.0 194904.35	999.63	29.86	-24.68	312.36	195.62	-0.00	0.00	308.20	0.00	708.34	7307.27
1457553454.0 194904.35	998.36	29.86	-24.84	317.62	199.16	-0.00	0.00	308.48	0.00	708.34	7307.27
1457553455.0 194904.35	1000.02	30.05	-24.68	312.36	194.44	-0.00	0.00	308.25	0.00	708.34	7307.27
1457553456.0 194904.35	1000.02	30.05	-24.68	312.36	195.62	-0.00	0.00	308.25	0.00	708.34	7307.27
1457553457.0 194904.35	999.63	29.86	-24.68	310.61	194.44	-0.00	0.00	308.25	0.00	708.34	7307.27
1457553458.0 194904.35	1000.02	30.05	-24.68	310.61	195.62	-0.00	0.00	308.25	0.00	708.34	7307.27
1457553459.0 194904.35	998.75	30.05	-24.84	314.11	200.35	-0.00	0.00	308.48	0.00	708.34	7307.27
1457553460.0 194904.35	998.75	30.05	-24.68	308.85	195.62	-0.00	0.00	308.25	0.00	708.34	7307.27
1457553461.0 194904.35	997.49	30.05	-24.68	308.85	195.62	-0.00	0.00	308.25	0.00	708.34	7307.27
1457553462.0 194904.35	998.36	29.86	-24.68	308.85	195.62	-0.00	0.00	308.25	0.00	708.34	7307.27
1457553463.0 194904.35	1001.29	30.05	-24.68	305.35	194.44	-0.00	0.00	308.25	0.00	708.34	7307.27
1457553464.0 194904.35	999.63	29.86	-24.84	310.61	199.16	-0.00	0.00	308.48	0.00	708.34	7307.27
1457553465.0 194904.35	1000.42	30.23	-24.68	307.10	195.62	-0.00	0.00	308.25	0.00	708.34	7307.27
1457553466.0 194904.35	1000.02	30.05	-24.68	305.35	195.62	-0.00	0.00	308.31	0.00	708.34	7307.27
1457553467.0 194904.35	998.36	29.86	-24.68	305.35	195.62	-0.00	0.00	308.25	0.00	708.34	7307.27
1457553468.0 194904.35	998.75	30.05	-24.68	305.35	195.62	-0.00	0.00	308.25	0.00	708.34	7307.27
1457553469.0 194904.35	998.75	30.05	-24.68	308.85	199.16	-0.00	0.00	308.42	0.00	708.34	7307.27
1457553470.0 194904.35	1000.02	30.05	-24.68	303.59	195.62	-0.00	0.00	308.25	0.00	708.34	7307.27
1457553471.0 194904.35	998.36	29.86	-24.68	303.59	195.62	-0.00	0.00	308.25	0.00	708.34	7307.27
1457553472.0 194904.35	1000.02	30.05	-24.68	301.84	195.62	-0.00	0.00	308.25	0.00	708.34	7307.27
1457553473.0 194904.35	998.36	29.86	-24.68	301.84	195.62	-0.00	0.00	308.25	0.00	708.34	7307.27
1457553474.0 194904.35	998.75	30.05	-24.84	305.35	200.35	-0.00	0.00	308.48	0.00	708.34	7307.27
1457553475.0 194904.35	1001.29	30.05	-24.68	300.09	195.62	-0.00	0.00	308.25	0.00	708.34	7307.27
1457553476.0 194904.35	1000.02	30.05	-24.84	300.09	195.62	-0.00	0.00	308.25	0.00	708.34	7307.27
1457553477.0 194904.35	999.63	29.86	-24.68	298.33	195.62	-0.00	0.00	308.25	0.00	708.34	7307.27
1457553478.0 194904.35	999.63	29.86	-24.68	300.09	195.62	-0.00	0.00	308.25	0.00	708.34	7307.27
1457553479.0 194904.35	1000.02	30.05	-24.84	303.59	200.35	-0.00	0.00	308.48	0.00	708.34	7307.27
1457553479.0 194904.35	999.63	29.86	-24.68	298.33	195.62	-0.00	0.00	308.31	0.00	708.34	7307.27
1457553480.0 194904.35	1000.02	30.05	-24.68	296.58	195.62	-0.00	0.00	308.25	0.00	708.34	7307.27
1457553481.0 194904.35	999.63	29.86	-24.68	298.33	196.79	-0.00	0.00	308.37	0.00	708.34	7307.27
1457553482.0 194904.35	999.63	29.86	-24.68	296.58	195.62	-0.00	0.00	308.25	0.00	708.34	7307.27
1457553483.0 194904.35	999.23	29.67	-24.68	298.33	200.35	-0.00	0.00	308.48	0.00	708.34	7307.27
1457553484.0 194904.35	997.97	29.67	-24.68	294.83	194.44	-0.00	0.00	308.25	0.00	708.34	7307.27
1457553485.0 194904.35	1000.02	30.05	-24.84	294.83	195.62	-0.00	0.00	308.25	0.00	708.34	7307.27
1457553486.0 194904.35	999.63	29.86	-24.68	294.83	195.62	-0.00	0.00	308.25	0.00	708.34	7307.27
1457553487.0 194904.35	999.63	29.86	-24.68	293.07	195.62	-0.00	0.00	308.25	0.00	708.34	7307.27
1457553488.0 194904.35	999.63	29.86	-24.84	296.58	199.16	-0.00	0.00	308.48	0.00	708.34	7307.27
1457553489.0 194904.35	999.23	29.67	-24.68	291.32	195.62	-0.00	0.00	308.31	0.00	708.34	7307.27
1457553490.0 194904.35	999.23	29.67	-24.68	291.32	194.44	-0.00	0.00	308.25	0.00	708.34	7307.27
1457553491.0 194904.35	999.23	29.67	-24.68	291.32	195.62	-0.00	0.00	308.25	0.00	708.34	7307.27
1457553492.0 194904.35	999.23	29.67	-24.68	289.57	195.62	-0.00	0.00	308.25	0.00	708.34	7307.27
1457553493.0 194904.35	999.63	29.86	-24.68	294.83	200.35	-0.00	0.00	308.48	0.00	708.34	7307.27
1457553494.0 194904.35	997.97	29.67	-24.68	287.81	195.62	-0.00	0.00	308.25	0.00	708.34	7307.27
1457553495.0 194904.35	999.23	29.67	-24.68	289.57	195.62	-0.00	0.00	308.25	0.00	708.34	7307.27
1457553496.0 194904.35	999.23	29.67	-24.68	286.06	194.44	-0.00	0.00	308.20	0.00	708.34	7307.27
1457553497.0 194904.35	999.23	29.67	-24.68	287.81	195.62	-0.00	0.00	308.25	0.00	708.34	7307.27
1457553498.0 194904.35	999.23	29.67	-24.68	289.57	199.16	-0.00	0.00	308.42	0.00	708.34	7307.27
1457553499.0 194904.35	999.23	29.67	-24.68	286.06	196.79	-0.00	0.00	308.31	0.00	708.34	7307.27
1457553500.0 194904.35	999.23	29.67	-24.68	286.06	195.62	-0.00	0.00	308.25	0.00	708.34	7307.27
1457553501.0 194904.35	999.23	29.67	-24.68	284.31	195.62	-0.00	0.00	308.25	0.00	708.34	7307.27
1457553502.0 194904.35	998.84	29.49	-24.68	284.31	195.62	-0.00	0.00	308.25	0.00	708.34	7307.27
1457553503.0 194904.35	998.84	29.49	-24.68	284.31	195.62	-0.00	0.00	308.25	0.00	708.34	7307.27
1457553504.0 194904.35	1000.50	29.67	-24.68	287.81	200.35	-0.00	0.00	308.48	0.00	708.34	7307.27
1457553505.0 194904.35	1000.10	29.49	-24.68	282.55	195.62	-0.00	0.00	308.25	0.00	708.34	7307.27
1457553506.0 194904.35	1000.50	29.67	-24.68	282.55	194.44	-0.00	0.00	308.25	0.00	708.34	7307.27
1457553507.0 194904.35	999.23	29.67	-24.68	282.55	195.62	-0.00	0.00	308.25	0.00	708.34	7307.27
1457553508.0 194904.35	1000.50	29.67	-24.68	282.55	195.62	-0.00	0.00	308.25	0.00	708.34	7307.27
1457553509.0 194904.35	1000.50	29.67	-24.68	284.31	199.16	-0.00	0.00	308.42	0.00	708.34	7307.27
1457553510.0 194904.35	999.23	29.67	-24.68	280.80	195.62	-0.00	0.00	308.31	0.00	708.34	7307.27
1457553511.0 194904.35	999.23	29.67	-24.68	280.80	195.62	-0.00	0.00	308.25	0.00	708.34	7307.27
1457553512.0 194904.35	999.23	29.67	-24.84	279.04	195.62	-0.00	0.00	308.31	0.00	708.34	7307.27
1457553513.0 194904.35	999.23	29.67	-24.68	279.04	195.62	-0.00	0.00	308.25	0.00	708.34	7307.27
1457553514.0 194904.35	999.23	29.67	-24.84	282.55	199.16	-0.00	0.00	308.48	0.00	708.34	7307.27
1457553515.0 194904.35	999.23	29.67	-24.68	279.04	194.44	-0.00	0.00	308.25	0.00	708.34	7307.27
1457553516.0 194904.35	1001.29	30.05	-24.68	277.29	195.62	-0.00	0.00	308.25	0.00	708.34	7307.27
1457553517.0 194904.35	999.23	29.67	-24.68	279.04	195.62	-2.33	0.00	308.25	0.00	708.34	7307.27
1457553518.0 194904.35	1000.50	29.67	-24.84	279.04	195.62	-0.00	0.00	308.31	0.00	708.34	7307.27
1457553519.0 194904.35	999.23	29.67	-24.68	280.80	199.16	-0.00	0.00	308.48	0.00	708.34	7307.27
1457553520.0 194904.35	998.84	29.49	-24.68	277.29	196.79	-0.00	0.00	308.25	0.00	708.34	7307.27
1457553521.0 194904.35	999.23	29.67	-24.68	277.29	194.44	-0.00	0.00	308.25	0.00	708.34	7307.27
1457553522.0 194904.35	999.23	29.67	-24.68	277.29	195.62	-2.33	0.00	308.20	0.00	708.34	7307.27
1457553523.0 194904.35	1000.10	29.49	-24.68	275.54	195.62	-0.00	0.00	308.25	0.00	708.34	7307.27
1457553524.0 194904.35	1000.50	29.67	-24.68	280.80	199.16	-0.00	0.00	308.42	0.00	708.34	7307.27
1457553525.0 194904.35	999.23	29.67	-24.68	277.29	194.44	-0.00	0.00	308.25	0.00	708.34	7307.27
1457553526.0 194904.35	1000.10	29.49	-24.68	277.29	195.62	-0.00	0.00	308.25	0.00	708.34	7307.27
1457553527.0 194904.35	998.84	29.49	-24.68	275.54	194.44	-0.00	0.00	308.25	0.00	708.34	7307.27
1457553528.0 194904.35	1000.10	29.49	-24.68	275.54	195.62	-0.00	0.00	308.25	0.00	708.34	7307.27
1457553529.0 194904.35	998.84	29.49	-24.68	280.80	200.35	-0.00	0.00	308.42	0.00	708.34	7307.27
1457553530.0 194904.35	998.84	29.49	-24.68	275.54	195.62	-0.00	0.00	308.25	0.00	708.34	7307.27
1457553531.0 194904.35	998.44	29.30	-24.68	275.54	194.44	-0.00	0.00	308.25	0.00	708.34	7307.27
1457553531.0 194904.35	999.70	29.30	-24.68	277.29	194.44	-0.00	0.00	308.25	0.00	708.34	7307.27
1457553532.0 194904.35	998.84	29.49	-24.68	275.54	194.44	-0.00	0.00	308.25	0.00	708.34	7307.27
1457553533.0 194904.35	999.70	29.30	-24.68	280.80	200.35	-0.00	0.00	308.48	0.00	708.34	7307.27
1457553534.0 194904.35	999.70	29.30	-24.68	277.29	195.62	-0.00	0.00	308.25	0.00	708.34	7307.27
1457553535.0 194904.35	998.04	29.11	-24.68	277.29	195.62	-0.00	0.00	308.25	0.00	708.34	7307.27
1457553536.0 194904.35	999.70	29.30	-24.68	275.54	194.44	-0.00	0.00	308.25	0.00	708.34	7307.27
1457553537.0 194904.35	999.70	29.30	-24.68	277.29	195.62	-0.00	0.00	308.25	0.00	708.34	7307.27
1457553538.0 194904.35	999.31	29.11	-24.68	279.04	199.16	-0.00	0.00	308.48	0.00	708.34	7307.27
1457553539.0 194904.35	998.91	28.93	-24.68	277.29	195.62	-0.00	0.00	308.25	0.00	708.34	7307.27
1457553540.0 194904.35	999.31	29.11	-24.68	277.29	195.62	-0.00	0.00	308.25	0.00	708.34	7307.27
1457553541.0 194904.35	999.70	29.30	-24.68	277.29	195.62	-0.00	0.00	308.25	0.00	708.34	7307.27
1457553542.0 194904.35	999.70	29.30	-24.68	277.29	195.62	-0.00	0.00	308.20	0.00	708.34	7307.27
1457553543.0 194904.35	998.04	29.11	-24.84	282.55	200.35	-0.00	0.00	308.48	0.00	708.34	7307.27
1457553544.0 194904.35	999.70	29.30	-24.68	279.04	196.79	-0.00	0.00	308.25	0.00	708.34	7307.27
1457553545.0 194904.35	998.91	28.93	-24.68	279.04	195.62	-0.00	0.00	308.25	0.00	708.34	7307.27
1457553546.0 194904.35	998.04	29.11	-24.68	279.04	195.62	-0.00	0.00	308.25	0.00	708.34	7307.27
1457553547.0 194904.35	999.31	29.11	-24.68	279.04	195.62	-0.00	0.00	308.25	0.00	708.34	7307.27
1457553548.0 194904.35	998.04	29.11	-24.68	284.31	199.16	-0.00	0.00	308.42	0.00	708.34	7307.27
1457553549.0 194904.35	999.70	29.30	-24.68	282.55	196.79	-0.00	0.00	308.31	0.00	708.34	7307.27
1457553550.0 194904.35	999.31	29.11	-24.68	280.80	195.62	-0.00	0.00	308.25	0.00	708.34	7307.27
1457553551.0 194904.35	998.91	28.93	-24.68	282.55	195.62	-0.00	0.00	308.31	0.00	708.34	7307.27
1457553552.0 194904.35	999.31	29.11	-24.68	282.55	195.62	-0.00	0.00	308.25	0.00	708.34	7307.27
1457553553.0 194904.35	997.65	28.93	-24.68	282.55	194.44	-0.00	0.00	308.20	0.00	708.34	7307.27
1457553554.0 194904.35	998.04	29.11	-24.84	287.81	200.35	-0.00	0.00	308.48	0.00	708.34	7307.27
1457553555.0 194904.35	999.31	29.11	-24.68	286.06	195.62	-0.00	0.00	308.25	0.00	708.34	7307.27
1457553556.0 194904.35	999.70	29.30	-24.84	291.32	195.62	-0.00	0.00	308.25	0.00	708.34	7307.27
1457553557.0 194904.35	998.91	28.93	-24.84	307.10	195.62	-0.00	0.00	308.25	0.00	708.34	7307.27
1457553558.0 194904.35	999.70	29.30	-24.68	326.39	195.62	-0.00	0.00	308.25	0.00	708.34	7307.27
1457553559.0 194904.35	998.04	29.11	-24.68	329.89	199.16	-0.00	0.00	308.54	0.00	708.34	7307.27
1457553560.0 194904.35	999.31	29.11	-24.84	319.37	195.62	-0.00	0.00	308.25	0.00	708.34	7307.27
1457553561.0 194904.35	999.31	29.11	-24.68	328.14	194.44	-0.00	0.00	308.25	0.00	708.34	7307.27
1457553562.0 194904.35	998.04	29.11	-24.68	354.44	195.62	-0.00	0.00	308.25	0.00	708.34	7307.27
1457553563.0 194904.35	1000.10	29.49	-24.68	366.71	195.62	-0.00	0.00	308.25	0.00	708.34	7307.27
1457553564.0 194904.35	998.04	29.11	-24.68	378.98	199.16	-0.00	0.00	308.42	0.00	708.34	7307.27
1457553565.0 194904.35	999.31	29.11	-24.68	375.47	196.79	-0.00	0.00	308.25	0.00	708.34	7307.27
1457553566.0 194904.35	1000.10	29.49	-24.68	361.45	195.62	-0.00	0.00	308.25	0.00	708.34	7307.27
1457553567.0 194904.35	999.31	29.11	-24.68	333.40	195.62	-0.00	0.00	308.25	0.00	708.34	7307.27
1457553568.0 194904.35	1000.57	29.11	-24.68	319.37	195.62	-0.00	0.00	308.25	0.00	708.34	7307.27
1457553569.0 194904.35	999.31	29.11	-24.68	329.89	199.16	-0.00	0.00	308.42	0.00	708.34	7307.27
1457553570.0 194904.35	999.31	29.11	-24.68	345.67	195.62	-0.00	0.00	308.25	0.00	708.34	7307.27
1457553571.0 194904.35	999.31	29.11	-24.68	354.44	195.62	-0.00	0.00	308.25	0.00	708.34	7307.27
1457553572.0 194904.35	999.31	29.11	-24.68	349.18	194.44	-0.00	0.00	308.25	0.00	708.34	7307.27
1457553573.0 194904.35	999.31	29.11	-24.68	363.20	194.44	-0.00	0.00	308.25	0.00	708.34	7307.27
1457553574.0 194904.35	997.65	28.93	-24.84	380.73	200.35	-0.00	0.00	308.48	0.00	708.34	7307.27
1457553575.0 194904.35	997.25	28.74	-24.68	363.20	195.62	-0.00	0.00	308.25	0.00	708.34	7307.27
1457553576.0 194904.35	998.44	29.30	-24.68	345.67	194.44	-0.00	0.00	308.25	0.00	708.34	7307.27
1457553577.0 194904.35	998.91	28.93	-24.68	336.91	195.62	-0.00	0.00	308.20	0.00	708.34	7307.27
1457553578.0 194904.35	997.65	28.93	-24.68	342.17	195.62	-0.00	0.00	308.25	0.00	708.34	7307.27
1457553579.0 194904.35	998.04	29.11	-24.68	343.92	199.16	-0.00	0.00	308.42	0.00	708.34	7307.27
1457553580.0 194904.35	998.04	29.11	-24.84	333.40	195.62	-0.00	0.00	308.31	0.00	708.34	7307.27
1457553581.0 194904.35	998.91	28.93	-24.68	331.65	194.44	-0.00	0.00	308.25	0.00	708.34	7307.27
1457553582.0 194904.35	997.65	28.93	-24.68	343.92	195.62	-0.00	0.00	308.25	0.00	708.34	7307.27
1457553583.0 194904.35	1000.18	28.93	-24.68	338.66	194.44	-0.00	0.00	308.25	0.00	708.34	7307.27
1457553584.0 194904.35	999.31	29.11	-24.84	336.91	199.16	-0.00	0.00	308.48	0.00	708.34	7307.27
1457553584.0 194904.35	998.52	28.74	-24.68	326.39	195.62	-0.00	0.00	308.20	0.00	708.34	7307.27
1457553585.0 194904.35	998.91	28.93	-24.68	319.37	195.62	-0.00	0.00	308.25	0.00	708.34	7307.27
1457553586.0 194904.35	998.52	28.74	-24.68	310.61	195.62	-0.00	0.00	308.25	0.00	708.34	7307.27
1457553587.0 194904.35	998.91	28.93	-24.68	307.10	195.62	-0.00	0.00	308.25	0.00	708.34	7307.27
1457553588.0 194904.35	998.52	28.74	-24.68	310.61	199.16	-0.00	0.00	308.42	0.00	708.34	7307.27
1457553589.0 194904.35	998.91	28.93	-24.68	308.85	195.62	-0.00	0.00	308.25	0.00	708.34	7307.27
1457553590.0 194904.35	997.25	28.74	-24.84	305.35	194.44	-0.00	0.00	308.25	0.00	708.34	7307.27
1457553591.0 194904.35	998.52	28.74	-24.68	301.84	195.62	-0.00	0.00	308.25	0.00	708.34	7307.27
1457553592.0 194904.35	997.65	28.93	-24.68	301.84	195.62	-0.00	0.00	308.25	0.00	708.34	7307.27
1457553593.0 194904.35	997.65	28.93	-24.84	305.35	199.16	-2.33	0.00	308.48	0.00	708.34	7307.27
1457553594.0 194904.35	998.52	28.74	-24.68	300.09	195.62	-0.00	0.00	308.25	0.00	708.34	7307.27
1457553595.0 194904.35	999.78	28.74	-24.68	301.84	195.62	-0.00	0.00	308.25	0.00	708.34	7307.27
1457553596.0 194904.35	997.25	28.74	-24.68	301.84	195.62	-0.00	0.00	308.20	0.00	708.34	7307.27
1457553597.0 194904.35	999.38	28.55	-24.68	303.59	195.62	-2.33	0.00	308.31	0.00	708.34	7307.27
1457553598.0 194904.35	999.78	28.74	-24.68	310.61	200.35	-0.00	0.00	308.48	0.00	708.34	7307.27
1457553599.0 194904.35	998.12	28.55	-24.68	310.61	195.62	-0.00	0.00	308.25	0.00	708.34	7307.27
1457553600.0 194904.35	998.52	28.74	-24.68	314.11	194.44	-0.00	0.00	308.25	0.00	708.34	7307.27
