1484236238.0 52 0.00	1001.44	28.93	68.35	867.01	213.72	31.42	0.00	309.10	139.56	0.00	0.00
1484236239.0 52 0.00	1001.84	29.11	68.04	860.03	210.02	31.81	0.00	309.04	131.11	0.00	0.00
1484236240.0 52 0.00	1001.04	28.74	65.51	886.20	221.22	31.31	0.00	309.10	131.11	0.00	0.00
1484236241.0 51 0.00	1001.04	28.74	69.62	858.28	210.02	32.18	0.00	308.93	131.11	0.00	0.00
1484236243.0 51 0.00	1001.04	28.74	69.46	865.26	213.72	31.53	0.00	309.10	135.13	0.00	0.00
1484236244.0 51 0.00	1001.04	28.74	80.06	867.01	212.48	31.65	0.00	309.15	131.11	0.00	0.00
1484236245.0 51 0.00	1001.04	28.74	78.32	880.96	218.70	31.26	0.00	309.15	135.13	0.00	0.00
1484236246.0 51 0.00	1000.65	28.55	84.18	858.28	211.25	31.42	0.00	308.93	139.56	0.00	0.00
1484236247.0 51 0.00	1001.04	28.74	78.01	867.01	218.70	31.25	0.00	309.32	135.13	0.00	0.00
1484236248.0 51 0.00	1001.04	28.74	66.61	872.24	213.72	30.79	0.00	309.15	131.11	0.00	0.00
1484236249.0 51 0.00	1001.91	28.55	71.04	853.05	208.80	31.59	0.00	309.21	131.11	0.00	0.00
1484236250.0 51 0.00	1002.70	28.93	70.73	851.30	208.80	31.64	0.00	308.93	135.13	0.00	0.00
1484236251.0 51 0.00	1001.91	28.55	76.42	860.03	211.25	31.43	0.00	308.87	131.11	0.00	0.00
1484236252.0 51 0.00	1001.91	28.55	69.78	846.06	206.36	31.64	0.00	308.87	131.11	0.00	0.00
1484236253.0 51 0.00	1001.51	28.36	66.93	880.96	223.76	30.84	0.00	309.21	139.56	0.00	0.00
1484236254.0 51 0.00	1001.51	28.36	66.77	851.30	208.80	31.36	0.00	308.87	135.13	0.00	0.00
1484236255.0 52 0.00	1003.17	28.55	69.46	851.30	211.25	31.20	0.00	309.27	131.11	0.00	0.00
1484236256.0 52 0.00	1000.65	28.55	70.09	854.79	210.02	31.14	0.00	309.21	135.13	0.00	0.00
1484236257.0 52 0.00	1000.65	28.55	73.42	860.03	213.72	31.31	23.04	308.87	131.11	0.00	0.00
1484236258.0 52 0.00	1001.11	28.18	71.68	867.01	214.96	30.48	0.00	309.10	156.18	0.00	0.00
1484236259.0 52 0.00	1001.11	28.18	69.78	860.03	212.48	30.15	0.00	309.27	144.47	0.00	0.00
1484236260.0 52 0.00	1000.32	27.80	67.56	863.52	216.20	30.48	0.00	309.04	139.56	0.00	0.00
1484236261.0 52 0.00	1001.98	27.99	65.51	863.52	213.72	30.47	0.00	309.04	139.56	0.00	0.00
1484236262.0 52 0.00	1001.11	28.18	69.94	867.01	213.72	29.96	0.00	309.27	139.56	0.00	0.00
1484236263.0 52 0.00	1000.72	27.99	76.74	877.47	218.70	29.89	0.00	309.15	149.97	0.00	0.00
1484236264.0 52 0.00	1002.37	28.18	76.74	856.54	211.25	30.04	0.00	309.21	144.47	0.00	0.00
1484236265.0 52 0.00	1002.37	28.18	68.51	877.47	217.45	30.35	0.00	309.21	144.47	0.00	0.00
1484236266.0 52 0.00	1001.58	27.80	71.84	861.77	212.48	30.35	14.40	308.82	144.47	0.00	0.00
1484236298.0 51 -0.00	1001.11	28.18	67.25	872.24	218.70	28.20	211.66	309.21	149.97	0.00	0.00
1484236380.0 46 -0.00	1002.37	28.18	61.87	886.20	213.72	25.35	15.84	308.93	171.46	0.00	0.00
1484236381.0 46 -0.00	1001.11	28.18	68.04	886.20	214.96	25.86	0.00	308.98	181.11	0.00	0.00
1484236382.0 46 -0.00	1001.51	28.36	70.41	879.22	212.48	24.10	0.00	309.04	192.69	0.00	0.00
1484236383.0 46 -0.00	1000.72	27.99	78.48	863.52	206.36	26.27	0.00	308.70	181.11	0.00	0.00
1484236384.0 46 -0.00	1000.72	27.99	77.06	872.24	207.58	26.17	0.00	308.87	181.11	0.00	0.00
1484236385.0 46 -0.00	1002.37	28.18	77.06	867.01	205.15	25.56	0.00	308.82	171.46	0.00	0.00
1484236387.0 46 -0.00	1001.11	28.18	68.83	884.45	213.72	24.84	0.00	309.10	192.69	0.00	0.00
1484236388.0 46 -0.00	1001.11	28.18	68.20	898.41	218.70	24.69	0.00	309.04	192.69	0.00	0.00
1484236389.0 46 -0.00	1000.72	27.99	73.42	894.92	216.20	24.73	0.00	308.98	181.11	0.00	0.00
1484236390.0 46 -0.00	1000.72	27.99	76.42	886.20	214.96	24.47	0.00	309.21	192.69	0.00	0.00
1484236391.0 46 -0.00	1001.98	27.99	78.16	875.73	211.25	24.52	0.00	309.21	192.69	0.00	0.00
1484236392.0 46 -0.00	1001.98	27.99	82.59	891.43	217.45	24.10	0.00	309.38	192.69	0.00	0.00
1484236393.0 46 -0.00	1000.72	27.99	68.83	887.94	214.96	25.32	0.00	308.93	192.69	0.00	0.00
1484236394.0 46 -0.00	1001.11	28.18	66.14	872.24	211.25	24.49	0.00	308.98	192.69	0.00	0.00
1484236395.0 46 -0.00	1002.77	28.36	76.90	870.50	210.02	24.77	0.00	308.87	192.69	0.00	0.00
1484236396.0 46 -0.00	1002.37	28.18	80.38	870.50	216.20	24.93	0.00	309.15	171.46	0.00	0.00
1484236397.0 46 -0.00	1001.11	28.18	74.84	870.50	210.02	25.23	0.00	309.04	192.69	0.00	0.00
1484236398.0 46 -0.00	1001.51	28.36	72.63	891.43	218.70	25.10	0.00	309.10	181.11	0.00	0.00
1484236399.0 46 -0.00	1001.51	28.36	71.68	896.66	222.49	24.91	0.00	309.27	206.97	0.00	0.00
1484236400.0 46 -0.00	1001.51	28.36	76.11	877.47	212.48	24.86	0.00	308.93	181.11	0.00	0.00
1484236401.0 46 -0.00	1001.11	28.18	78.96	870.50	212.48	24.27	0.00	309.32	192.69	0.00	0.00
1484236402.0 46 -0.00	1001.11	28.18	79.43	884.45	218.70	24.89	0.00	309.10	206.97	0.00	0.00
1484236403.0 46 -0.00	1001.91	28.55	75.16	861.77	210.02	25.19	0.00	308.93	192.69	0.00	0.00
1484236404.0 46 -0.00	1001.11	28.18	71.84	860.03	207.58	25.19	0.00	308.82	181.11	0.00	0.00
1484236405.0 46 -0.00	1001.51	28.36	71.36	856.54	208.80	24.98	0.00	308.93	181.11	0.00	0.00
1484236406.0 46 -0.00	1001.51	28.36	77.22	858.28	208.80	24.10	0.00	309.27	181.11	0.00	0.00
1484236407.0 46 -0.00	1001.51	28.36	81.49	886.20	218.70	23.69	0.00	309.15	206.97	0.00	0.00
1484236408.0 46 -0.00	1001.51	28.36	78.96	858.28	207.58	25.22	0.00	308.87	181.11	0.00	0.00
1484236410.0 49 -0.00	1001.51	28.36	77.22	858.28	208.80	26.02	0.00	308.76	181.11	0.00	0.00
1484236411.0 49 -0.00	1001.11	28.18	78.01	870.50	210.02	25.35	0.00	308.76	225.21	0.00	0.00
1484236412.0 49 -0.00	1001.51	28.36	80.85	879.22	217.45	23.80	0.00	309.15	192.69	0.00	0.00
1484236413.0 49 -0.00	1002.77	28.36	78.16	870.50	212.48	24.03	0.00	308.98	192.69	0.00	0.00
1484236416.0 49 -0.00	1001.51	28.36	71.20	860.03	217.45	24.37	0.00	308.98	206.97	0.00	0.00
1484236417.0 49 -0.00	1001.51	28.36	79.27	860.03	210.02	23.72	0.00	309.04	192.69	0.00	0.00
1484236418.0 49 -0.00	1001.91	28.55	74.68	870.50	214.96	25.22	0.00	308.93	181.11	0.00	0.00
1484236419.0 49 -0.00	1001.91	28.55	75.16	863.52	210.02	24.23	0.00	308.76	192.69	0.00	0.00
1484236420.0 49 -0.00	1001.51	28.36	76.42	856.54	208.80	24.21	0.00	308.82	206.97	0.00	0.00
1484236421.0 49 -0.00	1001.51	28.36	78.48	865.26	212.48	23.48	0.00	309.27	192.69	0.00	0.00
1484236422.0 49 -0.00	1001.91	28.55	73.26	868.75	212.48	22.81	0.00	309.21	206.97	0.00	0.00
1484236423.0 49 -0.00	1001.91	28.55	71.52	875.73	213.72	23.69	0.00	309.43	206.97	0.00	0.00
1484236424.0 49 -0.00	1001.51	28.36	70.09	891.43	219.96	23.01	0.00	309.27	192.69	0.00	0.00
1484236425.0 49 -0.00	1001.91	28.55	73.42	865.26	211.25	23.99	0.00	308.98	225.21	0.00	0.00
1484236426.0 49 -0.00	1001.51	28.36	78.96	867.01	210.02	23.48	0.00	309.32	192.69	0.00	0.00
1484236427.0 49 -0.00	1001.91	28.55	83.23	889.69	218.70	22.86	0.00	309.21	192.69	0.00	0.00
1484236428.0 49 -0.00	1001.51	28.36	80.06	865.26	211.25	23.97	0.00	308.93	206.97	0.00	0.00
1484236560.0 47 -0.00	1001.91	28.55	66.61	935.03	218.70	14.74	391.65	309.15	344.01	0.00	0.00
1484236561.0 47 -0.00	1001.91	28.55	65.51	917.59	211.25	13.35	0.00	309.04	473.68	0.00	0.00
1484236562.0 47 -0.00	1003.57	28.74	72.94	926.31	213.72	17.16	0.00	309.04	344.01	0.00	0.00
1484236563.0 47 -0.00	1001.91	28.55	68.35	898.41	205.15	18.08	0.00	308.70	285.25	0.00	0.00
1484236564.0 47 -0.00	1001.04	28.74	74.84	908.87	207.58	14.48	0.00	309.04	285.25	0.00	0.00
1484236565.0 47 -0.00	1001.51	28.36	77.22	914.10	208.80	15.23	0.00	308.93	344.01	0.00	0.00
1484236567.0 47 -0.00	1000.65	28.55	74.68	936.77	217.45	13.79	0.00	309.10	285.25	0.00	0.00
1484236568.0 47 -0.00	1001.91	28.55	72.78	919.33	210.02	15.73	0.00	308.87	344.01	0.00	0.00
1484236569.0 47 -0.00	1001.51	28.36	81.49	919.33	212.48	15.07	0.00	308.98	285.25	0.00	0.00
1484236570.0 47 -0.00	1000.65	28.55	82.91	915.85	211.25	13.11	0.00	309.27	285.25	0.00	0.00
1484236571.0 47 -0.00	1000.25	28.36	76.42	908.87	208.80	13.11	0.00	308.98	285.25	0.00	0.00
1484236572.0 47 -0.00	1000.25	28.36	85.76	914.10	212.48	16.30	0.00	309.32	344.01	0.00	0.00
1484236573.0 47 -0.00	1001.11	28.18	78.96	914.10	211.25	13.23	0.00	309.32	344.01	0.00	0.00
1484236574.0 47 -0.00	1001.91	28.55	83.39	908.87	210.02	13.23	0.00	308.98	344.01	0.00	0.00
1484236576.0 47 -0.00	1001.11	28.18	91.61	917.59	212.48	10.45	0.00	309.38	344.01	0.00	0.00
1484236577.0 48 -0.00	1000.25	28.36	87.82	921.08	212.48	14.39	0.00	308.98	0.00	0.00	0.00
1484236578.0 48 -0.00	1001.51	28.36	94.46	938.51	214.96	14.39	0.00	308.87	206.97	0.00	0.00
1484236579.0 48 -0.00	1002.37	28.18	85.28	943.74	216.20	13.11	0.00	309.10	0.00	0.00	0.00
1484236580.0 48 -0.00	1002.37	28.18	87.03	917.59	211.25	14.74	0.00	309.04	285.25	0.00	0.00
1484236581.0 48 -0.00	1002.37	28.18	91.77	931.54	216.20	12.29	0.00	308.98	344.01	0.00	0.00
1484236583.0 48 -0.00	1001.98	27.99	94.78	933.28	217.45	13.46	0.00	308.93	344.01	0.00	0.00
1484236584.0 48 -0.00	1001.98	27.99	92.56	921.08	212.48	13.23	0.00	309.15	0.00	0.00	0.00
1484236585.0 48 -0.00	1001.98	27.99	101.74	938.51	214.96	12.72	0.00	308.98	0.00	0.00	0.00
1484236586.0 48 -0.00	1001.98	27.99	106.01	915.85	210.02	15.23	0.00	308.98	344.01	0.00	0.00
1484236587.0 48 -0.00	1001.98	27.99	100.00	926.31	212.48	11.65	0.00	308.98	473.68	0.00	0.00
1484236588.0 48 -0.00	1000.72	27.99	102.53	926.31	213.72	11.28	0.00	309.10	0.00	0.00	0.00
1484236589.0 47 -0.00	1003.24	27.99	94.30	924.57	212.48	14.00	0.00	308.82	285.25	0.00	0.00
1484236590.0 47 -0.00	1002.84	27.80	92.25	926.31	212.48	12.14	0.00	309.10	473.68	0.00	0.00
1484236592.0 47 -0.00	1001.58	27.80	92.09	929.80	213.72	12.44	0.00	309.10	473.68	0.00	0.00
1484236593.0 47 -0.00	1000.72	27.99	99.37	924.57	211.25	13.69	0.00	309.27	0.00	0.00	0.00
1484236594.0 47 -0.00	1003.24	27.99	93.51	915.85	208.80	11.98	0.00	309.04	473.68	0.00	0.00
1484236595.0 47 -0.00	1001.98	27.99	98.89	926.31	212.48	12.14	0.00	309.10	0.00	0.00	0.00
1484236596.0 47 -0.00	1001.98	27.99	87.50	924.57	211.25	11.47	0.00	309.27	344.01	0.00	0.00
1484236597.0 47 -0.00	1001.58	27.80	82.59	919.33	210.02	12.29	0.00	308.93	0.00	0.00	0.00
1484236598.0 47 -0.00	1000.72	27.99	80.38	928.05	216.20	11.28	0.00	309.15	344.01	0.00	0.00
1484236599.0 47 -0.00	1001.58	27.80	82.28	924.57	217.45	10.68	0.00	309.27	344.01	0.00	0.00
1484236601.0 47 -0.00	1000.72	27.99	69.94	921.08	210.02	12.29	0.00	308.98	344.01	0.00	0.00
1484236602.0 48 -0.00	1001.58	27.80	66.93	955.94	218.70	12.29	0.00	309.10	285.25	0.00	0.00
1484236603.0 48 -0.00	1001.98	27.99	73.58	924.57	210.02	13.11	0.00	309.15	473.68	0.00	0.00
1484236604.0 48 -0.00	1000.72	27.99	72.31	926.31	211.25	9.71	0.00	309.10	0.00	0.00	0.00
1484236605.0 48 -0.00	1000.72	27.99	71.99	919.33	210.02	11.65	0.00	309.04	473.68	0.00	0.00
1484236606.0 48 -0.00	1001.58	27.80	76.42	954.20	222.49	13.23	0.00	308.98	344.01	0.00	0.00
1484236607.0 48 -0.00	1000.32	27.80	76.90	938.51	216.20	13.46	0.00	309.10	0.00	0.00	0.00
1484236608.0 48 -0.00	1000.72	27.99	74.84	931.54	211.25	12.29	0.00	308.98	473.68	0.00	0.00
1484236609.0 48 -0.00	1001.58	27.80	76.27	928.05	211.25	11.82	0.00	308.93	344.01	0.00	0.00
1484236610.0 48 -0.00	1001.98	27.99	77.06	929.80	211.25	12.58	0.00	308.87	473.68	0.00	0.00
1484236611.0 48 -0.00	1000.72	27.99	77.22	924.57	210.02	11.82	0.00	309.27	344.01	0.00	0.00
1484236613.0 48 -0.00	1000.72	27.99	77.22	924.57	210.02	9.43	0.00	309.32	285.25	0.00	0.00
1484236614.0 48 -0.00	1000.72	27.99	77.06	924.57	212.48	11.65	0.00	309.10	344.01	0.00	0.00
1484236615.0 48 -0.00	1002.37	28.18	69.30	921.08	211.25	10.89	0.00	308.93	249.72	0.00	0.00
1484236616.0 48 -0.00	1001.58	27.80	81.65	945.48	216.20	15.07	0.00	308.98	285.25	0.00	0.00
1484236617.0 48 -0.00	1000.72	27.99	79.59	938.51	216.20	12.72	0.00	309.27	473.68	0.00	0.00
1484236618.0 48 -0.00	1001.11	28.18	73.58	936.77	212.48	15.15	0.00	308.93	285.25	0.00	0.00
1484236619.0 48 -0.00	1002.37	28.18	85.92	928.05	211.25	13.58	0.00	308.98	344.01	0.00	0.00
1484236621.0 48 -0.00	1001.11	28.18	87.03	935.03	213.72	11.47	0.00	308.98	0.00	0.00	0.00
1484236622.0 48 -0.00	1001.11	28.18	87.82	938.51	212.48	12.14	0.00	308.87	0.00	0.00	0.00
1484236623.0 48 -0.00	1001.51	28.36	89.72	928.05	210.02	10.89	0.00	308.98	344.01	0.00	0.00
1484236636.0 47 -0.00	1000.65	28.55	82.75	943.74	212.48	6.70	0.00	308.98	473.68	0.00	0.00
1484236637.0 47 -0.00	1001.91	28.55	89.24	952.46	217.45	12.58	0.00	309.04	473.68	0.00	0.00
1484236638.0 47 -0.00	1001.91	28.55	91.46	936.77	211.25	9.71	0.00	308.98	473.68	0.00	0.00
1484236639.0 47 -0.00	1001.91	28.55	87.97	938.51	211.25	8.46	0.00	309.21	0.00	0.00	0.00
1484236640.0 47 -0.00	1001.91	28.55	94.62	929.80	208.80	8.08	0.00	308.93	0.00	0.00	0.00
1484236641.0 48 -0.00	1000.65	28.55	96.99	935.03	211.25	10.22	0.00	308.98	473.68	0.00	0.00
1484236642.0 48 -0.00	1001.04	28.74	96.52	933.28	208.80	12.58	0.00	308.87	0.00	0.00	0.00
1484236643.0 48 -0.00	1001.04	28.74	98.42	928.05	207.58	13.11	0.00	308.87	344.01	0.00	0.00
1484236644.0 48 -0.00	1002.70	28.93	100.79	945.48	213.72	14.48	0.00	309.21	285.25	0.00	0.00
1484236645.0 48 -0.00	1001.44	28.93	104.11	959.43	218.70	12.85	0.00	309.10	0.00	0.00	0.00
1484236647.0 48 -0.00	1001.44	28.93	104.59	955.94	216.20	11.98	0.00	309.10	285.25	0.00	0.00
1484236648.0 48 -0.00	1002.70	28.93	104.43	938.51	210.02	11.98	0.00	308.98	285.25	0.00	0.00
1484236649.0 48 -0.00	998.91	28.93	106.65	942.00	210.02	10.68	0.00	308.98	0.00	0.00	0.00
1484236650.0 48 -0.00	1001.84	29.11	104.75	947.23	213.72	10.68	0.00	308.87	473.68	0.00	0.00
1484236651.0 48 -0.00	1001.84	29.11	111.87	942.00	211.25	13.23	0.00	309.04	344.01	0.00	0.00
1484236652.0 48 -0.00	1001.84	29.11	110.28	935.03	210.02	11.47	0.00	309.32	473.68	0.00	0.00
1484236656.0 48 -0.00	999.70	29.30	106.01	952.46	214.96	14.29	0.00	309.10	344.01	0.00	0.00
1484236657.0 48 -0.00	1002.23	29.30	102.37	950.71	214.96	12.14	0.00	309.04	0.00	0.00	0.00
1484236658.0 48 -0.00	999.70	29.30	105.54	942.00	213.72	14.66	0.00	308.87	344.01	0.00	0.00
1484236660.0 48 -0.00	999.70	29.30	103.16	942.00	213.72	10.45	0.00	308.98	0.00	0.00	0.00
1484236669.0 48 -0.00	1003.03	29.67	94.62	945.48	213.72	13.46	0.00	308.98	473.68	0.00	0.00
1484236671.0 48 -0.00	1001.36	29.49	93.04	954.20	219.96	8.08	0.00	309.55	0.00	0.00	0.00
1484236673.0 48 -0.00	1001.36	29.49	83.54	936.77	217.45	7.67	0.00	309.27	0.00	0.00	0.00
1484236674.0 48 -0.00	1001.76	29.67	81.17	936.77	212.48	11.98	0.00	309.04	473.68	0.00	0.00
1484236675.0 48 -0.00	1001.76	29.67	80.54	959.43	216.20	11.09	0.00	308.98	473.68	0.00	0.00
1484236676.0 48 -0.00	1001.36	29.49	77.06	950.71	216.20	12.44	0.00	308.98	344.01	0.00	0.00
1484236677.0 48 -0.00	1001.76	29.67	83.70	938.51	210.02	10.68	0.00	309.04	473.68	0.00	0.00
1484236678.0 48 -0.00	1001.76	29.67	79.43	940.25	211.25	10.22	0.00	309.10	473.68	0.00	0.00
1484236679.0 48 -0.00	1001.76	29.67	76.42	943.74	212.48	11.47	0.00	308.98	0.00	0.00	0.00
1484236680.0 46 -0.00	1000.50	29.67	82.59	929.80	208.80	9.97	0.00	309.04	0.00	0.00	0.00
1484236681.0 46 -0.00	1001.76	29.67	77.85	955.94	214.96	11.47	0.00	308.93	344.01	0.00	0.00
1484236683.0 46 -0.00	1001.76	29.67	75.16	966.40	219.96	7.67	0.00	308.93	344.01	0.00	0.00
1484236684.0 46 -0.00	1001.76	29.67	78.48	936.77	208.80	10.68	0.00	308.87	473.68	0.00	0.00
1484236685.0 46 -0.00	1000.89	29.86	81.01	936.77	210.02	10.89	0.00	309.27	285.25	0.00	0.00
1484236686.0 46 -0.00	1003.42	29.86	73.89	950.71	216.20	9.13	0.00	309.10	473.68	0.00	0.00
1484236687.0 46 -0.00	1001.76	29.67	67.88	942.00	212.48	9.13	0.00	309.04	0.00	0.00	0.00
1484236688.0 46 -0.00	1000.50	29.67	75.47	940.25	211.25	10.68	0.00	308.98	473.68	0.00	0.00
1484236689.0 46 -0.00	1000.50	29.67	75.79	945.48	212.48	11.82	0.00	308.93	0.00	0.00	0.00
1484236690.0 46 -0.00	1001.76	29.67	68.83	938.51	211.25	12.44	0.00	309.04	0.00	0.00	0.00
1484236691.0 46 -0.00	1000.89	29.86	69.78	947.23	213.72	12.72	0.00	309.04	473.68	0.00	0.00
1484236692.0 46 -0.00	1003.42	29.86	57.44	952.46	212.48	11.47	0.00	308.82	473.68	0.00	0.00
1484236694.0 46 -0.00	1001.76	29.67	64.24	931.54	207.58	6.12	0.00	308.93	473.68	0.00	0.00
1484236695.0 46 -0.00	1002.16	29.86	63.61	948.97	213.72	12.44	0.00	309.43	473.68	0.00	0.00
1484236696.0 46 -0.00	1001.76	29.67	66.93	957.68	218.70	11.65	0.00	309.15	473.68	0.00	0.00
1484236697.0 46 -0.00	1000.89	29.86	73.73	961.17	217.45	12.98	0.00	309.32	0.00	0.00	0.00
1484236698.0 46 -0.00	1000.50	29.67	57.28	940.25	210.02	10.89	0.00	309.10	473.68	0.00	0.00
1484236699.0 46 -0.00	1001.76	29.67	53.96	964.65	218.70	11.82	0.00	309.10	0.00	0.00	0.00
1484236700.0 46 -0.00	1000.50	29.67	50.32	940.25	208.80	10.22	0.00	308.87	0.00	0.00	0.00
1484236701.0 46 -0.00	1001.76	29.67	58.54	948.97	212.48	11.65	0.00	309.10	473.68	0.00	0.00
1484236702.0 46 -0.00	1001.76	29.67	60.13	950.71	213.72	14.83	0.00	309.32	0.00	0.00	0.00
1484236703.0 46 -0.00	1001.76	29.67	58.23	942.00	211.25	10.89	0.00	309.04	285.25	0.00	0.00
1484236704.0 46 -0.00	999.63	29.86	50.32	943.74	210.02	10.22	0.00	308.98	285.25	0.00	0.00
1484236705.0 46 -0.00	1002.16	29.86	46.68	940.25	208.80	12.85	0.00	309.04	0.00	0.00	0.00
1484236706.0 47 -0.00	1002.55	30.05	52.06	945.48	211.25	9.43	0.00	308.87	473.68	0.00	0.00
1484236707.0 47 -0.00	1001.76	29.67	51.90	940.25	210.02	11.65	0.00	308.93	473.68	0.00	0.00
1484236708.0 47 -0.00	999.63	29.86	46.36	948.97	211.25	10.22	0.00	309.04	285.25	0.00	0.00
1484236710.0 47 -0.00	1002.16	29.86	60.60	952.46	211.25	13.11	0.00	308.87	344.01	0.00	0.00
1484236711.0 47 -0.00	1000.89	29.86	59.97	943.74	211.25	11.82	0.00	308.93	473.68	0.00	0.00
1484236712.0 47 -0.00	1002.16	29.86	64.72	954.20	212.48	10.22	0.00	308.98	344.01	0.00	0.00
1484236713.0 47 -0.00	999.23	29.67	65.82	957.68	213.72	12.14	0.00	308.87	285.25	0.00	0.00
1484236714.0 47 -0.00	1000.89	29.86	59.97	947.23	208.80	9.13	0.00	309.15	0.00	0.00	0.00
1484236715.0 47 -0.00	1000.89	29.86	53.48	962.91	219.96	11.28	0.00	309.43	473.68	0.00	0.00
1484236716.0 47 -0.00	1002.55	30.05	60.60	952.46	214.96	9.13	0.00	309.10	249.72	0.00	0.00
1484236717.0 47 -0.00	1000.02	30.05	66.77	964.65	214.96	11.09	0.00	308.93	473.68	0.00	0.00
1484236718.0 47 -0.00	1001.29	30.05	68.20	943.74	208.80	11.09	0.00	308.87	473.68	0.00	0.00
1484236719.0 47 -0.00	1001.29	30.05	60.92	943.74	208.80	11.65	0.00	308.98	0.00	0.00	0.00
1484236721.0 47 -0.00	1001.29	30.05	69.30	948.97	214.96	11.47	0.00	309.10	473.68	0.00	0.00
1484236722.0 47 -0.00	1000.89	29.86	55.70	955.94	213.72	10.22	0.00	309.38	0.00	0.00	0.00
1484236723.0 47 -0.00	1000.89	29.86	46.52	948.97	210.02	10.89	0.00	309.15	344.01	0.00	0.00
1484236724.0 47 -0.00	1000.02	30.05	51.42	952.46	212.48	9.13	0.00	308.93	473.68	0.00	0.00
1484236725.0 47 -0.00	1002.16	29.86	54.11	973.37	221.22	10.89	0.00	308.98	0.00	0.00	0.00
1484236726.0 47 -0.00	1000.02	30.05	46.52	966.40	214.96	13.11	0.00	309.04	344.01	0.00	0.00
1484236728.0 47 -0.00	1002.08	30.42	61.39	957.68	214.96	11.47	0.00	309.04	344.01	0.00	0.00
1484236729.0 47 -0.00	1001.68	30.23	49.21	969.88	217.45	12.72	0.00	309.04	344.01	0.00	0.00
1484236730.0 47 -0.00	1000.02	30.05	50.95	957.68	212.48	10.89	0.00	308.87	344.01	0.00	0.00
1484236731.0 47 -0.00	1001.68	30.23	52.06	955.94	213.72	8.81	0.00	309.55	0.00	0.00	0.00
1484236732.0 47 -0.00	1001.68	30.23	61.08	975.11	217.45	10.45	0.00	309.10	473.68	0.00	0.00
1484236733.0 48 -0.00	1001.29	30.05	55.22	945.48	207.58	9.97	0.00	308.82	473.68	0.00	0.00
1484236734.0 48 -0.00	1001.29	30.05	58.70	947.23	208.80	10.89	0.00	309.32	344.01	0.00	0.00
1484236735.0 48 -0.00	1001.29	30.05	67.41	954.20	211.25	7.67	0.00	309.38	0.00	0.00	0.00
1484236736.0 48 -0.00	1002.08	30.42	62.82	959.43	213.72	3.69	0.00	309.32	473.68	0.00	0.00
1484236737.0 48 -0.00	1001.68	30.23	53.32	952.46	212.48	6.12	0.00	309.15	473.68	0.00	0.00
1484236739.0 48 -0.00	1001.68	30.23	62.82	952.46	211.25	9.97	0.00	309.32	344.01	0.00	0.00
1484236740.0 48 -0.00	1000.42	30.23	56.96	969.88	214.96	6.12	0.00	309.10	344.01	0.00	0.00
1484236741.0 48 -0.00	1000.81	30.42	51.58	962.91	214.96	9.43	0.00	309.27	0.00	0.00	0.00
1484236742.0 48 -0.00	1000.81	30.42	59.81	964.65	217.45	11.47	0.00	309.15	473.68	0.00	0.00
1484236743.0 48 -0.00	1002.08	30.42	53.48	971.62	214.96	8.46	0.00	308.87	473.68	0.00	0.00
1484236744.0 48 -0.00	1001.68	30.23	50.16	952.46	212.48	9.71	0.00	308.98	0.00	0.00	0.00
1484236745.0 48 -0.00	1001.68	30.23	59.49	947.23	210.02	8.81	0.00	308.93	473.68	0.00	0.00
1484236746.0 48 -0.00	1000.81	30.42	52.37	947.23	213.72	9.97	0.00	309.15	473.68	0.00	0.00
1484236747.0 48 -0.00	1001.29	30.05	44.78	940.25	207.58	9.97	0.00	308.93	0.00	0.00	0.00
1484236748.0 48 -0.00	1001.68	30.23	53.32	964.65	216.20	6.12	0.00	309.15	0.00	0.00	0.00
1484236749.0 48 -0.00	1000.42	30.23	54.91	950.71	211.25	11.09	0.00	308.98	473.68	0.00	0.00
1484236750.0 48 -0.00	1001.68	30.23	43.67	952.46	210.02	8.81	0.00	308.87	344.01	0.00	0.00
1484236751.0 48 -0.00	1001.68	30.23	44.46	948.97	210.02	7.67	0.00	309.32	0.00	0.00	0.00
1484236753.0 48 -0.00	1000.02	30.05	50.47	964.65	216.20	9.13	0.00	309.04	473.68	0.00	0.00
1484236754.0 48 -0.00	1001.29	30.05	51.42	947.23	210.02	3.69	0.00	308.98	473.68	0.00	0.00
1484236755.0 48 -0.00	1001.68	30.23	50.47	969.88	217.45	13.46	0.00	309.10	473.68	0.00	0.00
1484236756.0 48 -0.00	1002.08	30.42	65.66	968.14	216.20	8.08	0.00	309.32	0.00	0.00	0.00
1484236757.0 48 -0.00	1001.29	30.05	54.11	954.20	210.02	7.67	0.00	309.15	473.68	0.00	0.00
1484236758.0 48 -0.00	1001.29	30.05	47.15	966.40	212.48	9.43	0.00	308.93	344.01	0.00	0.00
1484236759.0 48 -0.00	1003.35	30.42	52.22	976.85	218.70	12.44	0.00	309.15	0.00	0.00	0.00
1484236760.0 48 -0.00	1002.08	30.42	48.26	948.97	208.80	8.46	0.00	308.93	473.68	0.00	0.00
1484236761.0 48 -0.00	1000.42	30.23	44.62	969.88	214.96	12.14	0.00	309.04	473.68	0.00	0.00
1484236762.0 48 -0.00	1001.68	30.23	53.64	962.91	213.72	10.45	0.00	308.93	0.00	0.00	0.00
1484236764.0 48 -0.00	1003.35	30.42	49.21	975.11	216.20	8.08	0.00	308.93	473.68	0.00	0.00
1484236765.0 48 -0.00	1000.42	30.23	44.94	959.43	210.02	11.28	0.00	308.93	344.01	0.00	0.00
1484236766.0 48 -0.00	1002.08	30.42	52.06	950.71	210.02	6.12	0.00	308.93	473.68	0.00	0.00
1484236767.0 48 -0.00	1001.68	30.23	51.27	947.23	208.80	10.68	0.00	308.98	0.00	0.00	0.00
1484236768.0 48 -0.00	1002.08	30.42	42.56	973.37	216.20	9.13	0.00	308.98	473.68	0.00	0.00
1484236769.0 48 -0.00	1002.08	30.42	45.57	971.62	216.20	8.08	0.00	309.10	344.01	0.00	0.00
1484236770.0 48 -0.00	1000.81	30.42	45.25	952.46	210.02	9.71	0.00	308.93	0.00	0.00	0.00
1484236771.0 48 -0.00	1001.68	30.23	39.56	973.37	216.20	11.82	0.00	309.10	0.00	0.00	0.00
1484236772.0 49 -0.00	1001.21	30.61	51.27	950.71	208.80	11.82	0.00	308.87	285.25	0.00	0.00
1484236774.0 49 -0.00	1002.08	30.42	43.67	950.71	206.36	14.57	0.00	308.82	0.00	0.00	0.00
1484236775.0 49 -0.00	1002.08	30.42	55.06	957.68	208.80	10.22	0.00	308.87	0.00	0.00	0.00
1484236776.0 49 -0.00	1002.08	30.42	58.23	954.20	210.02	8.08	0.00	309.32	0.00	0.00	0.00
1484236777.0 49 -0.00	1002.08	30.42	52.22	973.37	214.96	9.13	0.00	309.15	344.01	0.00	0.00
1484236778.0 49 -0.00	1000.81	30.42	51.11	962.91	213.72	-2.33	0.00	309.21	0.00	0.00	0.00
1484236779.0 49 -0.00	1002.08	30.42	53.32	964.65	212.48	12.14	0.00	308.93	0.00	0.00	0.00
1484236780.0 49 -0.00	1002.08	30.42	51.90	950.71	208.80	10.89	0.00	308.93	0.00	0.00	0.00
1484236781.0 49 -0.00	1002.08	30.42	43.51	955.94	210.02	10.22	0.00	309.10	473.68	0.00	0.00
1484236782.0 49 -0.00	1000.81	30.42	49.05	957.68	213.72	9.71	0.00	309.21	344.01	0.00	0.00
1484236783.0 49 -0.00	1002.08	30.42	54.27	961.17	210.02	8.08	0.00	309.04	473.68	0.00	0.00
1484236784.0 49 -0.00	1001.68	30.23	56.96	961.17	210.02	10.68	0.00	308.93	0.00	0.00	0.00
1484236785.0 49 -0.00	1000.81	30.42	51.11	964.65	211.25	7.67	0.00	308.82	0.00	0.00	0.00
1484236786.0 49 -0.00	1000.81	30.42	54.43	955.94	210.02	7.21	0.00	309.21	0.00	0.00	0.00
1484236787.0 49 -0.00	1002.95	30.23	51.74	961.17	211.25	11.82	0.00	308.82	0.00	0.00	0.00
1484236788.0 49 -0.00	1001.29	30.05	61.39	990.79	217.45	6.12	0.00	309.04	0.00	0.00	0.00
1484236789.0 49 -0.00	1000.89	29.86	59.97	966.40	212.48	7.21	0.00	308.93	0.00	0.00	0.00
1484236790.0 49 -0.00	1002.55	30.05	60.44	980.33	214.96	7.21	0.00	308.93	473.68	0.00	0.00
1484236791.0 49 -0.00	1000.89	29.86	72.63	973.37	216.20	16.53	0.00	308.93	473.68	0.00	0.00
1484236792.0 49 -0.00	1000.89	29.86	67.88	954.20	210.02	3.69	0.00	308.93	0.00	0.00	0.00
1484236794.0 49 -0.00	1000.89	29.86	65.03	959.43	208.80	3.69	0.00	309.21	0.00	0.00	0.00
1484236795.0 49 -0.00	1002.16	29.86	65.66	952.46	208.80	5.45	0.00	308.98	344.01	0.00	0.00
1484236796.0 49 -0.00	1001.76	29.67	67.41	978.59	217.45	7.21	0.00	309.10	0.00	0.00	0.00
1484236797.0 49 -0.00	1000.50	29.67	59.97	978.59	216.20	3.69	0.00	309.32	0.00	0.00	0.00
1484236798.0 49 -0.00	1002.16	29.86	61.23	964.65	211.25	7.67	0.00	308.82	0.00	0.00	0.00
1484236799.0 49 -0.00	1001.76	29.67	63.13	964.65	212.48	6.12	0.00	309.04	0.00	0.00	0.00
