# Name = UIS1
# Version = 1.0
# Location = Universidad Industrial de Santander
# Sensors = Presion, Temperatura, Humedad, Irradiancia, Iluminancia, Ruido, LLuvia, CO2, NO2, Latitud, Longitud, Nubosidad
# Power = Red
# GPS = si
# Time Zone = UTC-5
# Data = UTCtime GPStime Presion Temperatura Humedad Irradiancia Iluminancia  Ruido Lluvia CO2 NO2 Latitud Longitud Nubosidad 
1472706001.0 100 152535.34	1001.40	19.58	-24.84	0.00	225.04	3.69	-666.00	309.60	0.00	708.92	7307.68
1472706002.0 100 152535.34	1000.16	19.58	-25.00	0.00	228.89	-0.00	-666.00	309.83	473.68	708.92	7307.68
1472706002.0 100 152535.34	1000.57	19.77	-24.84	0.00	226.32	5.45	-666.00	309.60	0.00	708.92	7307.68
1472706003.0 100 152535.34	1000.57	19.77	-25.00	0.00	228.89	7.67	-666.00	309.72	473.68	708.92	7307.68
1472706004.0 100 152535.34	1001.81	19.77	-25.00	0.00	228.89	-2.33	-666.00	309.77	473.68	708.92	7307.68
1472706005.0 100 152535.34	1000.97	19.95	-24.84	0.00	226.32	2.44	-666.00	309.72	0.00	708.92	7307.68
1472706005.0 100 152535.34	1000.57	19.77	-24.84	0.00	226.32	4.66	-666.00	309.66	0.00	708.92	7307.68
1472706006.0 100 152535.34	1000.57	19.77	-24.84	0.00	226.32	2.44	-666.00	309.66	473.68	708.92	7307.68
1472706007.0 100 152535.34	1000.16	19.58	-24.84	0.00	227.60	2.44	-666.00	309.66	0.00	708.92	7307.68
1472706008.0 100 152535.34	1000.57	19.77	-25.00	0.00	231.48	3.69	-666.00	309.77	0.00	708.92	7307.68
