# Name = UIS1
# Version = 1.0
# Location = Universidad Industrial de Santander
# Sensors = Presion, Temperatura, Humedad, Irradiancia, Iluminancia, Ruido, LLuvia, CO2, NO2, Latitud, Longitud, Nubosidad
# Power = Red
# GPS = si
# Time Zone = UTC-5
# Data = UTCtime GPStime Presion Temperatura Humedad Irradiancia Iluminancia  Ruido Lluvia CO2 NO2 Latitud Longitud Nubosidad 
1467694801.0 100 153448.71	1001.75	20.89	91.46	0.00	225.04	-0.00	-666.00	309.38	0.00	709.16	7307.07
1467694802.0 100 153448.71	1001.35	20.70	90.98	0.00	226.32	-0.00	-666.00	309.55	0.00	709.16	7307.07
1467694802.0 100 153448.71	1001.75	20.89	90.66	0.00	227.60	-0.00	-666.00	309.60	0.00	709.16	7307.07
1467694803.0 100 153448.71	1002.99	20.89	90.82	0.00	227.60	-2.33	-666.00	309.66	0.00	709.16	7307.07
1467694804.0 100 153448.71	1000.11	20.70	89.40	0.00	221.22	-0.00	-666.00	309.72	0.00	709.16	7307.07
1467694805.0 100 153448.71	1000.11	20.70	90.98	0.00	223.76	-2.33	-666.00	309.55	0.00	709.16	7307.07
1467694805.0 100 153448.71	1001.35	20.70	90.82	0.00	227.60	-2.33	-666.00	309.60	0.00	709.16	7307.07
1467694806.0 100 153448.71	1001.35	20.70	90.19	0.00	227.60	-2.33	-666.00	309.66	0.00	709.16	7307.07
1467694807.0 100 153448.71	1001.75	20.89	88.61	0.00	226.32	-2.33	-666.00	309.77	0.00	709.16	7307.07
1467694807.0 100 153448.71	1000.11	20.70	90.82	0.00	223.76	-0.00	-666.00	309.60	0.00	709.16	7307.07
1467694808.0 100 153448.71	1002.99	20.89	90.98	0.00	225.04	-2.33	-666.00	309.55	0.00	709.16	7307.07
