# Name = UIS1
# Version = 1.0
# Location = Universidad Industrial de Santander
# Sensors = Presion, Temperatura, Humedad, Irradiancia, Iluminancia, Ruido, LLuvia, CO2, NO2, Latitud, Longitud, Nubosidad
# Power = Red
# GPS = si
# Time Zone = UTC-5
# Data = UTCtime GPStime Presion Temperatura Humedad Irradiancia Iluminancia  Ruido Lluvia CO2 NO2 Latitud Longitud Nubosidad 
1459958401.0 5213.84	1002.77	28.36	-24.84	400.01	196.79	-0.00	0.00	308.31	0.00	708.34	7307.28
1459958402.0 5213.84	1002.37	28.18	-24.84	405.26	199.16	-0.00	0.00	308.42	0.00	708.34	7307.28
1459958403.0 5213.84	1001.51	28.36	-24.84	405.26	199.16	-0.00	0.00	308.48	0.00	708.34	7307.28
1459958404.0 5213.84	1002.77	28.36	-24.84	405.26	199.16	-0.00	0.00	308.42	0.00	708.34	7307.28
1459958405.0 5213.84	1002.77	28.36	-24.84	405.26	200.35	-2.33	0.00	308.54	0.00	708.34	7307.28
1459958406.0 5213.84	1002.37	28.18	-24.68	400.01	196.79	-0.00	0.00	308.31	0.00	708.34	7307.28
1459958407.0 5213.84	1001.98	27.99	-24.84	400.01	196.79	-0.00	0.00	308.31	0.00	708.34	7307.28
1459958408.0 5213.84	1002.37	28.18	-24.84	400.01	195.62	-0.00	0.00	308.31	0.00	708.34	7307.28
1459958409.0 5213.84	1002.37	28.18	-24.84	400.01	196.79	-0.00	0.00	308.31	0.00	708.34	7307.28
1459958410.0 5213.84	1000.72	27.99	-24.68	403.51	199.16	-0.00	0.00	308.37	0.00	708.34	7307.28
1459958411.0 5213.84	1002.37	28.18	-24.68	400.01	195.62	-0.00	0.00	308.31	0.00	708.34	7307.28
1459958412.0 5213.84	1002.37	28.18	-24.84	400.01	195.62	-0.00	0.00	308.31	0.00	708.34	7307.28
1459958413.0 5213.84	1002.37	28.18	-24.68	398.25	195.62	-0.00	0.00	308.31	0.00	708.34	7307.28
1459958414.0 5213.84	1002.37	28.18	-24.84	403.51	199.16	-0.00	0.00	308.42	0.00	708.34	7307.28
1459958415.0 5213.84	1001.11	28.18	-24.84	398.25	196.79	-0.00	0.00	308.31	0.00	708.34	7307.28
1459958416.0 5213.84	1002.37	28.18	-24.68	400.01	196.79	-0.00	0.00	308.31	0.00	708.34	7307.28
1459958417.0 5213.84	1001.98	27.99	-24.84	400.01	196.79	-0.00	0.00	308.31	0.00	708.34	7307.28
1459958418.0 5213.84	1002.37	28.18	-24.84	400.01	196.79	-0.00	0.00	308.37	0.00	708.34	7307.28
1459958419.0 5213.84	1002.37	28.18	-24.68	400.01	195.62	-0.00	0.00	308.31	0.00	708.34	7307.28
1459958420.0 5213.84	1001.98	27.99	-24.68	400.01	195.62	-0.00	0.00	308.31	0.00	708.34	7307.28
1459958421.0 5213.84	1001.11	28.18	-24.68	400.01	196.79	-0.00	0.00	308.31	0.00	708.34	7307.28
1459958422.0 5213.84	1002.77	28.36	-24.84	398.25	196.79	-0.00	0.00	308.31	0.00	708.34	7307.28
1459958423.0 5213.84	1002.37	28.18	-24.84	400.01	196.79	-0.00	0.00	308.31	0.00	708.34	7307.28
1459958424.0 5213.84	1001.51	28.36	-24.84	398.25	196.79	-0.00	0.00	308.31	0.00	708.34	7307.28
1459958425.0 5213.84	1001.98	27.99	-24.68	400.01	196.79	-0.00	0.00	308.31	0.00	708.34	7307.28
1459958426.0 5213.84	1001.51	28.36	-24.84	398.25	196.79	-0.00	0.00	308.31	0.00	708.34	7307.28
1459958427.0 5213.84	1002.37	28.18	-24.68	400.01	196.79	-0.00	0.00	308.31	0.00	708.34	7307.28
1459958428.0 5213.84	1002.37	28.18	-24.84	398.25	197.98	-0.00	0.00	308.31	0.00	708.34	7307.28
1459958429.0 5213.84	1002.37	28.18	-24.84	405.26	200.35	-0.00	0.00	308.48	0.00	708.34	7307.28
1459958430.0 5213.84	1002.37	28.18	-24.84	400.01	196.79	-0.00	0.00	308.31	0.00	708.34	7307.28
1459958431.0 5213.84	1000.72	27.99	-24.68	401.76	197.98	-0.00	0.00	308.31	0.00	708.34	7307.28
1459958432.0 5213.84	1002.37	28.18	-24.68	400.01	196.79	-0.00	0.00	308.31	0.00	708.34	7307.28
1459958433.0 5213.84	1002.77	28.36	-24.84	400.01	196.79	-0.00	0.00	308.31	0.00	708.34	7307.28
1459958434.0 5213.84	1001.98	27.99	-24.68	400.01	196.79	-0.00	0.00	308.31	0.00	708.34	7307.28
1459958435.0 5213.84	1000.72	27.99	-24.84	400.01	196.79	-2.33	0.00	308.31	0.00	708.34	7307.28
1459958436.0 5213.84	1001.98	27.99	-24.84	401.76	196.79	-0.00	0.00	308.31	0.00	708.34	7307.28
1459958437.0 5213.84	1001.98	27.99	-24.84	401.76	196.79	-0.00	0.00	308.31	0.00	708.34	7307.28
1459958438.0 5213.84	1001.98	27.99	-24.84	401.76	196.79	-0.00	0.00	308.31	0.00	708.34	7307.28
1459958439.0 5213.84	1002.37	28.18	-24.84	401.76	195.62	-0.00	0.00	308.31	0.00	708.34	7307.28
1459958440.0 5213.84	1001.98	27.99	-24.84	401.76	196.79	-0.00	0.00	308.31	0.00	708.34	7307.28
1459958441.0 5213.84	1001.11	28.18	-24.68	401.76	196.79	-0.00	0.00	308.42	0.00	708.34	7307.28
1459958442.0 5213.84	1002.37	28.18	-24.68	401.76	196.79	-0.00	0.00	308.31	0.00	708.34	7307.28
1459958443.0 5213.84	1001.58	27.80	-24.84	401.76	196.79	-0.00	0.00	308.31	0.00	708.34	7307.28
1459958444.0 5213.84	1001.98	27.99	-24.84	403.51	196.79	-0.00	0.00	308.31	0.00	708.34	7307.28
1459958445.0 5213.84	1001.98	27.99	-24.68	403.51	196.79	-0.00	0.00	308.37	0.00	708.34	7307.28
1459958445.0 5213.84	1003.24	27.99	-24.84	403.51	196.79	-0.00	0.00	308.31	0.00	708.34	7307.28
1459958446.0 5213.84	1001.58	27.80	-24.84	403.51	195.62	-0.00	0.00	308.31	0.00	708.34	7307.28
1459958447.0 5213.84	1001.98	27.99	-24.68	405.26	197.98	-2.33	0.00	308.48	0.00	708.34	7307.28
1459958448.0 5213.84	1001.58	27.80	-24.84	405.26	196.79	-0.00	0.00	308.31	0.00	708.34	7307.28
1459958449.0 5213.84	1001.98	27.99	-24.68	405.26	196.79	-0.00	0.00	308.31	0.00	708.34	7307.28
1459958450.0 5213.84	1000.72	27.99	-24.84	405.26	196.79	-0.00	0.00	308.31	0.00	708.34	7307.28
1459958451.0 5213.84	1001.58	27.80	-24.68	405.26	196.79	-0.00	0.00	308.31	0.00	708.34	7307.28
1459958452.0 5213.84	1001.58	27.80	-24.84	405.26	196.79	-0.00	0.00	308.42	0.00	708.34	7307.28
1459958453.0 5213.84	1001.58	27.80	-24.84	407.01	196.79	-0.00	0.00	308.31	0.00	708.34	7307.28
1459958454.0 5213.84	1001.58	27.80	-24.84	410.52	196.79	-0.00	0.00	308.31	0.00	708.34	7307.28
1459958455.0 5213.84	1001.58	27.80	-24.84	407.01	196.79	-0.00	0.00	308.31	0.00	708.34	7307.28
1459958456.0 5213.84	1001.58	27.80	-24.68	407.01	196.79	-0.00	0.00	308.31	0.00	708.34	7307.28
1459958457.0 5213.84	1001.58	27.80	-24.84	408.77	196.79	-0.00	0.00	308.31	0.00	708.34	7307.28
1459958458.0 5213.84	1001.18	27.62	-24.68	408.77	196.79	-0.00	0.00	308.31	0.00	708.34	7307.28
1459958459.0 5213.84	1000.78	27.43	-24.84	408.77	197.98	-0.00	0.00	308.31	0.00	708.34	7307.28
1459958460.0 5213.84	1001.18	27.62	-24.84	408.77	196.79	-0.00	0.00	308.31	0.00	708.34	7307.28
1459958461.0 5213.84	1001.18	27.62	-24.68	414.02	201.55	-0.00	0.00	308.37	0.00	708.34	7307.28
1459958462.0 5213.84	1000.78	27.43	-24.68	410.52	196.79	-0.00	0.00	308.31	0.00	708.34	7307.28
1459958463.0 5213.84	1000.78	27.43	-24.68	410.52	196.79	-0.00	0.00	308.31	0.00	708.34	7307.28
1459958464.0 5213.84	1000.78	27.43	-24.68	410.52	196.79	-0.00	0.00	308.31	0.00	708.34	7307.28
1459958465.0 5213.84	1000.78	27.43	-24.68	412.27	196.79	-0.00	0.00	308.31	0.00	708.34	7307.28
1459958466.0 5213.84	1000.78	27.43	-24.84	414.02	196.79	-0.00	0.00	308.48	0.00	708.34	7307.28
1459958467.0 5213.84	1002.04	27.43	-24.84	414.02	196.79	-0.00	0.00	308.31	0.00	708.34	7307.28
1459958468.0 5213.84	1000.78	27.43	-24.68	415.78	196.79	-0.00	0.00	308.31	0.00	708.34	7307.28
1459958469.0 5213.84	1000.78	27.43	-24.84	417.53	196.79	-0.00	0.00	308.31	0.00	708.34	7307.28
1459958470.0 5213.84	1000.38	27.24	-24.68	417.53	196.79	-0.00	0.00	308.31	0.00	708.34	7307.28
1459958471.0 5213.84	1000.78	27.43	-24.68	417.53	196.79	-0.00	0.00	308.31	0.00	708.34	7307.28
1459958472.0 5213.84	1000.38	27.24	-24.84	417.53	196.79	-0.00	0.00	308.31	0.00	708.34	7307.28
1459958473.0 5213.84	1000.78	27.43	-24.68	421.03	199.16	-0.00	0.00	308.37	0.00	708.34	7307.28
1459958474.0 5213.84	1000.38	27.24	-24.84	417.53	196.79	-0.00	0.00	308.31	0.00	708.34	7307.28
1459958475.0 5213.84	1000.78	27.43	-24.84	422.78	197.98	-0.00	0.00	308.31	0.00	708.34	7307.28
1459958476.0 5213.84	1003.30	27.43	-24.68	419.28	196.79	-0.00	0.00	308.31	0.00	708.34	7307.28
1459958477.0 5213.84	1002.04	27.43	-24.84	419.28	196.79	-0.00	0.00	308.37	0.00	708.34	7307.28
1459958478.0 5213.84	1001.64	27.24	-24.68	421.03	197.98	-0.00	0.00	308.31	0.00	708.34	7307.28
1459958479.0 5213.84	1002.90	27.24	-24.84	419.28	196.79	-0.00	0.00	308.31	0.00	708.34	7307.28
1459958480.0 5213.84	1002.04	27.43	-24.84	421.03	196.79	-0.00	0.00	308.31	0.00	708.34	7307.28
1459958481.0 5213.84	1000.78	27.43	-24.68	421.03	196.79	-0.00	0.00	308.31	0.00	708.34	7307.28
1459958482.0 5213.84	1003.30	27.43	-24.68	421.03	196.79	-0.00	0.00	308.31	0.00	708.34	7307.28
1459958483.0 5213.84	999.99	27.06	-24.84	422.78	196.79	-0.00	0.00	308.31	0.00	708.34	7307.28
1459958484.0 5213.84	1000.38	27.24	-24.68	422.78	196.79	-0.00	0.00	308.31	0.00	708.34	7307.28
1459958485.0 5213.84	1002.04	27.43	-24.68	422.78	196.79	-0.00	0.00	308.48	0.00	708.34	7307.28
1459958486.0 5213.84	1001.64	27.24	-24.84	422.78	196.79	-0.00	0.00	308.31	0.00	708.34	7307.28
1459958487.0 5213.84	1001.64	27.24	-24.68	424.54	196.79	-0.00	0.00	308.31	0.00	708.34	7307.28
1459958488.0 5213.84	1001.25	27.06	-24.68	424.54	196.79	-0.00	0.00	308.31	0.00	708.34	7307.28
1459958489.0 5213.84	1002.04	27.43	-24.84	424.54	196.79	-0.00	0.00	308.31	0.00	708.34	7307.28
1459958490.0 5213.84	1000.38	27.24	-24.84	426.29	195.62	-0.00	0.00	308.37	0.00	708.34	7307.28
1459958491.0 5213.84	1002.04	27.43	-24.84	426.29	196.79	-2.33	0.00	308.31	0.00	708.34	7307.28
1459958492.0 5213.84	1000.38	27.24	-24.68	431.55	200.35	-0.00	0.00	308.31	0.00	708.34	7307.28
1459958493.0 5213.84	1003.30	27.43	-24.68	428.04	197.98	-0.00	0.00	308.37	0.00	708.34	7307.28
1459958494.0 5213.84	1001.64	27.24	-24.84	428.04	196.79	-0.00	0.00	308.31	0.00	708.34	7307.28
1459958495.0 5213.84	1000.78	27.43	-24.84	429.79	197.98	-0.00	0.00	308.31	0.00	708.34	7307.28
1459958496.0 5213.84	1000.78	27.43	-24.68	429.79	197.98	-0.00	0.00	308.31	0.00	708.34	7307.28
1459958496.0 5213.84	1000.78	27.43	-24.68	431.55	197.98	-0.00	0.00	308.31	0.00	708.34	7307.28
1459958497.0 5213.84	1001.18	27.62	-24.68	429.79	196.79	-0.00	0.00	308.37	0.00	708.34	7307.28
1459958498.0 5213.84	1002.04	27.43	-24.84	433.30	197.98	-0.00	0.00	308.31	0.00	708.34	7307.28
1459958499.0 5213.84	1000.78	27.43	-24.84	431.55	195.62	-0.00	0.00	308.31	0.00	708.34	7307.28
1459958500.0 5213.84	1000.78	27.43	-24.84	433.30	197.98	-0.00	0.00	308.31	0.00	708.34	7307.28
1459958501.0 5213.84	1000.78	27.43	-24.84	433.30	195.62	-0.00	0.00	308.31	0.00	708.34	7307.28
1459958502.0 5213.84	1001.18	27.62	-24.68	433.30	196.79	-0.00	0.00	308.31	0.00	708.34	7307.28
1459958503.0 5213.84	1002.04	27.43	-24.84	433.30	196.79	-0.00	0.00	308.42	0.00	708.34	7307.28
1459958504.0 5213.84	1001.18	27.62	-24.84	438.55	200.35	-0.00	0.00	308.48	0.00	708.34	7307.28
1459958505.0 5213.84	1001.18	27.62	-24.68	435.05	196.79	-0.00	0.00	308.37	0.00	708.34	7307.28
1459958506.0 5213.84	1001.18	27.62	-24.68	435.05	197.98	-0.00	0.00	308.31	0.00	708.34	7307.28
1459958507.0 5213.84	1001.18	27.62	-24.68	435.05	196.79	-0.00	0.00	308.31	0.00	708.34	7307.28
1459958508.0 5213.84	1002.84	27.80	-24.84	436.80	197.98	-0.00	0.00	308.37	0.00	708.34	7307.28
1459958509.0 5213.84	1001.18	27.62	-24.84	436.80	196.79	-0.00	0.00	308.31	0.00	708.34	7307.28
1459958510.0 5213.84	999.92	27.62	-24.84	440.31	200.35	-2.33	0.00	308.37	0.00	708.34	7307.28
1459958511.0 5213.84	1001.18	27.62	-24.84	436.80	196.79	-0.00	0.00	308.31	0.00	708.34	7307.28
1459958512.0 5213.84	1002.84	27.80	-24.84	436.80	196.79	-0.00	0.00	308.31	0.00	708.34	7307.28
1459958513.0 5213.84	1001.58	27.80	-24.68	436.80	197.98	-0.00	0.00	308.31	0.00	708.34	7307.28
1459958514.0 5213.84	1001.58	27.80	-24.84	436.80	197.98	-0.00	0.00	308.37	0.00	708.34	7307.28
1459958515.0 5213.84	1002.84	27.80	-24.68	436.80	197.98	-0.00	0.00	308.37	0.00	708.34	7307.28
1459958516.0 5213.84	1001.58	27.80	-24.84	436.80	196.79	-0.00	0.00	308.31	0.00	708.34	7307.28
1459958517.0 5213.84	1001.58	27.80	-24.68	436.80	197.98	-0.00	0.00	308.31	0.00	708.34	7307.28
1459958518.0 5213.84	1001.58	27.80	-24.68	436.80	197.98	-0.00	0.00	308.31	0.00	708.34	7307.28
1459958519.0 5213.84	1001.18	27.62	-24.68	436.80	196.79	-2.33	0.00	308.37	0.00	708.34	7307.28
1459958520.0 5213.84	1001.58	27.80	-24.68	436.80	195.62	-0.00	0.00	308.31	0.00	708.34	7307.28
1459958521.0 5213.84	1001.58	27.80	-24.68	436.80	196.79	-0.00	0.00	308.31	0.00	708.34	7307.28
1459958522.0 5213.84	1001.58	27.80	-24.84	436.80	196.79	-0.00	0.00	308.54	0.00	708.34	7307.28
1459958523.0 5213.84	1001.58	27.80	-24.68	436.80	196.79	-0.00	0.00	308.37	0.00	708.34	7307.28
1459958524.0 5213.84	1001.58	27.80	-24.68	436.80	196.79	-0.00	0.00	308.37	0.00	708.34	7307.28
1459958525.0 5213.84	1001.98	27.99	-24.68	436.80	196.79	-0.00	0.00	308.31	0.00	708.34	7307.28
1459958526.0 5213.84	1001.98	27.99	-24.68	436.80	196.79	-0.00	0.00	308.37	0.00	708.34	7307.28
1459958527.0 5213.84	1001.98	27.99	-24.84	436.80	196.79	-0.00	0.00	308.31	0.00	708.34	7307.28
1459958528.0 5213.84	1001.58	27.80	-24.68	436.80	196.79	-0.00	0.00	308.37	473.68	708.34	7307.28
1459958529.0 5213.84	1001.58	27.80	-24.68	442.06	200.35	-0.00	0.00	308.37	0.00	708.34	7307.28
1459958530.0 5213.84	1001.98	27.99	-24.68	436.80	196.79	-0.00	0.00	308.37	0.00	708.34	7307.28
1459958531.0 5213.84	1001.58	27.80	-24.68	436.80	196.79	-0.00	0.00	308.31	0.00	708.34	7307.28
1459958532.0 5213.84	1001.58	27.80	-24.84	436.80	196.79	-2.33	0.00	308.37	0.00	708.34	7307.28
1459958533.0 5213.84	1001.58	27.80	-24.84	436.80	196.79	-0.00	0.00	308.37	0.00	708.34	7307.28
1459958534.0 5213.84	1001.58	27.80	-24.68	436.80	196.79	-0.00	0.00	308.37	0.00	708.34	7307.28
1459958535.0 5213.84	1001.58	27.80	-24.68	436.80	196.79	-0.00	0.00	308.37	0.00	708.34	7307.28
1459958536.0 5213.84	1001.98	27.99	-24.68	436.80	197.98	-0.00	0.00	308.37	0.00	708.34	7307.28
1459958537.0 5213.84	1001.18	27.62	-24.84	436.80	197.98	-0.00	0.00	308.37	0.00	708.34	7307.28
1459958538.0 5213.84	1000.78	27.43	-24.68	436.80	197.98	-0.00	0.00	308.37	0.00	708.34	7307.28
1459958539.0 5213.84	1001.18	27.62	-24.84	438.55	196.79	-0.00	0.00	308.37	0.00	708.34	7307.28
1459958540.0 5213.84	1001.18	27.62	-24.84	438.55	196.79	-0.00	0.00	308.42	0.00	708.34	7307.28
1459958541.0 5213.84	1001.18	27.62	-24.84	440.31	200.35	-0.00	0.00	308.48	0.00	708.34	7307.28
1459958542.0 5213.84	1000.78	27.43	-24.68	436.80	197.98	-2.33	0.00	308.42	0.00	708.34	7307.28
1459958543.0 5213.84	1000.78	27.43	-24.84	443.81	200.35	-0.00	0.00	308.48	0.00	708.34	7307.28
1459958544.0 5213.84	1001.58	27.80	-24.68	438.55	196.79	-0.00	0.00	308.37	0.00	708.34	7307.28
1459958545.0 5213.84	999.52	27.43	-24.84	443.81	200.35	-2.33	0.00	308.54	0.00	708.34	7307.28
1459958546.0 5213.84	1002.04	27.43	-24.68	438.55	197.98	-0.00	0.00	308.37	0.00	708.34	7307.28
1459958547.0 5213.84	1000.78	27.43	-24.84	438.55	196.79	-0.00	0.00	308.31	0.00	708.34	7307.28
1459958547.0 5213.84	1000.78	27.43	-24.68	438.55	196.79	-0.00	0.00	308.37	0.00	708.34	7307.28
1459958548.0 5213.84	1000.78	27.43	-24.68	436.80	196.79	-0.00	0.00	308.31	0.00	708.34	7307.28
1459958549.0 5213.84	1000.78	27.43	-24.68	440.31	200.35	-0.00	0.00	308.54	0.00	708.34	7307.28
1459958550.0 5213.84	1000.78	27.43	-24.84	435.05	196.79	-0.00	0.00	308.31	0.00	708.34	7307.28
1459958551.0 5213.84	1001.18	27.62	-24.68	435.05	196.79	-0.00	0.00	308.37	0.00	708.34	7307.28
1459958552.0 5213.84	1000.78	27.43	-24.84	435.05	196.79	-0.00	0.00	308.31	0.00	708.34	7307.28
1459958553.0 5213.84	1001.58	27.80	-24.68	435.05	196.79	-0.00	0.00	308.37	0.00	708.34	7307.28
1459958554.0 5213.84	1001.58	27.80	-24.68	433.30	197.98	-0.00	0.00	308.31	0.00	708.34	7307.28
1459958555.0 5213.84	1002.04	27.43	-24.68	433.30	196.79	-0.00	0.00	308.37	0.00	708.34	7307.28
1459958556.0 5213.84	1002.04	27.43	-24.68	431.55	197.98	-0.00	0.00	308.31	0.00	708.34	7307.28
1459958557.0 5213.84	1000.78	27.43	-24.84	429.79	197.98	-0.00	0.00	308.37	473.68	708.34	7307.28
1459958558.0 5213.84	1000.78	27.43	-24.68	429.79	196.79	-0.00	0.00	308.31	0.00	708.34	7307.28
1459958559.0 5213.84	1000.78	27.43	-24.84	433.30	200.35	-0.00	0.00	308.54	0.00	708.34	7307.28
1459958560.0 5213.84	1002.04	27.43	-24.84	429.79	196.79	-0.00	0.00	308.37	0.00	708.34	7307.28
1459958561.0 5213.84	1000.78	27.43	-24.84	428.04	197.98	-0.00	0.00	308.37	0.00	708.34	7307.28
1459958562.0 5213.84	1000.78	27.43	-24.84	428.04	196.79	-0.00	0.00	308.37	0.00	708.34	7307.28
1459958563.0 5213.84	1000.78	27.43	-24.68	428.04	196.79	-0.00	0.00	308.37	0.00	708.34	7307.28
1459958564.0 5213.84	1001.18	27.62	-24.84	428.04	197.98	-0.00	0.00	308.37	0.00	708.34	7307.28
1459958565.0 5213.84	1000.78	27.43	-24.84	428.04	196.79	-0.00	0.00	308.37	0.00	708.34	7307.28
1459958566.0 5213.84	1000.78	27.43	-25.00	429.79	199.16	-0.00	0.00	308.48	0.00	708.34	7307.28
1459958567.0 5213.84	1000.78	27.43	-24.68	428.04	197.98	-0.00	0.00	308.37	0.00	708.34	7307.28
1459958568.0 5213.84	1000.78	27.43	-24.68	428.04	196.79	-0.00	0.00	308.37	0.00	708.34	7307.28
1459958569.0 5213.84	1000.78	27.43	-24.68	426.29	197.98	-0.00	0.00	308.37	0.00	708.34	7307.28
1459958570.0 5213.84	1000.78	27.43	-24.84	426.29	197.98	-0.00	0.00	308.37	0.00	708.34	7307.28
1459958571.0 5213.84	1002.04	27.43	-24.84	429.79	199.16	-0.00	0.00	308.54	0.00	708.34	7307.28
1459958572.0 5213.84	1002.04	27.43	-24.84	424.54	196.79	-0.00	0.00	308.37	0.00	708.34	7307.28
1459958573.0 5213.84	1000.78	27.43	-24.84	424.54	197.98	-0.00	0.00	308.37	0.00	708.34	7307.28
1459958574.0 5213.84	1001.58	27.80	-24.84	424.54	196.79	-0.00	0.00	308.37	0.00	708.34	7307.28
1459958575.0 5213.84	1001.18	27.62	-24.68	422.78	196.79	-0.00	0.00	308.42	0.00	708.34	7307.28
1459958576.0 5213.84	1001.18	27.62	-24.84	422.78	196.79	-0.00	0.00	308.37	0.00	708.34	7307.28
1459958577.0 5213.84	1001.58	27.80	-24.84	422.78	196.79	-0.00	0.00	308.37	0.00	708.34	7307.28
1459958578.0 5213.84	1001.18	27.62	-24.84	424.54	199.16	-0.00	0.00	308.37	0.00	708.34	7307.28
1459958579.0 5213.84	999.52	27.43	-24.68	421.03	196.79	-0.00	0.00	308.42	0.00	708.34	7307.28
1459958580.0 5213.84	1000.78	27.43	-24.84	419.28	197.98	-0.00	0.00	308.37	0.00	708.34	7307.28
1459958581.0 5213.84	1000.78	27.43	-24.68	422.78	199.16	-2.33	0.00	308.48	0.00	708.34	7307.28
1459958582.0 5213.84	1000.78	27.43	-24.84	419.28	197.98	-0.00	0.00	308.37	0.00	708.34	7307.28
1459958583.0 5213.84	1002.04	27.43	-24.68	419.28	196.79	-0.00	0.00	308.37	0.00	708.34	7307.28
1459958584.0 5213.84	1000.78	27.43	-24.84	417.53	196.79	-0.00	0.00	308.37	0.00	708.34	7307.28
1459958585.0 5213.84	999.52	27.43	-24.84	417.53	196.79	-0.00	0.00	308.37	0.00	708.34	7307.28
1459958586.0 5213.84	1002.44	27.62	-24.84	417.53	196.79	-0.00	0.00	308.37	0.00	708.34	7307.28
1459958587.0 5213.84	1001.18	27.62	-24.84	415.78	197.98	-0.00	0.00	308.37	0.00	708.34	7307.28
1459958588.0 5213.84	1000.78	27.43	-24.84	415.78	196.79	-0.00	0.00	308.37	0.00	708.34	7307.28
1459958589.0 5213.84	1001.58	27.80	-24.84	414.02	196.79	-0.00	0.00	308.42	0.00	708.34	7307.28
1459958590.0 5213.84	1000.78	27.43	-24.68	414.02	196.79	-0.00	0.00	308.54	0.00	708.34	7307.28
1459958591.0 5213.84	1001.18	27.62	-24.84	414.02	196.79	-0.00	0.00	308.37	0.00	708.34	7307.28
1459958592.0 5213.84	1001.18	27.62	-24.68	414.02	197.98	-0.00	0.00	308.31	0.00	708.34	7307.28
1459958593.0 5213.84	1001.18	27.62	-24.84	412.27	196.79	-0.00	0.00	308.37	0.00	708.34	7307.28
1459958594.0 5213.84	1001.18	27.62	-24.84	412.27	197.98	-0.00	0.00	308.37	0.00	708.34	7307.28
1459958595.0 5213.84	1001.58	27.80	-24.84	412.27	196.79	-0.00	0.00	308.37	0.00	708.34	7307.28
1459958596.0 5213.84	1000.32	27.80	-24.84	412.27	197.98	-0.00	0.00	308.37	0.00	708.34	7307.28
1459958597.0 5213.84	1001.18	27.62	-24.68	414.02	197.98	-0.00	0.00	308.37	0.00	708.34	7307.28
1459958598.0 5213.84	1001.18	27.62	-24.68	410.52	197.98	-0.00	0.00	308.37	0.00	708.34	7307.28
1459958599.0 5213.84	1002.04	27.43	-24.84	410.52	197.98	-0.00	0.00	308.37	0.00	708.34	7307.28
1459958599.0 5213.84	1001.18	27.62	-24.84	410.52	197.98	-0.00	0.00	308.31	0.00	708.34	7307.28
1459958600.0 5213.84	1000.78	27.43	-24.84	410.52	197.98	-0.00	0.00	308.37	0.00	708.34	7307.28
1459958601.0 5213.84	1001.18	27.62	-24.68	408.77	197.98	-0.00	0.00	308.37	0.00	708.34	7307.28
1459958602.0 5213.84	1001.58	27.80	-24.84	408.77	197.98	-0.00	0.00	308.37	0.00	708.34	7307.28
1459958603.0 5213.84	1000.78	27.43	-24.84	408.77	196.79	-0.00	0.00	308.31	0.00	708.34	7307.28
1459958604.0 5213.84	1000.78	27.43	-24.68	408.77	197.98	-0.00	0.00	308.37	0.00	708.34	7307.28
1459958605.0 5213.84	1001.18	27.62	-24.84	407.01	196.79	-0.00	0.00	308.31	0.00	708.34	7307.28
1459958606.0 5213.84	1000.78	27.43	-24.68	407.01	196.79	-0.00	0.00	308.37	0.00	708.34	7307.28
1459958607.0 5213.84	1000.78	27.43	-24.84	407.01	196.79	-0.00	0.00	308.37	0.00	708.34	7307.28
1459958608.0 5213.84	1000.78	27.43	-24.84	410.52	201.55	-0.00	0.00	308.48	0.00	708.34	7307.28
1459958609.0 5213.84	1000.78	27.43	-24.68	405.26	196.79	-0.00	0.00	308.37	0.00	708.34	7307.28
1459958610.0 5213.84	1000.78	27.43	-24.68	405.26	197.98	-0.00	0.00	308.37	0.00	708.34	7307.28
1459958611.0 5213.84	1001.18	27.62	-24.68	407.01	199.16	-2.33	0.00	308.37	0.00	708.34	7307.28
1459958612.0 5213.84	1001.18	27.62	-24.68	405.26	197.98	-0.00	0.00	308.37	0.00	708.34	7307.28
1459958613.0 5213.84	1001.18	27.62	-24.84	405.26	196.79	-0.00	0.00	308.37	0.00	708.34	7307.28
1459958614.0 5213.84	1001.18	27.62	-24.68	405.26	197.98	-0.00	0.00	308.37	0.00	708.34	7307.28
1459958615.0 5213.84	1001.18	27.62	-24.84	403.51	196.79	-0.00	0.00	308.37	0.00	708.34	7307.28
1459958616.0 5213.84	1001.18	27.62	-24.68	403.51	197.98	-0.00	0.00	308.37	0.00	708.34	7307.28
1459958617.0 5213.84	1000.78	27.43	-24.84	403.51	197.98	-0.00	0.00	308.37	0.00	708.34	7307.28
1459958618.0 5213.84	1001.58	27.80	-24.68	403.51	197.98	-0.00	0.00	308.37	0.00	708.34	7307.28
1459958619.0 5213.84	1001.18	27.62	-24.84	401.76	197.98	-0.00	0.00	308.37	0.00	708.34	7307.28
1459958620.0 5213.84	1002.44	27.62	-24.84	401.76	197.98	-0.00	0.00	308.54	0.00	708.34	7307.28
1459958621.0 5213.84	1001.18	27.62	-24.68	401.76	197.98	-0.00	0.00	308.37	0.00	708.34	7307.28
1459958622.0 5213.84	1002.84	27.80	-24.68	403.51	197.98	-0.00	0.00	308.37	0.00	708.34	7307.28
1459958623.0 5213.84	1002.44	27.62	-24.68	401.76	197.98	-0.00	0.00	308.37	0.00	708.34	7307.28
1459958624.0 5213.84	1001.18	27.62	-24.68	401.76	199.16	-0.00	0.00	308.37	0.00	708.34	7307.28
1459958625.0 5213.84	1001.18	27.62	-24.68	401.76	197.98	-0.00	0.00	308.37	0.00	708.34	7307.28
1459958626.0 5213.84	1002.04	27.43	-24.68	401.76	197.98	-0.00	0.00	308.37	0.00	708.34	7307.28
1459958627.0 5213.84	1003.30	27.43	-24.68	405.26	199.16	-0.00	0.00	308.37	0.00	708.34	7307.28
1459958628.0 5213.84	1000.78	27.43	-24.68	401.76	199.16	-0.00	0.00	308.37	0.00	708.34	7307.28
1459958629.0 5213.84	1002.84	27.80	-24.68	400.01	196.79	-0.00	0.00	308.37	0.00	708.34	7307.28
1459958630.0 5213.84	1000.78	27.43	-24.84	400.01	197.98	-0.00	0.00	308.37	0.00	708.34	7307.28
1459958631.0 5213.84	1000.78	27.43	-24.68	400.01	196.79	-2.33	0.00	308.37	0.00	708.34	7307.28
1459958632.0 5213.84	1001.18	27.62	-24.68	400.01	197.98	-0.00	0.00	308.37	0.00	708.34	7307.28
1459958633.0 5213.84	1000.78	27.43	-24.68	400.01	197.98	-0.00	6921.12	308.31	0.00	708.34	7307.28
1459958634.0 5213.84	1002.44	27.62	-24.68	400.01	197.98	-0.00	0.00	308.37	0.00	708.34	7307.28
1459958635.0 5213.84	999.92	27.62	-24.84	400.01	197.98	-0.00	6921.12	308.37	0.00	708.34	7307.28
1459958636.0 5213.84	1002.44	27.62	-24.84	398.25	199.16	-0.00	0.00	308.31	0.00	708.34	7307.28
1459958637.0 0.00	1000.78	27.43	-24.68	398.25	196.79	-0.00	6921.12	308.37	0.00	708.34	7307.28
1459958653.0 160412.96	1000.78	27.43	-24.84	396.50	196.79	-0.00	0.00	308.54	0.00	708.34	7307.27
1459958654.0 160412.96	1000.78	27.43	-24.84	396.50	197.98	-0.00	0.00	308.42	0.00	708.34	7307.27
1459958655.0 160412.96	1001.64	27.24	-24.84	396.50	197.98	-0.00	0.00	308.37	0.00	708.34	7307.27
1459958656.0 160412.96	1001.64	27.24	-24.84	396.50	197.98	-0.00	0.00	308.48	0.00	708.34	7307.27
1459958657.0 160412.96	1002.04	27.43	-24.68	396.50	197.98	-2.33	0.00	308.37	0.00	708.34	7307.27
1459958658.0 160412.96	1000.78	27.43	-24.68	396.50	197.98	-0.00	0.00	308.42	0.00	708.34	7307.27
1459958659.0 160412.96	1002.04	27.43	-24.68	396.50	197.98	-0.00	0.00	308.37	0.00	708.34	7307.27
1459958660.0 160412.96	1001.25	27.06	-24.68	394.75	197.98	-0.00	0.00	308.37	0.00	708.34	7307.27
1459958661.0 160412.96	1000.78	27.43	-24.84	394.75	196.79	-0.00	0.00	308.42	0.00	708.34	7307.27
1459958662.0 160412.96	1000.78	27.43	-24.68	394.75	197.98	-0.00	0.00	308.37	0.00	708.34	7307.27
1459958663.0 160412.96	1002.04	27.43	-24.84	398.25	201.55	-0.00	0.00	308.54	0.00	708.34	7307.27
1459958664.0 160412.96	1002.04	27.43	-24.84	394.75	197.98	-0.00	0.00	308.37	0.00	708.34	7307.27
1459958665.0 160412.96	1000.38	27.24	-24.68	394.75	197.98	-0.00	0.00	308.37	0.00	708.34	7307.27
1459958666.0 160412.96	1000.38	27.24	-24.68	394.75	199.16	-0.00	0.00	308.37	0.00	708.34	7307.27
1459958667.0 160412.96	1000.78	27.43	-24.68	396.50	201.55	-0.00	0.00	308.42	0.00	708.34	7307.27
1459958668.0 160412.96	1002.04	27.43	-24.84	394.75	197.98	-0.00	0.00	308.37	0.00	708.34	7307.27
1459958669.0 160412.96	1000.78	27.43	-24.84	393.00	197.98	-0.00	0.00	308.37	0.00	708.34	7307.27
1459958670.0 160412.96	1000.78	27.43	-24.84	398.25	201.55	-0.00	0.00	308.54	0.00	708.34	7307.27
1459958671.0 160412.96	1001.64	27.24	-24.68	393.00	196.79	-0.00	0.00	308.37	0.00	708.34	7307.27
1459958672.0 160412.96	1002.04	27.43	-24.84	393.00	197.98	-2.33	0.00	308.37	0.00	708.34	7307.27
1459958673.0 160412.96	1000.38	27.24	-24.84	393.00	197.98	-0.00	0.00	308.37	0.00	708.34	7307.27
1459958674.0 160412.96	1002.04	27.43	-24.84	396.50	201.55	-0.00	0.00	308.54	0.00	708.34	7307.27
1459958675.0 160412.96	1002.04	27.43	-24.84	396.50	201.55	-2.33	0.00	308.54	0.00	708.34	7307.27
1459958676.0 160412.96	1002.04	27.43	-24.84	396.50	200.35	-0.00	0.00	308.54	0.00	708.34	7307.27
1459958677.0 160412.96	1002.04	27.43	-24.84	394.75	201.55	-0.00	0.00	308.48	0.00	708.34	7307.27
1459958678.0 160412.96	1002.04	27.43	-24.84	396.50	201.55	-0.00	0.00	308.54	0.00	708.34	7307.27
1459958679.0 160412.96	1001.18	27.62	-24.84	394.75	201.55	-0.00	0.00	308.54	0.00	708.34	7307.27
1459958680.0 160412.96	1002.04	27.43	-24.84	394.75	200.35	-0.00	0.00	308.54	0.00	708.34	7307.27
1459958681.0 160412.96	1000.78	27.43	-24.68	394.75	200.35	-0.00	0.00	308.54	0.00	708.34	7307.27
1459958682.0 160412.96	1000.78	27.43	-24.68	393.00	200.35	-0.00	0.00	308.54	0.00	708.34	7307.27
1459958682.0 160412.96	1000.78	27.43	-24.84	393.00	201.55	-0.00	0.00	308.54	0.00	708.34	7307.27
1459958683.0 160412.96	1001.18	27.62	-24.68	393.00	200.35	-0.00	0.00	308.48	0.00	708.34	7307.27
1459958684.0 160412.96	1001.18	27.62	-24.84	393.00	200.35	-0.00	0.00	308.54	0.00	708.34	7307.27
1459958685.0 160412.96	1001.18	27.62	-24.84	393.00	201.55	-0.00	0.00	308.54	0.00	708.34	7307.27
1459958686.0 160412.96	1000.78	27.43	-24.84	393.00	200.35	-2.33	0.00	308.54	0.00	708.34	7307.27
1459958687.0 160412.96	1001.18	27.62	-24.84	391.24	201.55	-0.00	0.00	308.54	0.00	708.34	7307.27
1459958688.0 160412.96	1001.18	27.62	-24.68	391.24	201.55	-0.00	0.00	308.54	0.00	708.34	7307.27
1459958689.0 160412.96	1002.44	27.62	-24.84	391.24	201.55	-0.00	0.00	308.54	0.00	708.34	7307.27
1459958690.0 160412.96	1001.18	27.62	-24.84	391.24	200.35	-0.00	0.00	308.54	0.00	708.34	7307.27
1459958691.0 160412.96	1001.18	27.62	-24.84	391.24	201.55	-0.00	0.00	308.54	0.00	708.34	7307.27
1459958692.0 160412.96	1001.18	27.62	-24.84	389.49	202.74	-0.00	0.00	308.54	0.00	708.34	7307.27
1459958693.0 160412.96	1001.58	27.80	-24.84	389.49	201.55	-0.00	0.00	308.54	0.00	708.34	7307.27
1459958694.0 160412.96	1001.18	27.62	-24.84	389.49	201.55	-0.00	0.00	308.59	0.00	708.34	7307.27
1459958695.0 160412.96	1001.18	27.62	-24.84	387.74	201.55	-0.00	0.00	308.54	0.00	708.34	7307.27
1459958696.0 160412.96	1001.18	27.62	-24.84	387.74	201.55	-0.00	0.00	308.54	0.00	708.34	7307.27
1459958697.0 160412.96	1001.18	27.62	-24.84	387.74	201.55	-0.00	0.00	308.54	0.00	708.34	7307.27
1459958698.0 160412.96	1001.58	27.80	-24.84	387.74	200.35	-0.00	0.00	308.59	0.00	708.34	7307.27
1459958699.0 160412.96	1001.18	27.62	-24.84	385.99	201.55	-0.00	0.00	308.54	0.00	708.34	7307.27
1459958700.0 160412.96	1001.18	27.62	-24.84	384.23	200.35	-0.00	0.00	308.59	0.00	708.34	7307.27
1459958701.0 160412.96	1000.78	27.43	-24.84	384.23	201.55	-0.00	0.00	308.54	0.00	708.34	7307.27
1459958702.0 160412.96	1001.18	27.62	-24.68	380.73	197.98	-0.00	0.00	308.54	0.00	708.34	7307.27
1459958703.0 160412.96	1000.78	27.43	-24.84	380.73	197.98	-0.00	0.00	308.42	0.00	708.34	7307.27
1459958704.0 160412.96	1001.18	27.62	-24.84	378.98	199.16	-0.00	0.00	308.37	0.00	708.34	7307.27
1459958705.0 160412.96	1000.32	27.80	-24.68	378.98	197.98	-0.00	0.00	308.37	0.00	708.34	7307.27
1459958707.0 160412.96	1001.18	27.62	-24.68	382.48	200.35	-0.00	2849.87	308.54	0.00	708.34	7307.27
1459958708.0 160412.96	999.52	27.43	-24.68	377.22	197.98	-0.00	6514.00	308.37	0.00	708.34	7307.27
1459958709.0 160412.96	1001.18	27.62	-24.68	377.22	200.35	-0.00	3664.12	308.37	0.00	708.34	7307.27
1459958711.0 0.00	1001.18	27.62	-24.68	377.22	197.98	-0.00	407.12	308.42	0.00	704.85	7307.27
1459958712.0 0.00	1001.18	27.62	-24.68	375.47	197.98	-0.00	0.00	308.37	0.00	704.85	7307.27
