1463230399.0 38 125303.62	1000.97	25.75	-24.68	695.83	212.48	-0.00	0.00	309.04	0.00	708.35	7307.28
1463230400.0 38 125303.62	1000.97	25.75	-24.84	706.32	222.49	-0.00	0.00	309.43	0.00	708.35	7307.28
1463230400.0 38 125303.62	1001.36	25.93	-24.84	701.08	214.96	2.44	0.00	309.04	0.00	708.35	7307.28
1463230401.0 38 125303.62	1000.97	25.75	-25.00	695.83	212.48	-2.33	0.00	309.55	0.00	708.35	7307.28
1463230402.0 38 125303.62	1001.36	25.93	-24.84	709.82	218.70	0.68	0.00	309.04	0.00	708.35	7307.28
1463230403.0 38 125303.62	1000.97	25.75	-25.00	697.58	214.96	-0.00	0.00	309.43	0.00	708.35	7307.28
1463230404.0 38 125303.62	1001.36	25.93	-24.84	715.06	222.49	4.66	0.00	309.38	0.00	708.35	7307.28
1463230405.0 38 125303.62	1001.36	25.93	-24.84	699.33	214.96	0.68	0.00	309.15	0.00	708.35	7307.28
1463230406.0 38 125303.62	1001.36	25.93	-24.68	709.82	219.96	-2.33	0.00	309.21	473.68	708.35	7307.28
1463230407.0 37 125303.62	1001.36	25.93	-24.84	694.08	213.72	-2.33	0.00	309.10	0.00	708.35	7307.28
1463230408.0 37 125303.62	1000.97	25.75	-24.84	697.58	212.48	-2.33	0.00	308.98	0.00	708.35	7307.28
1463230409.0 37 125303.62	1000.97	25.75	-25.00	701.08	219.96	3.69	0.00	309.49	0.00	708.35	7307.28
1463230410.0 37 125303.62	1000.97	25.75	-24.84	697.58	212.48	-2.33	0.00	309.10	0.00	708.35	7307.28
1463230411.0 37 125303.62	1000.97	25.75	-24.84	699.33	214.96	-2.33	0.00	309.38	0.00	708.35	7307.28
1463230412.0 37 125303.62	1000.97	25.75	-24.84	706.32	217.45	3.69	0.00	309.15	0.00	708.35	7307.28
1463230413.0 37 125303.62	999.71	25.75	-25.16	699.33	213.72	-0.00	0.00	309.38	0.00	708.35	7307.28
1463230414.0 37 125303.62	1001.36	25.93	-24.84	699.33	216.20	-2.33	0.00	309.15	0.00	708.35	7307.28
1463230415.0 37 125303.62	1000.11	25.93	-24.84	699.33	213.72	-0.00	0.00	309.10	0.00	708.35	7307.28
1463230416.0 37 125303.62	1001.36	25.93	-24.84	697.58	213.72	0.68	0.00	309.21	0.00	708.35	7307.28
1463230417.0 37 125303.62	1000.97	25.75	-24.84	699.33	214.96	2.44	0.00	309.10	0.00	708.35	7307.28
1463230418.0 37 125303.62	1000.97	25.75	-25.00	708.07	216.20	0.68	0.00	309.38	473.68	708.35	7307.28
1463230419.0 37 125303.62	1001.36	25.93	-24.84	713.31	218.70	3.69	0.00	309.27	0.00	708.35	7307.28
1463230420.0 38 125303.62	999.71	25.75	-24.84	701.08	213.72	-2.33	0.00	308.93	0.00	708.35	7307.28
1463230421.0 38 125303.62	1001.36	25.93	-25.00	697.58	213.72	-2.33	0.00	309.43	0.00	708.35	7307.28
1463230422.0 38 125303.62	1001.36	25.93	-24.84	709.82	217.45	-2.33	0.00	309.04	0.00	708.35	7307.28
1463230423.0 38 125303.62	1001.36	25.93	-24.84	695.83	212.48	-0.00	0.00	309.10	0.00	708.35	7307.28
1463230424.0 38 125303.62	1001.36	25.93	-24.84	718.56	217.45	0.68	0.00	309.15	0.00	708.35	7307.28
1463230425.0 38 125303.62	1001.36	25.93	-24.84	695.83	211.25	-2.33	0.00	309.04	0.00	708.35	7307.28
1463230426.0 38 125303.62	1000.97	25.75	-24.68	727.30	226.32	6.12	0.00	309.38	0.00	708.35	7307.28
1463230427.0 38 125303.62	1001.36	25.93	-24.84	699.33	212.48	-2.33	0.00	308.98	0.00	708.35	7307.28
1463230428.0 38 125303.62	1001.36	25.93	-24.68	715.06	221.22	0.68	0.00	309.27	473.68	708.35	7307.28
1463230429.0 38 125303.62	1001.36	25.93	-24.84	708.07	214.96	-2.33	0.00	308.98	0.00	708.35	7307.28
1463230430.0 38 125303.62	1001.36	25.93	-24.84	702.83	214.96	-2.33	0.00	309.43	0.00	708.35	7307.28
1463230431.0 38 125303.62	1000.11	25.93	-24.84	711.57	216.20	2.44	0.00	309.27	0.00	708.35	7307.28
1463230432.0 38 125303.62	1001.36	25.93	-25.00	701.08	213.72	-2.33	0.00	309.49	0.00	708.35	7307.28
1463230433.0 38 125303.62	1001.36	25.93	-24.84	711.57	219.96	3.69	0.00	309.10	0.00	708.35	7307.28
1463230434.0 37 125303.62	999.71	25.75	-24.84	697.58	214.96	3.69	0.00	309.10	0.00	708.35	7307.28
1463230435.0 37 125303.62	1001.36	25.93	-24.84	697.58	212.48	0.68	0.00	309.10	0.00	708.35	7307.28
1463230436.0 37 125303.62	1001.36	25.93	-25.00	720.31	221.22	-0.00	0.00	309.55	0.00	708.35	7307.28
1463230437.0 37 125303.62	1001.36	25.93	-25.00	702.83	212.48	-2.33	0.00	309.15	0.00	708.35	7307.28
1463230438.0 37 125303.62	1001.36	25.93	-24.84	708.07	219.96	-2.33	0.00	309.38	473.68	708.35	7307.28
1463230439.0 37 125303.62	1001.36	25.93	-24.84	704.57	214.96	-2.33	0.00	309.10	0.00	708.35	7307.28
1463230440.0 37 125303.62	1000.11	25.93	-25.00	701.08	213.72	2.44	0.00	309.38	473.68	708.35	7307.28
1463230441.0 37 125303.62	1001.36	25.93	-24.84	704.57	214.96	-2.33	0.00	309.10	0.00	708.35	7307.28
1463230460.0 37 01.3.93	722.25.046	030921	0708.307.12562	151	2	-24.842132.440	30	0.08.3507.2.16	1	-2	70632	213.72	4.66	0.00	309.04	0.00	708.35	7307.28
1463230461.0 37 125303.62	1000.91	26.31	-24.84	706.32	218.70	3.69	0.00	309.21	0.00	708.35	7307.28
1463230462.0 37 125303.62	1000.51	26.12	-24.84	690.59	207.58	-2.33	0.00	308.76	0.00	708.35	7307.28
1463230463.0 37 125303.62	1000.51	26.12	-25.00	704.57	213.72	-2.33	0.00	309.55	0.00	708.35	7307.28
1463230464.0 37 125303.62	1000.91	26.31	-24.84	720.31	217.45	6.70	0.00	309.04	0.00	708.35	7307.28
1463230465.0 37 125303.62	999.65	26.31	-25.00	702.83	213.72	2.44	0.00	309.49	0.00	708.35	7307.28
1463230466.0 37 125303.62	1000.05	26.50	-25.00	716.81	218.70	10.45	0.00	309.27	0.00	708.35	7307.28
1463230467.0 37 125303.62	1000.05	26.50	-24.84	704.57	213.72	-2.33	0.00	309.10	0.00	708.35	7307.28
1463230468.0 37 125303.62	1000.91	26.31	-24.68	720.31	219.96	-2.33	0.00	309.21	473.68	708.35	7307.28
1463230469.0 37 125303.62	1001.31	26.50	-24.84	709.82	214.96	3.69	0.00	309.10	0.00	708.35	7307.28
1463230470.0 37 125303.62	1001.31	26.50	-24.84	718.56	221.22	0.68	0.00	309.32	0.00	708.35	7307.28
1463230471.0 37 125303.62	1000.05	26.50	-25.00	706.32	213.72	-2.33	0.00	309.10	0.00	708.35	7307.28
1463230472.0 37 125303.62	999.65	26.31	-24.84	706.32	213.72	3.69	0.00	309.32	0.00	708.35	7307.28
1463230473.0 37 125303.62	1000.05	26.50	-24.84	708.07	216.20	-2.33	0.00	309.21	0.00	708.35	7307.28
1463230474.0 37 125303.62	1001.31	26.50	-24.68	716.81	218.70	-2.33	0.00	309.04	473.68	708.35	7307.28
1463230475.0 37 125303.62	1000.91	26.31	-25.00	711.57	218.70	-0.00	0.00	309.43	0.00	708.35	7307.28
1463230476.0 37 125303.62	1002.16	26.31	-25.00	713.31	218.70	-2.33	0.00	309.27	0.00	708.35	7307.28
1463230477.0 37 125303.62	1001.31	26.50	-24.84	702.83	212.48	-2.33	0.00	309.21	0.00	708.35	7307.28
1463230478.0 37 125303.62	1000.05	26.50	-25.00	706.32	213.72	4.66	0.00	309.21	0.00	708.35	7307.28
1463230479.0 37 125303.62	1000.05	26.50	-24.84	704.57	213.72	-2.33	0.00	309.21	0.00	708.35	7307.28
1463230480.0 37 125303.62	999.65	26.31	-24.84	713.31	217.45	0.68	0.00	309.32	473.68	708.35	7307.28
1463230481.0 37 125303.62	1000.91	26.31	-24.84	713.31	216.20	-0.00	0.00	309.27	0.00	708.35	7307.28
1463230482.0 37 125303.62	1001.31	26.50	-25.00	711.57	217.45	5.45	0.00	309.27	473.68	708.35	7307.28
1463230483.0 37 125303.62	999.65	26.31	-24.68	713.31	217.45	-2.33	0.00	309.10	0.00	708.35	7307.28
1463230484.0 37 125303.62	999.65	26.31	-24.84	702.83	212.48	-2.33	0.00	309.10	0.00	708.35	7307.28
1463230485.0 37 125303.62	999.65	26.31	-25.00	720.31	217.45	0.68	0.00	309.10	0.00	708.35	7307.28
1463230486.0 37 125303.62	1000.91	26.31	-24.84	702.83	211.25	-0.00	0.00	309.04	0.00	708.35	7307.28
1463230487.0 37 125303.62	1000.91	26.31	-25.00	706.32	212.48	3.69	0.00	309.38	0.00	708.35	7307.28
1463230488.0 37 125303.62	999.65	26.31	-24.68	718.56	217.45	3.69	0.00	309.15	473.68	708.35	7307.28
1463230489.0 37 125303.62	1001.31	26.50	-24.84	706.32	211.25	-0.00	0.00	309.04	0.00	708.35	7307.28
1463230490.0 37 125303.62	1001.31	26.50	-24.84	723.80	222.49	6.12	0.00	309.27	0.00	708.35	7307.28
1463230491.0 37 125303.62	1000.05	26.50	-24.68	709.82	213.72	3.69	0.00	309.04	0.00	708.35	7307.28
1463230492.0 37 125303.62	1000.91	26.31	-24.84	708.07	218.70	-2.33	0.00	309.49	0.00	708.35	7307.28
1463230493.0 37 125303.62	1000.05	26.50	-24.84	713.31	216.20	4.66	0.00	309.04	0.00	708.35	7307.28
1463230494.0 37 125303.62	1000.05	26.50	-25.00	704.57	213.72	-0.00	0.00	309.43	0.00	708.35	7307.28
1463230495.0 37 125303.62	1000.05	26.50	-24.68	716.81	219.96	0.68	0.00	309.04	473.68	708.35	7307.28
1463230496.0 37 125303.62	999.65	26.31	-25.16	713.31	217.45	0.68	0.00	309.38	0.00	708.35	7307.28
1463230497.0 37 125303.62	1002.16	26.31	-24.84	720.31	219.96	6.12	0.00	309.27	0.00	708.35	7307.28
1463230498.0 37 125303.62	1001.31	26.50	-24.84	708.07	213.72	-0.00	0.00	309.10	0.00	708.35	7307.28
1463230499.0 37 125303.62	999.65	26.31	-25.00	722.05	219.96	0.68	0.00	309.55	0.00	708.35	7307.28
1463230500.0 37 125303.62	1000.91	26.31	-24.84	706.32	213.72	-2.33	0.00	309.15	0.00	708.35	7307.28
1463230501.0 37 125303.62	999.65	26.31	-24.84	713.31	216.20	3.69	0.00	309.15	0.00	708.35	7307.28
1463230502.0 37 125303.62	1000.91	26.31	-25.00	716.81	217.45	5.45	0.00	309.43	0.00	708.35	7307.28
1463230503.0 37 125303.62	1000.91	26.31	-24.84	715.06	216.20	3.69	0.00	309.15	344.01	708.35	7307.28
1463230504.0 37 125303.62	1000.91	26.31	-25.00	708.07	213.72	-0.00	0.00	309.49	0.00	708.35	7307.28
1463230505.0 37 125303.62	1000.51	26.12	-24.84	715.06	216.20	-2.33	0.00	309.15	473.68	708.35	7307.28
1463230506.0 37 125303.62	999.65	26.31	-24.84	709.82	213.72	0.68	0.00	309.15	0.00	708.35	7307.28
1463230507.0 37 125303.62	999.65	26.31	-24.84	715.06	216.20	-2.33	0.00	309.32	473.68	708.35	7307.28
1463230508.0 37 125303.62	999.65	26.31	-24.84	709.82	212.48	-2.33	0.00	309.10	0.00	708.35	7307.28
1463230509.0 37 125303.62	1000.91	26.31	-24.84	718.56	214.96	-2.33	0.00	309.27	0.00	708.35	7307.28
1463230510.0 37 125303.62	999.65	26.31	-24.84	711.57	213.72	0.68	0.00	309.10	0.00	708.35	7307.28
1463230511.0 37 125303.62	1000.51	26.12	-24.84	704.57	212.48	-2.33	0.00	309.10	0.00	708.35	7307.28
1463230511.0 37 125303.62	1001.71	26.68	-24.84	718.56	216.20	0.68	0.00	309.15	0.00	708.35	7307.28
1463230512.0 37 125303.62	1001.31	26.50	-24.84	706.32	211.25	-2.33	0.00	309.10	0.00	708.35	7307.28
1463230513.0 37 125303.62	1001.31	26.50	-25.00	706.32	212.48	0.68	0.00	309.38	0.00	708.35	7307.28
1463230514.0 37 125303.62	1000.91	26.31	-24.84	718.56	217.45	3.69	0.00	309.15	0.00	708.35	7307.28
1463230515.0 37 125303.62	1000.05	26.50	-24.84	715.06	214.96	0.68	0.00	309.04	473.68	708.35	7307.28
1463230516.0 37 125303.62	1000.05	26.50	-24.84	725.55	219.96	3.69	0.00	309.27	0.00	708.35	7307.28
1463230517.0 37 125303.62	1000.05	26.50	-24.68	715.06	213.72	0.68	0.00	309.04	0.00	708.35	7307.28
1463230518.0 37 125303.62	1002.56	26.50	-24.84	711.57	218.70	0.68	0.00	309.49	0.00	708.35	7307.28
1463230519.0 37 125303.62	1000.05	26.50	-24.68	718.56	217.45	4.66	0.00	309.04	0.00	708.35	7307.28
1463230520.0 37 125303.62	1000.45	26.68	-24.84	713.31	213.72	0.68	0.00	309.55	473.68	708.35	7307.28
1463230521.0 37 125303.62	1000.45	26.68	-24.84	723.80	221.22	6.12	0.00	309.04	0.00	708.35	7307.28
1463230522.0 37 125303.62	1000.05	26.50	-25.16	720.31	217.45	3.69	0.00	309.66	0.00	708.35	7307.28
1463230523.0 37 125303.62	1000.05	26.50	-24.84	725.55	219.96	3.69	0.00	309.21	0.00	708.35	7307.28
1463230524.0 37 125303.62	1000.05	26.50	-25.00	711.57	212.48	0.68	0.00	309.21	0.00	708.35	7307.28
1463230525.0 37 125303.62	1000.45	26.68	-25.00	727.30	219.96	0.68	0.00	309.49	0.00	708.35	7307.28
1463230526.0 37 125303.62	1000.45	26.68	-24.68	709.82	214.96	-2.33	0.00	309.04	0.00	708.35	7307.28
1463230527.0 37 125303.62	1000.45	26.68	-25.00	711.57	213.72	3.69	0.00	309.21	0.00	708.35	7307.28
1463230528.0 37 125303.62	1000.45	26.68	-24.84	706.32	210.02	2.44	0.00	309.10	0.00	708.35	7307.28
1463230529.0 37 125303.62	1000.45	26.68	-24.84	715.06	217.45	4.66	0.00	309.21	473.68	708.35	7307.28
1463230530.0 37 125303.62	1000.05	26.50	-25.00	709.82	212.48	0.68	0.00	309.49	0.00	708.35	7307.28
1463230531.0 37 125303.62	1000.05	26.50	-24.84	713.31	216.20	2.44	0.00	309.15	0.00	708.35	7307.28
1463230532.0 37 125303.62	1000.45	26.68	-24.84	708.07	213.72	-2.33	0.00	309.10	0.00	708.35	7307.28
1463230533.0 37 125303.62	1000.45	26.68	-24.84	709.82	213.72	5.45	0.00	309.10	473.68	708.35	7307.28
1463230534.0 37 125303.62	1001.71	26.68	-24.84	708.07	213.72	3.69	0.00	309.10	0.00	708.35	7307.28
1463230535.0 37 125303.62	1000.45	26.68	-24.84	709.82	214.96	0.68	0.00	309.27	0.00	708.35	7307.28
1463230536.0 37 125303.62	1000.45	26.68	-24.84	713.31	214.96	0.68	0.00	309.10	0.00	708.35	7307.28
1463230537.0 37 125303.62	999.59	26.87	-24.84	701.08	211.25	0.68	0.00	309.10	0.00	708.35	7307.28
1463230538.0 37 125303.62	1002.50	27.06	-24.84	715.06	216.20	6.12	0.00	309.10	0.00	708.35	7307.28
1463230539.0 37 125303.62	1000.45	26.68	-24.84	702.83	212.48	0.68	0.00	309.10	0.00	708.35	7307.28
1463230540.0 37 125303.62	1000.85	26.87	-25.00	706.32	212.48	0.68	0.00	309.43	0.00	708.35	7307.28
1463230541.0 37 125303.62	1000.45	26.68	-24.68	718.56	217.45	3.69	0.00	308.98	0.00	708.35	7307.28
1463230542.0 37 125303.62	1000.45	26.68	-24.84	706.32	212.48	0.68	0.00	309.38	0.00	708.35	7307.28
1463230543.0 37 125303.62	1000.45	26.68	-24.84	729.04	225.04	2.44	0.00	309.15	473.68	708.35	7307.28
1463230544.0 37 125303.62	1000.85	26.87	-24.84	713.31	217.45	2.44	0.00	309.21	473.68	708.35	7307.28
1463230545.0 37 125303.62	1000.45	26.68	-25.00	732.54	226.32	4.66	0.00	309.43	473.68	708.35	7307.28
1463230546.0 37 125303.62	1000.85	26.87	-24.84	708.07	213.72	2.44	0.00	309.27	0.00	708.35	7307.28
1463230547.0 37 125303.62	1002.10	26.87	-25.00	718.56	221.22	2.44	0.00	309.49	0.00	708.35	7307.28
1463230548.0 37 125303.62	1000.45	26.68	-24.84	713.31	216.20	4.66	0.00	308.98	0.00	708.35	7307.28
1463230549.0 37 125303.62	1000.85	26.87	-24.84	708.07	213.72	-0.00	0.00	309.66	473.68	708.35	7307.28
1463230550.0 37 125303.62	1000.45	26.68	-24.84	723.80	219.96	4.66	0.00	309.04	0.00	708.35	7307.28
1463230551.0 37 125303.62	1000.45	26.68	-25.00	709.82	213.72	0.68	0.00	309.49	0.00	708.35	7307.28
1463230552.0 37 125303.62	1000.85	26.87	-25.00	722.05	217.45	4.66	0.00	309.15	473.68	708.35	7307.28
1463230553.0 37 125303.62	1000.45	26.68	-24.84	708.07	214.96	0.68	0.00	309.15	0.00	708.35	7307.28
1463230554.0 37 125303.62	1000.45	26.68	-24.84	706.32	212.48	-2.33	0.00	309.04	0.00	708.35	7307.28
1463230555.0 37 125303.62	1000.45	26.68	-24.68	713.31	217.45	4.66	0.00	309.10	0.00	708.35	7307.28
1463230556.0 37 125303.62	1000.85	26.87	-24.84	706.32	212.48	4.66	0.00	309.04	0.00	708.35	7307.28
1463230557.0 37 125303.62	1000.85	26.87	-25.00	725.55	219.96	4.66	0.00	309.49	0.00	708.35	7307.28
1463230558.0 37 125303.62	1001.25	27.06	-24.84	711.57	213.72	0.68	0.00	309.10	0.00	708.35	7307.28
1463230559.0 37 125303.62	1000.45	26.68	-24.84	709.82	214.96	0.68	0.00	309.43	0.00	708.35	7307.28
1463230560.0 37 125303.62	1000.45	26.68	-24.84	715.06	213.72	2.44	0.00	309.10	0.00	708.35	7307.28
1463230561.0 37 125303.62	999.99	27.06	-24.84	711.57	212.48	0.68	0.00	309.38	473.68	708.35	7307.28
1463230562.0 37 125303.62	1000.45	26.68	-24.84	722.05	216.20	3.69	0.00	309.10	0.00	708.35	7307.28
1463230563.0 37 125303.62	1000.85	26.87	-24.84	713.31	212.48	-2.33	0.00	309.21	0.00	708.35	7307.28
1463230564.0 37 125303.62	1000.85	26.87	-24.84	715.06	214.96	3.69	0.00	309.15	0.00	708.35	7307.28
1463230565.0 37 125303.62	1000.45	26.68	-24.68	716.81	212.48	0.68	0.00	309.10	0.00	708.35	7307.28
1463230566.0 37 125303.62	1000.85	26.87	-24.84	720.31	216.20	0.68	0.00	309.21	0.00	708.35	7307.28
1463230566.0 37 125303.62	1000.45	26.68	-25.00	718.56	213.72	2.44	0.00	309.10	473.68	708.35	7307.28
1463230567.0 37 125303.62	1000.45	26.68	-25.00	718.56	214.96	0.68	0.00	309.10	0.00	708.35	7307.28
1463230568.0 37 125303.62	1000.85	26.87	-24.84	713.31	213.72	2.44	0.00	309.43	0.00	708.35	7307.28
1463230569.0 37 125303.62	1000.85	26.87	-24.84	702.83	207.58	5.45	0.00	308.82	473.68	708.35	7307.28
1463230570.0 37 125303.62	999.59	26.87	-24.84	718.56	217.45	0.68	0.00	309.38	0.00	708.35	7307.28
1463230571.0 37 125303.62	1001.25	27.06	-24.84	741.28	223.76	2.44	0.00	309.27	0.00	708.35	7307.28
1463230572.0 37 125303.62	1000.85	26.87	-24.84	711.57	211.25	2.44	0.00	309.10	0.00	708.35	7307.28
1463230573.0 37 125303.62	1000.85	26.87	-25.00	734.29	222.49	8.46	0.00	309.21	473.68	708.35	7307.28
1463230574.0 37 125303.62	1000.45	26.68	-24.84	713.31	212.48	2.44	0.00	309.04	0.00	708.35	7307.28
1463230575.0 37 125303.62	1001.25	27.06	-24.84	730.79	219.96	0.68	0.00	309.27	344.01	708.35	7307.28
1463230576.0 37 125303.62	999.99	27.06	-24.84	723.80	216.20	3.69	0.00	309.04	0.00	708.35	7307.28
1463230577.0 37 125303.62	1000.85	26.87	-25.00	723.80	217.45	-2.33	0.00	309.60	0.00	708.35	7307.28
1463230578.0 37 125303.62	1001.25	27.06	-24.68	736.03	218.70	8.81	0.00	309.04	0.00	708.35	7307.28
1463230579.0 37 125303.62	1001.25	27.06	-25.00	718.56	213.72	-2.33	0.00	309.43	0.00	708.35	7307.28
1463230580.0 36 125303.62	999.59	26.87	-25.00	715.06	212.48	0.68	0.00	309.38	0.00	708.35	7307.28
1463230581.0 36 125303.62	1000.45	26.68	-24.84	716.81	212.48	0.68	0.00	309.10	0.00	708.35	7307.28
1463230582.0 36 125303.62	999.59	26.87	-24.84	704.57	207.58	6.12	0.00	308.82	0.00	708.35	7307.28
1463230583.0 36 125303.62	1000.05	26.50	-25.00	744.77	223.76	3.69	0.00	309.66	0.00	708.35	7307.28
1463230584.0 36 125303.62	1000.85	26.87	-25.00	729.04	216.20	4.66	0.00	309.27	0.00	708.35	7307.28
1463230585.0 36 125303.62	1001.25	27.06	-24.84	725.55	221.22	0.68	0.00	309.43	473.68	708.35	7307.28
1463230586.0 36 125303.62	1000.85	26.87	-24.84	722.05	212.48	3.69	0.00	309.10	0.00	708.35	7307.28
1463230587.0 36 125303.62	1000.45	26.68	-25.00	730.79	218.70	-0.00	0.00	309.60	0.00	708.35	7307.28
1463230588.0 36 125303.62	1002.10	26.87	-24.84	727.30	214.96	6.70	0.00	309.10	0.00	708.35	7307.28
1463230589.0 36 125303.62	1000.45	26.68	-25.16	706.32	212.48	0.68	0.00	309.32	0.00	708.35	7307.28
1463230590.0 36 125303.62	1001.25	27.06	-24.84	706.32	212.48	2.44	0.00	309.10	0.00	708.35	7307.28
1463230591.0 36 125303.62	1000.85	26.87	-24.84	706.32	212.48	2.44	0.00	309.10	0.00	708.35	7307.28
1463230592.0 36 125303.62	1000.85	26.87	-24.84	709.82	216.20	2.44	0.00	309.38	0.00	708.35	7307.28
1463230593.0 36 125303.62	1000.85	26.87	-24.84	709.82	213.72	2.44	0.00	309.15	0.00	708.35	7307.28
1463230594.0 37 125303.62	1000.45	26.68	-24.84	711.57	217.45	2.44	0.00	309.04	0.00	708.35	7307.28
1463230595.0 37 125303.62	999.99	27.06	-24.84	704.57	212.48	2.44	0.00	309.43	0.00	708.35	7307.28
1463230596.0 37 125303.62	1000.45	26.68	-25.00	718.56	218.70	2.44	0.00	309.27	473.68	708.35	7307.28
1463230597.0 37 125303.62	1000.45	26.68	-24.84	704.57	211.25	0.68	0.00	309.15	0.00	708.35	7307.28
1463230598.0 37 125303.62	1000.45	26.68	-24.84	722.05	217.45	-2.33	0.00	309.10	0.00	708.35	7307.28
1463230599.0 37 125303.62	1000.45	26.68	-24.84	701.08	211.25	0.68	0.00	309.10	0.00	708.35	7307.28
1463230600.0 37 125303.62	1000.85	26.87	-25.00	722.05	221.22	7.21	0.00	309.21	0.00	708.35	7307.28
1463230601.0 37 125303.62	1000.45	26.68	-24.84	701.08	211.25	0.68	0.00	308.98	0.00	708.35	7307.28
1463230602.0 37 125303.62	1000.05	26.50	-24.84	720.31	221.22	0.68	0.00	309.27	473.68	708.35	7307.28
1463230603.0 37 125303.62	1000.45	26.68	-24.84	711.57	214.96	0.68	0.00	309.04	0.00	708.35	7307.28
1463230604.0 37 125303.62	1000.45	26.68	-25.00	706.32	212.48	-2.33	0.00	309.43	473.68	708.35	7307.28
1463230605.0 37 125303.62	1000.45	26.68	-24.84	722.05	219.96	3.69	0.00	309.04	0.00	708.35	7307.28
1463230606.0 37 125303.62	1000.45	26.68	-25.00	706.32	213.72	0.68	0.00	309.43	0.00	708.35	7307.28
1463230607.0 37 125303.62	1000.45	26.68	-24.84	704.57	212.48	0.68	0.00	309.04	0.00	708.35	7307.28
1463230608.0 37 125303.62	1001.71	26.68	-24.84	706.32	214.96	2.44	0.00	309.27	0.00	708.35	7307.28
1463230609.0 37 125303.62	1000.05	26.50	-24.84	709.82	213.72	-2.33	0.00	309.04	0.00	708.35	7307.28
1463230610.0 37 125303.62	1000.05	26.50	-25.00	706.32	213.72	0.68	0.00	309.43	0.00	708.35	7307.28
1463230611.0 37 125303.62	1000.05	26.50	-24.84	709.82	214.96	2.44	0.00	309.10	0.00	708.35	7307.28
1463230612.0 37 125303.62	1000.91	26.31	-24.84	704.57	213.72	2.44	0.00	309.04	0.00	708.35	7307.28
1463230613.0 37 125303.62	999.65	26.31	-24.84	706.32	212.48	2.44	0.00	309.21	0.00	708.35	7307.28
1463230614.0 37 125303.62	1000.05	26.50	-24.84	711.57	216.20	0.68	0.00	309.21	473.68	708.35	7307.28
1463230615.0 37 125303.62	1000.45	26.68	-25.00	708.07	217.45	-2.33	0.00	309.38	473.68	708.35	7307.28
1463230616.0 37 125303.62	1000.45	26.68	-24.84	713.31	214.96	4.66	0.00	309.04	0.00	708.35	7307.28
1463230617.0 37 125303.62	999.65	26.31	-25.00	704.57	212.48	-2.33	0.00	309.10	473.68	708.35	7307.28
1463230618.0 37 125303.62	1000.05	26.50	-24.84	718.56	216.20	0.68	0.00	309.10	0.00	708.35	7307.28
1463230619.0 37 125303.62	1001.31	26.50	-24.84	704.57	210.02	0.68	0.00	309.10	0.00	708.35	7307.28
1463230620.0 37 125303.62	999.65	26.31	-24.84	722.05	219.96	6.70	0.00	309.04	0.00	708.35	7307.28
1463230621.0 37 125303.62	1001.31	26.50	-24.84	708.07	212.48	-0.00	0.00	309.04	0.00	708.35	7307.28
1463230621.0 37 125303.62	1000.91	26.31	-24.84	702.83	211.25	0.68	0.00	309.10	0.00	708.35	7307.28
1463230622.0 37 125303.62	1000.91	26.31	-24.84	718.56	216.20	-2.33	0.00	309.21	473.68	708.35	7307.28
1463230623.0 37 125303.62	1000.91	26.31	-25.00	708.07	213.72	-2.33	0.00	309.38	0.00	708.35	7307.28
1463230624.0 37 125303.62	1000.91	26.31	-24.84	720.31	217.45	5.45	0.00	309.10	0.00	708.35	7307.28
1463230625.0 37 125303.62	1002.56	26.50	-24.84	711.57	213.72	-2.33	0.00	309.32	473.68	708.35	7307.28
1463230626.0 37 125303.62	1000.91	26.31	-24.84	711.57	213.72	3.69	0.00	309.10	0.00	708.35	7307.28
1463230627.0 37 125303.62	999.65	26.31	-24.84	711.57	212.48	5.45	0.00	309.04	473.68	708.35	7307.28
1463230628.0 37 125303.62	1000.91	26.31	-24.84	711.57	213.72	0.68	0.00	309.21	0.00	708.35	7307.28
1463230629.0 37 125303.62	1000.51	26.12	-24.84	715.06	213.72	-2.33	0.00	309.10	0.00	708.35	7307.28
1463230630.0 37 125303.62	999.65	26.31	-24.84	713.31	212.48	0.68	0.00	309.10	0.00	708.35	7307.28
1463230631.0 37 125303.62	1001.31	26.50	-24.84	722.05	217.45	4.66	0.00	309.10	0.00	708.35	7307.28
1463230632.0 37 125303.62	1000.91	26.31	-24.84	715.06	212.48	-0.00	0.00	309.10	0.00	708.35	7307.28
1463230633.0 37 125303.62	1001.31	26.50	-24.84	715.06	211.25	0.68	0.00	309.04	0.00	708.35	7307.28
1463230634.0 37 125303.62	999.65	26.31	-24.84	727.30	217.45	5.45	0.00	309.15	0.00	708.35	7307.28
1463230635.0 37 125303.62	998.85	25.93	-24.84	711.57	210.02	2.44	0.00	308.98	0.00	708.35	7307.28
1463230636.0 37 125303.62	999.65	26.31	-24.68	734.29	222.49	0.68	0.00	309.27	0.00	708.35	7307.28
1463230637.0 37 125303.62	1000.91	26.31	-24.84	725.55	214.96	0.68	0.00	309.21	0.00	708.35	7307.28
1463230638.0 37 125303.62	1001.76	26.12	-24.84	720.31	212.48	0.68	0.00	309.49	0.00	708.35	7307.28
1463230639.0 37 125303.62	1000.91	26.31	-24.84	732.54	216.20	5.45	0.00	309.04	0.00	708.35	7307.28
1463230640.0 37 125303.62	1000.91	26.31	-25.16	722.05	213.72	-0.00	0.00	309.38	0.00	708.35	7307.28
1463230641.0 37 125303.62	1002.16	26.31	-24.84	732.54	218.70	4.66	0.00	309.04	473.68	708.35	7307.28
1463230642.0 37 125303.62	999.25	26.12	-24.84	722.05	212.48	0.68	0.00	309.10	0.00	708.35	7307.28
1463230643.0 37 125303.62	1001.76	26.12	-24.68	736.03	219.96	-2.33	0.00	309.21	473.68	708.35	7307.28
1463230644.0 37 125303.62	1000.91	26.31	-24.68	722.05	213.72	0.68	0.00	309.10	0.00	708.35	7307.28
1463230645.0 37 125303.62	1002.16	26.31	-24.84	732.54	221.22	3.69	0.00	309.27	0.00	708.35	7307.28
1463230646.0 36 125303.62	1002.16	26.31	-24.84	730.79	214.96	0.68	0.00	309.15	0.00	708.35	7307.28
1463230647.0 36 125303.62	1000.11	25.93	-24.84	723.80	211.25	-2.33	0.00	309.04	0.00	708.35	7307.28
1463230648.0 36 125303.62	1000.91	26.31	-24.68	739.53	218.70	3.69	0.00	309.15	0.00	708.35	7307.28
1463230649.0 36 125303.62	1000.91	26.31	-25.00	734.29	213.72	-0.00	0.00	309.27	473.68	708.35	7307.28
1463230650.0 36 125303.62	1000.91	26.31	-24.84	746.52	221.22	-2.33	0.00	309.27	473.68	708.35	7307.28
1463230651.0 36 125303.62	1000.05	26.50	-24.68	732.54	212.48	0.68	0.00	308.98	473.68	708.35	7307.28
1463230652.0 36 125303.62	1000.91	26.31	-25.00	741.28	218.70	-2.33	0.00	309.66	0.00	708.35	7307.28
1463230653.0 36 125303.62	999.65	26.31	-24.84	750.01	219.96	3.69	0.00	309.15	0.00	708.35	7307.28
1463230654.0 36 125303.62	1000.91	26.31	-25.00	732.54	213.72	-0.00	0.00	309.49	0.00	708.35	7307.28
1463230655.0 36 125303.62	1001.76	26.12	-24.84	743.02	219.96	3.69	0.00	309.15	0.00	708.35	7307.28
1463230656.0 36 125303.62	1002.56	26.50	-24.84	734.29	212.48	2.44	0.00	309.04	0.00	708.35	7307.28
1463230657.0 36 125303.62	1000.91	26.31	-24.68	755.26	222.49	-0.00	0.00	309.38	473.68	708.35	7307.28
1463230658.0 36 125303.62	999.65	26.31	-24.68	737.78	213.72	0.68	0.00	309.04	473.68	708.35	7307.28
1463230659.0 36 125303.62	1000.05	26.50	-24.84	748.27	222.49	-0.00	0.00	309.27	0.00	708.35	7307.28
1463230660.0 36 125303.62	1000.91	26.31	-24.84	730.79	212.48	3.69	0.00	309.04	0.00	708.35	7307.28
1463230661.0 36 125303.62	999.65	26.31	-24.84	732.54	212.48	0.68	0.00	309.04	0.00	708.35	7307.28
1463230662.0 36 125303.62	1002.16	26.31	-24.68	720.31	207.58	-2.33	0.00	308.82	0.00	708.35	7307.28
1463230663.0 36 125303.62	1001.31	26.50	-24.84	743.02	214.96	0.68	0.00	309.15	0.00	708.35	7307.28
1463230664.0 36 125303.62	1000.05	26.50	-24.84	737.78	212.48	-2.33	0.00	309.38	0.00	708.35	7307.28
1463230665.0 36 125303.62	999.65	26.31	-25.00	739.53	213.72	0.68	0.00	309.15	0.00	708.35	7307.28
1463230666.0 36 125303.62	1000.05	26.50	-25.00	737.78	212.48	0.68	0.00	309.27	0.00	708.35	7307.28
1463230667.0 36 125303.62	1000.05	26.50	-24.84	737.78	212.48	2.44	0.00	309.15	473.68	708.35	7307.28
1463230668.0 36 125303.62	1002.56	26.50	-24.84	737.78	213.72	-2.33	0.00	309.04	0.00	708.35	7307.28
1463230669.0 36 125303.62	1000.05	26.50	-25.00	737.78	212.48	0.68	0.00	309.21	473.68	708.35	7307.28
1463230670.0 36 125303.62	1000.45	26.68	-24.84	744.77	212.48	0.68	0.00	309.10	473.68	708.35	7307.28
1463230671.0 36 125303.62	999.65	26.31	-24.84	734.29	212.48	0.68	0.00	309.15	0.00	708.35	7307.28
1463230672.0 36 125303.62	1000.45	26.68	-24.84	748.27	216.20	3.69	0.00	309.10	0.00	708.35	7307.28
1463230673.0 36 125303.62	1000.05	26.50	-24.84	739.53	211.25	-2.33	0.00	309.15	0.00	708.35	7307.28
1463230674.0 36 125303.62	1000.45	26.68	-25.00	746.52	213.72	6.70	0.00	309.27	0.00	708.35	7307.28
1463230675.0 36 125303.62	1000.45	26.68	-24.68	750.01	217.45	-0.00	0.00	309.15	473.68	708.35	7307.28
1463230676.0 36 125303.62	1000.05	26.50	-24.84	736.03	212.48	2.44	0.00	309.10	0.00	708.35	7307.28
1463230676.0 36 125303.62	1000.85	26.87	-24.68	757.00	219.96	-2.33	0.00	309.21	473.68	708.35	7307.28
1463230677.0 36 125303.62	1000.45	26.68	-24.84	746.52	216.20	0.68	0.00	309.04	0.00	708.35	7307.28
1463230678.0 36 125303.62	1000.45	26.68	-25.00	750.01	217.45	-2.33	0.00	309.60	473.68	708.35	7307.28
1463230679.0 36 125303.62	1000.05	26.50	-24.84	762.24	218.70	0.68	0.00	308.98	0.00	708.35	7307.28
1463230680.0 36 125303.62	1000.05	26.50	-25.00	743.02	212.48	-2.33	0.00	309.43	0.00	708.35	7307.28
1463230681.0 36 125303.62	1000.45	26.68	-24.84	757.00	219.96	8.46	0.00	309.21	0.00	708.35	7307.28
1463230682.0 36 125303.62	1000.05	26.50	-24.84	744.77	213.72	0.68	0.00	309.10	473.68	708.35	7307.28
1463230683.0 36 125303.62	1000.45	26.68	-25.00	762.24	218.70	0.68	0.00	309.21	473.68	708.35	7307.28
1463230684.0 36 125303.62	1000.45	26.68	-24.84	746.52	212.48	-2.33	0.00	309.10	473.68	708.35	7307.28
1463230685.0 36 125303.62	1000.05	26.50	-24.68	746.52	217.45	6.70	0.00	309.27	0.00	708.35	7307.28
1463230686.0 36 125303.62	1000.45	26.68	-24.68	753.51	214.96	-2.33	0.00	309.10	0.00	708.35	7307.28
1463230687.0 36 125303.62	1000.05	26.50	-24.84	743.02	212.48	0.68	0.00	309.04	0.00	708.35	7307.28
1463230688.0 36 125303.62	1000.05	26.50	-24.84	743.02	212.48	-2.33	0.00	309.38	0.00	708.35	7307.28
1463230689.0 36 125303.62	1000.45	26.68	-24.84	769.23	219.96	3.69	0.00	309.21	0.00	708.35	7307.28
1463230690.0 36 125303.62	1000.05	26.50	-25.00	746.52	213.72	-2.33	0.00	309.43	0.00	708.35	7307.28
1463230691.0 36 125303.62	1000.45	26.68	-24.84	760.50	217.45	3.69	0.00	309.21	0.00	708.35	7307.28
1463230692.0 36 125303.62	1000.05	26.50	-25.00	746.52	212.48	-2.33	0.00	309.10	0.00	708.35	7307.28
1463230693.0 36 125303.62	1000.45	26.68	-24.84	760.50	219.96	2.44	0.00	309.21	473.68	708.35	7307.28
1463230694.0 36 125303.62	1000.45	26.68	-25.00	746.52	212.48	-2.33	0.00	309.04	473.68	708.35	7307.28
1463230695.0 36 125303.62	1000.05	26.50	-24.84	757.00	223.76	0.68	0.00	309.32	0.00	708.35	7307.28
1463230696.0 36 125303.62	1000.05	26.50	-24.68	750.01	213.72	0.68	0.00	309.10	473.68	708.35	7307.28
1463230697.0 36 125303.62	1001.31	26.50	-24.84	746.52	212.48	-2.33	0.00	309.38	0.00	708.35	7307.28
1463230698.0 36 125303.62	1001.71	26.68	-24.68	750.01	214.96	2.44	0.00	309.10	0.00	708.35	7307.28
1463230699.0 36 125303.62	1001.71	26.68	-24.68	746.52	212.48	-0.00	0.00	309.10	0.00	708.35	7307.28
1463230700.0 36 125303.62	1001.31	26.50	-25.00	751.76	216.20	3.69	0.00	309.21	0.00	708.35	7307.28
1463230701.0 36 125303.62	1000.45	26.68	-24.84	760.50	219.96	0.68	0.00	309.15	473.68	708.35	7307.28
1463230702.0 36 125303.62	1000.45	26.68	-24.84	750.01	216.20	2.44	0.00	308.93	0.00	708.35	7307.28
1463230703.0 36 125303.62	1000.05	26.50	-24.84	748.27	212.48	-2.33	0.00	309.27	0.00	708.35	7307.28
1463230704.0 36 125303.62	1000.05	26.50	-24.84	757.00	216.20	2.44	0.00	309.10	0.00	708.35	7307.28
1463230705.0 36 125303.62	1001.31	26.50	-25.00	741.28	211.25	-2.33	0.00	309.04	0.00	708.35	7307.28
1463230706.0 36 125303.62	1001.31	26.50	-25.00	765.74	221.22	-2.33	0.00	309.04	473.68	708.35	7307.28
1463230707.0 36 125303.62	1000.05	26.50	-24.84	743.02	210.02	0.68	0.00	308.98	0.00	708.35	7307.28
1463230708.0 36 125303.62	1002.56	26.50	-24.84	763.99	221.22	0.68	0.00	309.21	0.00	708.35	7307.28
1463230709.0 36 125303.62	1000.45	26.68	-25.00	751.76	213.72	-0.00	0.00	308.98	473.68	708.35	7307.28
1463230710.0 36 125303.62	1001.31	26.50	-24.84	748.27	213.72	4.66	0.00	309.49	0.00	708.35	7307.28
1463230711.0 36 125303.62	1000.05	26.50	-24.84	760.50	217.45	2.44	0.00	308.98	0.00	708.35	7307.28
1463230712.0 36 125303.62	1000.05	26.50	-25.00	746.52	212.48	-0.00	0.00	309.38	0.00	708.35	7307.28
1463230713.0 36 125303.62	1000.45	26.68	-24.84	758.75	217.45	6.12	0.00	309.15	0.00	708.35	7307.28
1463230714.0 36 125303.62	1000.05	26.50	-25.00	746.52	213.72	0.68	0.00	309.04	473.68	708.35	7307.28
1463230715.0 36 125303.62	1000.05	26.50	-24.84	744.77	211.25	-2.33	0.00	308.93	0.00	708.35	7307.28
1463230716.0 36 125303.62	1000.05	26.50	-25.00	746.52	211.25	3.69	0.00	309.10	0.00	708.35	7307.28
1463230717.0 36 125303.62	1000.05	26.50	-24.84	753.51	217.45	6.12	0.00	309.10	0.00	708.35	7307.28
1463230718.0 36 125303.62	1001.71	26.68	-24.84	757.00	219.96	6.12	0.00	309.27	0.00	708.35	7307.28
1463230719.0 36 125303.62	1000.05	26.50	-24.84	746.52	213.72	0.68	0.00	309.10	0.00	708.35	7307.28
1463230720.0 36 125303.62	1000.45	26.68	-24.84	755.26	216.20	-2.33	0.00	309.49	0.00	708.35	7307.28
1463230721.0 36 125303.62	1000.05	26.50	-24.84	755.26	216.20	0.68	0.00	309.27	0.00	708.35	7307.28
1463230722.0 36 125303.62	1000.05	26.50	-25.16	746.52	212.48	-2.33	0.00	309.43	0.00	708.35	7307.28
1463230723.0 36 125303.62	1000.45	26.68	-24.68	757.00	217.45	-2.33	0.00	309.10	473.68	708.35	7307.28
1463230724.0 36 125303.62	1000.05	26.50	-24.84	748.27	213.72	0.68	0.00	309.10	0.00	708.35	7307.28
1463230725.0 36 125303.62	1000.45	26.68	-24.84	748.27	214.96	4.66	0.00	309.15	0.00	708.35	7307.28
1463230726.0 36 125303.62	1000.45	26.68	-24.84	751.76	213.72	-2.33	0.00	309.10	473.68	708.35	7307.28
1463230727.0 36 125303.62	1000.45	26.68	-24.84	744.77	211.25	-2.33	0.00	308.87	0.00	708.35	7307.28
1463230728.0 36 125303.62	998.79	26.50	-24.84	744.77	212.48	3.69	0.00	308.98	0.00	708.35	7307.28
1463230729.0 36 125303.62	1000.45	26.68	-25.00	772.73	222.49	-2.33	0.00	309.49	0.00	708.35	7307.28
1463230730.0 36 125303.62	1000.45	26.68	-24.84	760.50	216.20	-2.33	0.00	309.10	0.00	708.35	7307.28
1463230731.0 36 125303.62	1000.45	26.68	-25.00	748.27	213.72	-2.33	0.00	309.49	0.00	708.35	7307.28
1463230731.0 36 125303.62	1000.45	26.68	-24.84	765.74	217.45	6.70	0.00	309.04	0.00	708.35	7307.28
1463230732.0 36 125303.62	1000.45	26.68	-25.00	748.27	212.48	0.68	0.00	309.43	0.00	708.35	7307.28
1463230733.0 36 125303.62	1000.45	26.68	-25.00	760.50	217.45	7.67	0.00	309.27	0.00	708.35	7307.28
1463230734.0 36 125303.62	1000.45	26.68	-24.84	748.27	212.48	5.45	0.00	309.04	473.68	708.35	7307.28
1463230735.0 36 125303.62	1000.45	26.68	-25.00	763.99	217.45	2.44	0.00	309.15	344.01	708.35	7307.28
1463230736.0 36 125303.62	1001.71	26.68	-24.84	748.27	212.48	0.68	0.00	309.10	0.00	708.35	7307.28
1463230737.0 36 125303.62	1000.45	26.68	-24.84	746.52	214.96	0.68	0.00	309.32	473.68	708.35	7307.28
1463230738.0 36 125303.62	1001.71	26.68	-24.84	757.00	217.45	6.12	0.00	309.04	0.00	708.35	7307.28
1463230739.0 36 125303.62	1000.45	26.68	-24.84	746.52	213.72	0.68	0.00	309.38	473.68	708.35	7307.28
1463230740.0 36 125303.62	1000.45	26.68	-24.84	737.78	210.02	0.68	0.00	308.98	0.00	708.35	7307.28
1463230741.0 36 125303.62	1000.45	26.68	-24.84	760.50	221.22	3.69	0.00	309.21	0.00	708.35	7307.28
1463230742.0 36 125303.62	1000.45	26.68	-24.68	746.52	211.25	-0.00	0.00	309.04	0.00	708.35	7307.28
1463230743.0 36 125303.62	1001.71	26.68	-24.84	741.28	212.48	0.68	0.00	309.27	0.00	708.35	7307.28
1463230744.0 36 125303.62	1000.45	26.68	-24.84	757.00	216.20	2.44	0.00	309.10	0.00	708.35	7307.28
1463230745.0 36 125303.62	1000.45	26.68	-24.84	743.02	211.25	3.69	0.00	309.04	0.00	708.35	7307.28
1463230746.0 36 125303.62	1001.31	26.50	-24.84	767.49	218.70	2.44	0.00	309.10	0.00	708.35	7307.28
1463230747.0 36 125303.62	1000.05	26.50	-24.84	743.02	210.02	3.69	0.00	309.04	0.00	708.35	7307.28
1463230748.0 36 125303.62	1000.45	26.68	-25.00	767.49	221.22	6.12	0.00	309.21	0.00	708.35	7307.28
1463230749.0 36 125303.62	1000.45	26.68	-25.00	748.27	211.25	2.44	0.00	309.10	0.00	708.35	7307.28
1463230750.0 36 125303.62	1000.85	26.87	-24.84	751.76	219.96	0.68	0.00	309.49	0.00	708.35	7307.28
1463230751.0 36 125303.62	1000.45	26.68	-24.84	753.51	214.96	6.70	0.00	309.04	473.68	708.35	7307.28
1463230752.0 36 125303.62	1001.71	26.68	-24.84	750.01	212.48	-2.33	0.00	309.38	0.00	708.35	7307.28
1463230753.0 36 125303.62	1000.45	26.68	-24.84	760.50	221.22	2.44	0.00	308.98	473.68	708.35	7307.28
1463230754.0 36 125303.62	1000.85	26.87	-24.84	746.52	211.25	3.69	0.00	309.04	0.00	708.35	7307.28
1463230755.0 36 125303.62	1000.85	26.87	-24.84	746.52	210.02	3.69	0.00	308.98	0.00	708.35	7307.28
1463230756.0 36 125303.62	1000.45	26.68	-24.84	748.27	212.48	3.69	0.00	309.04	0.00	708.35	7307.28
1463230757.0 36 125303.62	1000.45	26.68	-24.84	755.26	213.72	2.44	0.00	309.10	0.00	708.35	7307.28
1463230758.0 36 125303.62	1000.45	26.68	-25.00	750.01	212.48	0.68	0.00	309.43	0.00	708.35	7307.28
1463230759.0 36 125303.62	1000.45	26.68	-24.84	755.26	214.96	3.69	0.00	309.04	0.00	708.35	7307.28
1463230760.0 36 125303.62	1000.45	26.68	-24.84	758.75	217.45	0.68	0.00	309.27	0.00	708.35	7307.28
1463230761.0 36 125303.62	1000.45	26.68	-24.84	750.01	213.72	2.44	0.00	309.10	473.68	708.35	7307.28
1463230762.0 36 125303.62	1000.85	26.87	-24.68	751.76	212.48	0.68	0.00	309.10	0.00	708.35	7307.28
1463230763.0 36 125303.62	1000.85	26.87	-24.84	746.52	212.48	-2.33	0.00	309.15	473.68	708.35	7307.28
1463230764.0 36 125303.62	1000.45	26.68	-24.84	758.75	214.96	-2.33	0.00	309.10	0.00	708.35	7307.28
1463230765.0 36 125303.62	1000.85	26.87	-24.84	755.26	214.96	2.44	0.00	309.15	0.00	708.35	7307.28
1463230766.0 36 125303.62	1000.45	26.68	-25.00	770.98	218.70	5.45	0.00	309.10	0.00	708.35	7307.28
1463230767.0 36 125303.62	999.59	26.87	-24.84	736.03	206.36	3.69	0.00	308.76	0.00	708.35	7307.28
1463230768.0 36 125303.62	1001.25	27.06	-24.84	748.27	210.02	3.69	0.00	309.04	0.00	708.35	7307.28
1463230769.0 36 125303.62	1000.45	26.68	-25.00	765.74	218.70	3.69	0.00	309.10	344.01	708.35	7307.28
1463230770.0 36 125303.62	1000.45	26.68	-24.84	760.50	214.96	-2.33	0.00	309.10	0.00	708.35	7307.28
1463230771.0 36 125303.62	1000.45	26.68	-25.00	748.27	217.45	3.69	0.00	309.43	0.00	708.35	7307.28
1463230772.0 36 125303.62	1000.45	26.68	-24.84	755.26	216.20	6.12	0.00	308.98	0.00	708.35	7307.28
1463230773.0 36 125303.62	1000.85	26.87	-25.00	748.27	212.48	-0.00	0.00	309.43	473.68	708.35	7307.28
1463230774.0 36 125303.62	1000.45	26.68	-24.68	758.75	219.96	6.70	0.00	309.04	344.01	708.35	7307.28
1463230775.0 36 125303.62	1002.96	26.68	-25.00	748.27	212.48	5.45	0.00	309.15	0.00	708.35	7307.28
1463230776.0 36 125303.62	1000.45	26.68	-24.84	760.50	219.96	0.68	0.00	309.21	344.01	708.35	7307.28
1463230777.0 36 125303.62	1000.45	26.68	-24.84	755.26	217.45	4.66	0.00	309.04	0.00	708.35	7307.28
1463230778.0 36 125303.62	1000.45	26.68	-24.84	757.00	221.22	0.68	0.00	309.27	0.00	708.35	7307.28
1463230779.0 36 125303.62	1000.45	26.68	-24.84	744.77	213.72	4.66	0.00	309.04	0.00	708.35	7307.28
1463230780.0 36 125303.62	1000.85	26.87	-25.00	744.77	212.48	-0.00	0.00	309.38	344.01	708.35	7307.28
1463230781.0 36 125303.62	1000.05	26.50	-24.84	746.52	214.96	2.44	0.00	309.21	0.00	708.35	7307.28
1463230782.0 36 125303.62	1000.45	26.68	-24.84	750.01	218.70	7.67	0.00	309.15	473.68	708.35	7307.28
1463230783.0 36 125303.62	1001.71	26.68	-24.84	737.78	211.25	2.44	0.00	309.04	0.00	708.35	7307.28
1463230784.0 36 125303.62	1000.45	26.68	-24.84	743.02	214.96	3.69	0.00	309.04	0.00	708.35	7307.28
1463230785.0 36 125303.62	1001.71	26.68	-24.84	741.28	213.72	0.68	0.00	309.04	473.68	708.35	7307.28
1463230785.0 36 125303.62	1000.45	26.68	-24.84	741.28	212.48	3.69	0.00	309.15	0.00	708.35	7307.28
1463230786.0 36 125303.62	1000.45	26.68	-25.00	743.02	212.48	-2.33	0.00	309.10	0.00	708.35	7307.28
1463230787.0 36 125303.62	1000.45	26.68	-24.84	746.52	216.20	-2.33	0.00	309.32	0.00	708.35	7307.28
1463230788.0 36 125303.62	1000.85	26.87	-24.84	755.26	219.96	-2.33	0.00	309.21	0.00	708.35	7307.28
1463230789.0 36 125303.62	1001.31	26.50	-24.84	737.78	210.02	-2.33	0.00	309.10	0.00	708.35	7307.28
1463230790.0 36 125303.62	1000.85	26.87	-24.84	758.75	217.45	4.66	0.00	309.04	0.00	708.35	7307.28
1463230791.0 36 125303.62	1000.85	26.87	-24.84	736.03	211.25	2.44	0.00	309.04	0.00	708.35	7307.28
1463230792.0 36 125303.62	1000.45	26.68	-24.84	760.50	219.96	4.66	0.00	309.27	0.00	708.35	7307.28
1463230793.0 36 125303.62	1000.85	26.87	-24.68	730.79	208.80	2.44	0.00	308.76	0.00	708.35	7307.28
1463230794.0 36 125303.62	1002.10	26.87	-24.84	743.02	211.25	0.68	0.00	308.98	473.68	708.35	7307.28
1463230795.0 36 125303.62	1000.45	26.68	-24.84	743.02	212.48	4.66	0.00	309.27	0.00	708.35	7307.28
1463230796.0 36 125303.62	1000.85	26.87	-25.00	757.00	217.45	4.66	0.00	309.15	0.00	708.35	7307.28
1463230797.0 36 125303.62	1000.45	26.68	-25.00	746.52	211.25	-2.33	0.00	309.43	0.00	708.35	7307.28
1463230798.0 36 125303.62	1000.85	26.87	-24.68	765.74	222.49	4.66	0.00	309.04	473.68	708.35	7307.28
1463230799.0 36 125303.62	1000.45	26.68	-24.84	750.01	213.72	0.68	0.00	309.15	0.00	708.35	7307.28
1463230800.0 36 125303.62	1002.10	26.87	-24.68	762.24	219.96	2.44	0.00	309.15	473.68	708.35	7307.28
