# Name = UIS1
# Version = 1.0
# Location = Universidad Industrial de Santander
# Sensors = Presion, Temperatura, Humedad, Irradiancia, Iluminancia, Ruido, LLuvia, CO2, NO2, Latitud, Longitud, Nubosidad
# Power = Red
# GPS = si
# Time Zone = UTC-5
# Data = UTCtime GPStime Presion Temperatura Humedad Irradiancia Iluminancia  Ruido Lluvia CO2 NO2 Latitud Longitud Nubosidad 
1468818001.0 100 145452.64	1002.16	21.07	90.66	0.00	228.89	6.70	-666.00	309.60	0.00	708.31	7307.28
1468818001.0 100 145452.64	1001.75	20.89	87.34	0.00	232.78	3.69	-666.00	309.89	285.25	708.31	7307.28
1468818002.0 100 145452.64	1003.40	21.07	90.51	0.00	228.89	0.68	-666.00	309.66	0.00	708.31	7307.28
1468818003.0 100 145452.64	1002.16	21.07	90.35	0.00	227.60	2.44	-666.00	309.66	0.00	708.31	7307.28
1468818004.0 100 145452.64	1001.75	20.89	89.87	0.00	227.60	-0.00	-666.00	309.72	0.00	708.31	7307.28
1468818004.0 100 145452.64	1001.35	20.70	90.98	0.00	222.49	0.68	-666.00	309.55	344.01	708.31	7307.28
1468818005.0 100 145452.64	1002.99	20.89	87.03	0.00	227.60	0.68	-666.00	309.83	0.00	708.31	7307.28
1468818006.0 100 145452.64	1000.51	20.89	90.98	0.00	226.32	-2.33	-666.00	309.49	0.00	708.31	7307.28
1468818007.0 100 145452.64	1002.16	21.07	90.51	0.00	230.18	0.68	-666.00	309.66	0.00	708.31	7307.28
1468818007.0 100 145452.64	1001.75	20.89	90.51	0.00	226.32	0.68	-666.00	309.60	0.00	708.31	7307.28
1468818008.0 100 145452.64	1002.99	20.89	87.34	0.00	228.89	-2.33	-666.00	309.77	0.00	708.31	7307.28
