1462888194.0 92 134856.76	988.62	19.39	89.08	215.90	227.60	16.91	0.00	309.83	285.25	709.41	7307.29
1462888195.0 92 134856.76	988.62	19.39	83.54	219.41	232.78	18.77	0.00	309.83	249.72	709.41	7307.29
1462888196.0 92 134856.76	989.86	19.39	90.35	215.90	226.32	18.64	0.00	309.77	249.72	709.41	7307.29
1462888197.0 92 134856.76	989.02	19.58	90.66	215.90	226.32	18.53	0.00	309.72	285.25	709.41	7307.29
1462888198.0 92 134856.76	988.62	19.39	91.14	214.15	222.49	19.51	0.00	309.49	249.72	709.41	7307.29
1462888199.0 92 134856.76	990.26	19.58	86.71	219.41	232.78	18.46	0.00	309.77	249.72	709.41	7307.29
1462888200.0 92 134856.76	989.86	19.39	90.51	214.15	226.32	19.16	0.00	309.66	249.72	709.41	7307.29
1462888201.0 92 134856.76	988.22	19.21	90.66	217.65	226.32	18.20	0.00	309.72	285.25	709.41	7307.29
1462888202.0 92 134856.76	990.26	19.58	89.24	219.41	232.78	19.07	0.00	309.83	249.72	709.41	7307.29
1462888203.0 92 134856.76	989.46	19.21	85.44	217.65	228.89	16.91	0.00	310.00	249.72	709.41	7307.29
1462888204.0 92 134856.76	989.46	19.21	90.82	221.16	231.48	19.00	0.00	309.55	249.72	709.41	7307.29
1462888205.0 92 134856.76	989.02	19.58	79.59	217.65	230.18	17.16	0.00	310.17	249.72	709.41	7307.29
1462888206.0 92 134856.76	989.02	19.58	90.35	221.16	234.09	17.79	0.00	309.72	285.25	709.41	7307.29
1462888207.0 91 134856.76	989.46	19.21	90.51	215.90	227.60	18.35	0.00	309.72	285.25	709.41	7307.29
1462888208.0 91 134856.76	989.46	19.21	85.76	221.16	234.09	17.49	0.00	309.89	249.72	709.41	7307.29
1462888209.0 91 134856.76	991.10	19.39	87.66	215.90	228.89	18.53	0.00	310.11	249.72	709.41	7307.29
1462888210.0 91 134856.76	989.86	19.39	88.13	221.16	234.09	17.84	0.00	309.83	285.25	709.41	7307.29
1462888211.0 91 134856.76	990.70	19.21	90.35	215.90	226.32	17.06	0.00	309.83	285.25	709.41	7307.29
1462888212.0 91 134856.76	989.46	19.21	90.82	215.90	227.60	17.26	0.00	309.60	285.25	709.41	7307.29
1462888213.0 91 134856.76	990.70	19.21	89.87	215.90	228.89	18.70	0.00	309.72	249.72	709.41	7307.29
1462888214.0 91 134856.76	990.29	19.02	90.66	214.15	226.32	18.87	0.00	309.83	249.72	709.41	7307.29
1462888215.0 91 134856.76	989.46	19.21	90.66	215.90	227.60	18.46	0.00	309.66	249.72	709.41	7307.29
1462888216.0 91 134856.76	990.70	19.21	90.82	217.65	228.89	18.87	0.00	309.55	285.25	709.41	7307.29
1462888217.0 91 134856.76	990.70	19.21	90.19	215.90	227.60	19.00	0.00	309.83	285.25	709.41	7307.29
1462888218.0 91 134856.76	990.29	19.02	81.17	217.65	227.60	17.49	0.00	309.77	285.25	709.41	7307.29
1462888219.0 91 134856.76	989.46	19.21	89.08	219.41	232.78	18.08	0.00	309.77	285.25	709.41	7307.29
1462888220.0 91 134856.76	989.06	19.02	90.66	215.90	225.04	18.46	0.00	310.00	473.68	709.41	7307.29
1462888220.0 91 134856.76	989.46	19.21	82.59	217.65	232.78	19.22	0.00	309.55	249.72	709.41	7307.29
1462888221.0 91 134856.76	988.22	19.21	83.54	215.90	226.32	17.49	0.00	310.00	285.25	709.41	7307.29
1462888222.0 91 134856.76	990.70	19.21	82.12	217.65	228.89	18.64	0.00	309.60	249.72	709.41	7307.29
1462888223.0 91 134856.76	989.86	19.39	90.66	215.90	225.04	18.46	0.00	309.66	249.72	709.41	7307.29
1462888224.0 91 134856.76	989.46	19.21	80.22	217.65	232.78	18.90	0.00	309.83	285.25	709.41	7307.29
1462888225.0 91 134856.76	990.70	19.21	89.72	214.15	225.04	19.43	0.00	309.60	285.25	709.41	7307.29
1462888226.0 91 134856.76	989.86	19.39	90.66	221.16	232.78	19.40	0.00	309.66	249.72	709.41	7307.29
1462888227.0 91 134856.76	988.62	19.39	90.66	212.39	223.76	18.46	0.00	309.66	249.72	709.41	7307.29
1462888228.0 91 134856.76	989.86	19.39	90.66	217.65	230.18	19.16	0.00	309.72	249.72	709.41	7307.29
1462888229.0 91 134856.76	990.70	19.21	90.51	214.15	225.04	18.46	0.00	309.72	249.72	709.41	7307.29
1462888230.0 91 134856.76	989.86	19.39	90.51	212.39	226.32	18.20	0.00	309.66	285.25	709.41	7307.29
1462888231.0 91 134856.76	990.70	19.21	91.46	210.64	219.96	19.76	0.00	309.38	285.25	709.41	7307.29
1462888232.0 91 134856.76	989.86	19.39	86.55	219.41	231.48	18.46	0.00	309.89	249.72	709.41	7307.29
1462888233.0 91 134856.76	988.22	19.21	90.51	214.15	223.76	18.70	0.00	309.77	249.72	709.41	7307.29
1462888234.0 91 134856.76	990.70	19.21	90.35	217.65	228.89	17.44	0.00	309.72	249.72	709.41	7307.29
1462888235.0 91 134856.76	988.62	19.39	87.03	215.90	226.32	17.06	0.00	309.94	249.72	709.41	7307.29
1462888236.0 91 134856.76	989.46	19.21	90.82	214.15	226.32	17.92	0.00	309.66	285.25	709.41	7307.29
1462888237.0 91 134856.76	989.46	19.21	82.12	221.16	239.37	19.16	0.00	310.05	344.01	709.41	7307.29
1462888238.0 91 134856.76	991.10	19.39	90.66	215.90	226.32	18.53	0.00	309.66	249.72	709.41	7307.29
1462888239.0 91 134856.76	990.70	19.21	90.35	217.65	231.48	19.07	0.00	309.72	285.25	709.41	7307.29
1462888240.0 90 134856.76	989.46	19.21	90.51	214.15	228.89	18.87	0.00	309.60	249.72	709.41	7307.29
1462888241.0 90 134856.76	990.70	19.21	86.87	217.65	232.78	18.46	0.00	309.83	285.25	709.41	7307.29
1462888242.0 90 134856.76	990.26	19.58	90.66	215.90	226.32	19.31	0.00	309.55	249.72	709.41	7307.29
1462888243.0 90 134856.76	989.46	19.21	90.51	219.41	232.78	18.77	0.00	309.72	344.01	709.41	7307.29
1462888244.0 90 134856.76	991.50	19.58	90.51	212.39	223.76	18.00	0.00	309.60	285.25	709.41	7307.29
1462888245.0 90 134856.76	990.26	19.58	90.66	215.90	230.18	18.94	0.00	309.66	249.72	709.41	7307.29
1462888246.0 90 134856.76	991.10	19.39	90.66	214.15	225.04	17.84	0.00	309.66	285.25	709.41	7307.29
1462888247.0 90 134856.76	989.46	19.21	90.66	214.15	226.32	18.20	0.00	309.66	285.25	709.41	7307.29
1462888248.0 92 134856.76	988.62	19.39	90.98	212.39	221.22	18.87	0.00	309.66	225.21	709.41	7307.29
1462888249.0 92 134856.76	990.70	19.21	90.82	215.90	228.89	18.12	0.00	309.60	249.72	709.41	7307.29
1462888250.0 92 134856.76	990.70	19.21	90.66	212.39	225.04	18.20	0.00	309.60	249.72	709.41	7307.29
1462888251.0 92 134856.76	989.46	19.21	90.35	217.65	230.18	18.46	0.00	309.66	249.72	709.41	7307.29
1462888252.0 92 134856.76	989.46	19.21	89.40	219.41	231.48	18.42	0.00	309.77	285.25	709.41	7307.29
1462888253.0 92 134856.76	989.86	19.39	90.51	214.15	226.32	18.27	0.00	309.94	344.01	709.41	7307.29
1462888254.0 92 134856.76	991.10	19.39	90.66	217.65	235.40	18.87	0.00	309.55	249.72	709.41	7307.29
1462888255.0 92 134856.76	989.46	19.21	84.81	212.39	226.32	17.71	0.00	310.00	285.25	709.41	7307.29
1462888256.0 91 134856.76	989.86	19.39	89.72	210.64	219.96	20.17	0.00	309.32	285.25	709.41	7307.29
1462888257.0 91 134856.76	990.70	19.21	90.82	217.65	228.89	19.43	0.00	309.66	285.25	709.41	7307.29
1462888258.0 91 134856.76	989.86	19.39	90.51	215.90	232.78	18.67	0.00	309.72	249.72	709.41	7307.29
1462888259.0 91 134856.76	991.10	19.39	90.51	215.90	226.32	18.08	0.00	309.72	249.72	709.41	7307.29
1462888260.0 91 134856.76	990.70	19.21	90.51	215.90	230.18	18.70	0.00	309.83	344.01	709.41	7307.29
1462888261.0 91 134856.76	991.10	19.39	90.51	212.39	225.04	17.84	0.00	309.83	285.25	709.41	7307.29
1462888262.0 91 134856.76	991.10	19.39	90.82	214.15	225.04	18.12	0.00	309.66	285.25	709.41	7307.29
1462888263.0 91 134856.76	991.10	19.39	90.51	214.15	226.32	17.44	0.00	309.66	249.72	709.41	7307.29
1462888264.0 91 134856.76	989.86	19.39	89.72	214.15	230.18	16.91	0.00	310.05	285.25	709.41	7307.29
1462888265.0 91 134856.76	989.46	19.21	87.18	214.15	227.60	18.00	0.00	309.83	249.72	709.41	7307.29
1462888266.0 91 134856.76	991.10	19.39	90.51	215.90	228.89	20.17	0.00	309.60	249.72	709.41	7307.29
1462888267.0 91 134856.76	991.10	19.39	90.66	212.39	225.04	19.16	0.00	309.60	249.72	709.41	7307.29
1462888268.0 91 134856.76	991.10	19.39	89.08	215.90	230.18	18.00	0.00	309.83	285.25	709.41	7307.29
1462888269.0 91 134856.76	990.70	19.21	84.81	219.41	235.40	18.00	0.00	309.94	285.25	709.41	7307.29
1462888270.0 91 134856.76	989.86	19.39	90.82	214.15	230.18	18.39	0.00	309.89	344.01	709.41	7307.29
1462888271.0 91 134856.76	989.46	19.21	90.66	217.65	232.78	19.13	0.00	309.55	249.72	709.41	7307.29
1462888272.0 91 134856.76	990.70	19.21	84.65	214.15	227.60	17.35	0.00	310.05	344.01	709.41	7307.29
1462888273.0 90 134856.76	990.70	19.21	91.46	208.88	219.96	19.95	0.00	309.32	249.72	709.41	7307.29
1462888274.0 90 134856.76	989.46	19.21	90.66	212.39	227.60	18.94	0.00	309.60	249.72	709.41	7307.29
1462888275.0 90 134856.76	990.70	19.21	88.61	215.90	231.48	18.20	0.00	309.89	285.25	709.41	7307.29
1462888276.0 90 134856.76	991.10	19.39	90.82	212.39	228.89	18.67	0.00	309.66	285.25	709.41	7307.29
1462888277.0 90 134856.76	989.46	19.21	90.51	219.41	234.09	18.12	0.00	309.72	249.72	709.41	7307.29
1462888278.0 90 134856.76	990.70	19.21	90.66	210.64	223.76	18.20	0.00	309.66	249.72	709.41	7307.29
1462888279.0 90 134856.76	990.26	19.58	90.82	214.15	228.89	18.94	0.00	309.66	249.72	709.41	7307.29
1462888280.0 90 134856.76	990.70	19.21	90.51	214.15	230.18	18.87	0.00	309.72	285.25	709.41	7307.29
1462888281.0 90 134856.76	991.10	19.39	90.82	214.15	226.32	17.92	0.00	309.60	285.25	709.41	7307.29
1462888281.0 90 134856.76	990.70	19.21	91.14	210.64	225.04	17.92	0.00	309.60	249.72	709.41	7307.29
1462888282.0 90 134856.76	990.70	19.21	90.51	215.90	234.09	18.70	0.00	309.72	285.25	709.41	7307.29
1462888283.0 90 134856.76	991.50	19.58	90.35	212.39	225.04	18.20	0.00	309.77	285.25	709.41	7307.29
1462888284.0 90 134856.76	991.50	19.58	90.82	212.39	226.32	17.30	0.00	309.60	249.72	709.41	7307.29
1462888285.0 90 134856.76	990.70	19.21	85.92	215.90	234.09	18.00	0.00	309.89	249.72	709.41	7307.29
1462888286.0 90 134856.76	991.10	19.39	90.66	210.64	226.32	17.40	0.00	309.72	285.25	709.41	7307.29
1462888287.0 90 134856.76	990.70	19.21	90.35	215.90	232.78	18.42	0.00	309.66	249.72	709.41	7307.29
1462888288.0 90 134856.76	991.50	19.58	84.49	210.64	223.76	17.58	0.00	310.05	249.72	709.41	7307.29
1462888289.0 90 134856.76	991.10	19.39	91.61	207.13	218.70	19.76	0.00	309.38	249.72	709.41	7307.29
1462888290.0 90 134856.76	991.10	19.39	90.66	210.64	223.76	18.64	0.00	309.60	225.21	709.41	7307.29
1462888291.0 90 134856.76	991.10	19.39	86.87	214.15	231.48	18.00	0.00	309.83	249.72	709.41	7307.29
1462888292.0 90 134856.76	989.86	19.39	88.29	210.64	225.04	17.62	0.00	309.94	285.25	709.41	7307.29
1462888293.0 90 134856.76	989.46	19.21	90.66	215.90	231.48	19.37	0.00	309.66	285.25	709.41	7307.29
1462888294.0 90 134856.76	989.46	19.21	90.66	210.64	223.76	17.40	0.00	309.72	285.25	709.41	7307.29
1462888295.0 90 134856.76	990.70	19.21	90.66	212.39	226.32	18.20	0.00	309.60	249.72	709.41	7307.29
1462888296.0 90 134856.76	990.70	19.21	90.51	210.64	226.32	17.92	0.00	309.72	249.72	709.41	7307.29
1462888297.0 90 134856.76	991.50	19.58	86.08	212.39	228.89	18.94	0.00	309.72	249.72	709.41	7307.29
1462888298.0 90 134856.76	989.86	19.39	90.66	207.13	222.49	18.27	0.00	309.60	285.25	709.41	7307.29
1462888299.0 90 134856.76	991.10	19.39	90.66	212.39	228.89	18.20	0.00	309.60	249.72	709.41	7307.29
1462888300.0 90 134856.76	990.70	19.21	90.51	212.39	232.78	19.10	0.00	309.77	285.25	709.41	7307.29
1462888301.0 90 134856.76	992.33	19.39	90.51	212.39	228.89	18.94	0.00	309.66	249.72	709.41	7307.29
1462888302.0 90 134856.76	990.70	19.21	89.40	215.90	234.09	18.27	0.00	309.77	249.72	709.41	7307.29
1462888303.0 90 134856.76	990.70	19.21	84.49	210.64	226.32	17.71	0.00	310.00	249.72	709.41	7307.29
1462888304.0 90 134856.76	990.70	19.21	90.82	214.15	232.78	18.70	0.00	309.60	285.25	709.41	7307.29
1462888305.0 90 134856.76	990.70	19.21	84.34	210.64	226.32	18.27	0.00	310.05	285.25	709.41	7307.29
1462888306.0 91 134856.76	991.10	19.39	91.14	207.13	222.49	19.37	0.00	309.49	249.72	709.41	7307.29
1462888307.0 91 134856.76	991.10	19.39	89.72	212.39	228.89	18.64	0.00	309.77	285.25	709.41	7307.29
1462888308.0 91 134856.76	990.70	19.21	86.87	212.39	231.48	17.40	0.00	309.72	225.21	709.41	7307.29
1462888309.0 91 134856.76	991.10	19.39	90.82	208.88	226.32	17.30	0.00	309.83	285.25	709.41	7307.29
1462888310.0 91 134856.76	991.10	19.39	90.66	212.39	232.78	17.92	0.00	309.66	285.25	709.41	7307.29
1462888311.0 91 134856.76	991.50	19.58	90.82	208.88	225.04	18.24	0.00	309.60	249.72	709.41	7307.29
1462888312.0 91 134856.76	991.10	19.39	90.66	210.64	228.89	16.75	0.00	309.66	285.25	709.41	7307.29
1462888313.0 91 134856.76	991.10	19.39	90.03	208.88	226.32	18.27	0.00	309.77	285.25	709.41	7307.29
1462888314.0 91 134856.76	989.86	19.39	90.66	208.88	226.32	17.35	0.00	309.66	285.25	709.41	7307.29
1462888315.0 92 134856.76	991.93	19.21	90.98	205.37	221.22	17.30	25.45	309.60	285.25	709.41	7307.29
1462888316.0 92 134856.76	990.70	19.21	90.82	208.88	228.89	17.92	25.45	309.55	249.72	709.41	7307.29
1462888317.0 92 134856.76	991.10	19.39	90.03	210.64	230.18	18.39	25.45	309.72	344.01	709.41	7307.29
1462888318.0 92 134856.76	990.70	19.21	90.82	208.88	226.32	17.62	25.45	309.66	285.25	709.41	7307.29
1462888319.0 92 134856.76	990.70	19.21	89.56	210.64	231.48	17.35	25.45	309.77	285.25	709.41	7307.29
1462888320.0 92 134856.76	989.86	19.39	81.80	207.13	226.32	16.05	25.45	310.22	285.25	709.41	7307.29
1462888321.0 92 134856.76	989.86	19.39	81.33	214.15	232.78	18.64	25.45	309.66	285.25	709.41	7307.29
1462888322.0 92 134856.76	991.10	19.39	72.78	210.64	228.89	16.86	25.45	310.11	344.01	709.41	7307.29
1462888323.0 92 134856.76	989.86	19.39	78.16	208.88	226.32	17.62	25.45	309.66	344.01	709.41	7307.29
1462888324.0 92 134856.76	990.70	19.21	87.66	207.13	225.04	18.12	25.45	309.89	344.01	709.41	7307.29
1462888325.0 92 134856.76	991.10	19.39	87.34	210.64	236.72	18.90	25.45	309.60	285.25	709.41	7307.29
1462888326.0 92 134856.76	991.10	19.39	86.55	208.88	230.18	17.06	25.45	310.05	344.01	709.41	7307.29
1462888327.0 92 134856.76	990.70	19.21	90.66	207.13	225.04	18.53	25.45	309.60	344.01	709.41	7307.29
1462888328.0 92 134856.76	990.70	19.21	90.19	207.13	227.60	18.53	25.45	309.66	285.25	709.41	7307.29
1462888329.0 92 134856.76	991.10	19.39	84.65	207.13	225.04	17.06	25.45	309.83	285.25	709.41	7307.29
1462888330.0 92 134856.76	991.10	19.39	90.51	208.88	226.32	16.96	25.45	309.77	249.72	709.41	7307.29
1462888331.0 92 134856.76	990.70	19.21	86.23	207.13	227.60	18.00	25.45	309.89	285.25	709.41	7307.29
1462888332.0 93 134856.76	990.70	19.21	90.98	205.37	223.76	17.53	25.45	309.83	285.25	709.41	7307.29
1462888333.0 93 134856.76	989.46	19.21	90.82	210.64	230.18	18.64	25.45	309.60	249.72	709.41	7307.29
1462888334.0 93 134856.76	990.70	19.21	90.51	205.37	223.76	18.64	25.45	309.66	285.25	709.41	7307.29
1462888335.0 93 134856.76	990.70	19.21	83.23	207.13	228.89	17.21	25.45	309.66	285.25	709.41	7307.29
1462888336.0 93 134856.76	990.70	19.21	77.85	208.88	234.09	18.00	25.45	309.89	285.25	709.41	7307.29
1462888337.0 93 134856.76	990.70	19.21	82.28	207.13	228.89	18.08	25.45	309.72	285.25	709.41	7307.29
1462888338.0 93 134856.76	990.70	19.21	85.76	210.64	231.48	18.77	25.45	309.72	249.72	709.41	7307.29
1462888339.0 93 134856.76	990.70	19.21	78.64	207.13	226.32	16.64	25.45	310.00	285.25	709.41	7307.29
1462888340.0 93 134856.76	991.50	19.58	78.16	210.64	230.18	17.71	25.45	309.60	285.25	709.41	7307.29
1462888341.0 94 134856.76	989.86	19.39	80.70	205.37	225.04	18.12	0.00	309.66	249.72	709.41	7307.29
1462888341.0 94 134856.76	990.70	19.21	77.06	205.37	230.18	17.62	0.00	309.94	285.25	709.41	7307.29
1462888342.0 94 134856.76	991.10	19.39	78.48	205.37	226.32	18.46	0.00	309.66	249.72	709.41	7307.29
1462888343.0 94 134856.76	989.06	19.02	72.31	210.64	234.09	18.00	0.00	309.77	285.25	709.41	7307.29
1462888344.0 94 134856.76	990.70	19.21	72.78	205.37	225.04	16.80	0.00	309.66	249.72	709.41	7307.29
1462888345.0 94 134856.76	989.86	19.39	75.00	208.88	231.48	16.70	0.00	309.72	285.25	709.41	7307.29
1462888346.0 94 134856.76	990.70	19.21	82.44	205.37	225.04	17.62	0.00	309.72	285.25	709.41	7307.29
1462888347.0 94 134856.76	991.50	19.58	82.91	205.37	226.32	17.26	0.00	309.83	344.01	709.41	7307.29
1462888348.0 93 134856.76	989.46	19.21	91.61	201.86	218.70	19.63	0.00	309.38	285.25	709.41	7307.29
1462888349.0 93 134856.76	990.70	19.21	81.17	207.13	232.78	18.08	0.00	309.72	249.72	709.41	7307.29
1462888350.0 93 134856.76	991.10	19.39	85.92	203.62	222.49	17.53	0.00	309.55	285.25	709.41	7307.29
1462888351.0 93 134856.76	991.10	19.39	81.33	205.37	228.89	15.73	0.00	309.83	285.25	709.41	7307.29
1462888352.0 93 134856.76	991.50	19.58	79.11	207.13	230.18	17.06	0.00	310.05	285.25	709.41	7307.29
1462888353.0 93 134856.76	990.70	19.21	87.50	205.37	228.89	17.62	0.00	309.60	285.25	709.41	7307.29
1462888354.0 93 134856.76	990.70	19.21	81.80	208.88	231.48	17.06	0.00	309.77	249.72	709.41	7307.29
1462888355.0 93 134856.76	991.10	19.39	90.19	205.37	225.04	17.71	0.00	309.72	249.72	709.41	7307.29
1462888356.0 93 134856.76	991.10	19.39	80.70	207.13	231.48	18.67	0.00	309.60	285.25	709.41	7307.29
1462888357.0 94 134856.76	990.70	19.21	85.76	205.37	228.89	17.88	0.00	309.72	249.72	709.41	7307.29
1462888358.0 94 134856.76	990.70	19.21	85.28	203.62	225.04	17.71	0.00	309.89	249.72	709.41	7307.29
1462888359.0 94 134856.76	991.10	19.39	90.82	203.62	226.32	18.64	0.00	309.66	249.72	709.41	7307.29
1462888360.0 94 134856.76	990.70	19.21	85.44	212.39	238.04	18.27	0.00	309.94	249.72	709.41	7307.29
1462888361.0 94 134856.76	990.70	19.21	90.82	205.37	226.32	16.80	0.00	309.72	285.25	709.41	7307.29
1462888362.0 94 134856.76	989.86	19.39	90.66	208.88	231.48	18.20	0.00	309.66	285.25	709.41	7307.29
1462888363.0 94 134856.76	989.06	19.02	90.51	201.86	223.76	17.16	0.00	309.66	285.25	709.41	7307.29
1462888364.0 94 134856.76	991.10	19.39	90.66	205.37	227.60	17.40	0.00	309.72	344.01	709.41	7307.29
1462888365.0 94 134856.76	991.10	19.39	90.98	201.86	223.76	17.16	0.00	309.49	285.25	709.41	7307.29
1462888366.0 94 134856.76	989.86	19.39	88.13	208.88	236.72	17.01	0.00	309.77	285.25	709.41	7307.29
1462888367.0 94 134856.76	991.10	19.39	88.61	205.37	228.89	15.93	0.00	309.94	285.25	709.41	7307.29
1462888368.0 94 134856.76	991.10	19.39	90.66	203.62	228.89	17.16	0.00	309.72	249.72	709.41	7307.29
1462888369.0 94 134856.76	990.70	19.21	87.34	205.37	226.32	17.58	0.00	309.89	249.72	709.41	7307.29
1462888370.0 94 134856.76	989.86	19.39	90.66	203.62	226.32	17.92	0.00	309.66	249.72	709.41	7307.29
1462888371.0 94 134856.76	990.70	19.21	85.28	207.13	232.78	16.75	0.00	309.83	249.72	709.41	7307.29
1462888372.0 94 134856.76	990.70	19.21	90.66	203.62	227.60	16.91	0.00	309.89	285.25	709.41	7307.29
1462888373.0 94 134856.76	990.70	19.21	90.35	207.13	232.78	18.39	0.00	309.72	285.25	709.41	7307.29
1462888374.0 93 134856.76	990.70	19.21	90.66	201.86	226.32	17.62	0.00	309.60	249.72	709.41	7307.29
1462888375.0 93 134856.76	990.70	19.21	88.13	201.86	232.78	16.70	0.00	310.05	249.72	709.41	7307.29
1462888376.0 93 134856.76	990.29	19.02	86.08	200.11	219.96	18.64	0.00	309.60	285.25	709.41	7307.29
1462888377.0 93 134856.76	991.10	19.39	89.56	207.13	235.40	18.46	0.00	309.66	249.72	709.41	7307.29
1462888378.0 93 134856.76	991.10	19.39	85.60	203.62	230.18	16.53	0.00	309.94	285.25	709.41	7307.29
1462888379.0 93 134856.76	991.10	19.39	89.40	207.13	234.09	17.62	0.00	309.83	285.25	709.41	7307.29
1462888380.0 93 134856.76	990.70	19.21	89.24	200.11	228.89	17.62	0.00	309.94	285.25	709.41	7307.29
1462888381.0 93 134856.76	990.70	19.21	90.66	201.86	226.32	15.23	0.00	309.72	285.25	709.41	7307.29
1462888382.0 93 134856.76	989.46	19.21	90.35	203.62	230.18	16.42	0.00	309.72	249.72	709.41	7307.29
1462888383.0 92 134856.76	990.70	19.21	90.82	203.62	230.18	17.40	0.00	309.66	285.25	709.41	7307.29
1462888384.0 92 134856.76	989.46	19.21	90.03	201.86	225.04	16.42	0.00	309.83	344.01	709.41	7307.29
1462888385.0 92 134856.76	991.10	19.39	90.51	205.37	231.48	16.80	0.00	309.72	285.25	709.41	7307.29
1462888386.0 92 134856.76	991.93	19.21	84.02	208.88	236.72	16.12	0.00	309.94	285.25	709.41	7307.29
1462888387.0 92 134856.76	990.70	19.21	89.56	203.62	230.18	16.80	0.00	310.00	0.00	709.41	7307.29
1462888388.0 92 134856.76	991.10	19.39	90.51	205.37	232.78	17.96	0.00	309.60	285.25	709.41	7307.29
1462888389.0 92 134856.76	991.10	19.39	84.18	201.86	225.04	16.18	0.00	310.00	285.25	709.41	7307.29
1462888390.0 92 134856.76	991.93	19.21	90.82	203.62	228.89	17.16	0.00	309.66	285.25	709.41	7307.29
1462888391.0 91 134856.76	991.10	19.39	90.66	201.86	227.60	16.91	0.00	309.66	249.72	709.41	7307.29
1462888392.0 91 134856.76	991.10	19.39	89.87	205.37	230.18	16.64	0.00	309.72	285.25	709.41	7307.29
1462888393.0 91 134856.76	990.70	19.21	90.98	201.86	225.04	17.62	0.00	309.89	344.01	709.41	7307.29
1462888394.0 91 134856.76	990.70	19.21	90.51	208.88	232.78	15.73	0.00	309.72	285.25	709.41	7307.29
1462888395.0 91 134856.76	990.70	19.21	90.82	200.11	223.76	16.64	76.34	309.60	285.25	709.41	7307.29
1462888396.0 91 134856.76	990.70	19.21	90.66	205.37	227.60	16.70	76.34	309.66	344.01	709.41	7307.29
1462888397.0 91 134856.76	990.70	19.21	88.61	201.86	226.32	16.64	76.34	309.83	285.25	709.41	7307.29
1462888398.0 91 134856.76	991.10	19.39	90.66	200.11	227.60	16.24	76.34	309.60	344.01	709.41	7307.29
1462888399.0 91 134856.76	989.46	19.21	90.66	203.62	230.18	16.42	76.34	309.66	285.25	709.41	7307.29
1462888400.0 90 134856.76	991.10	19.39	90.82	205.37	232.78	17.26	76.34	309.66	249.72	709.41	7307.29
1462888401.0 90 134856.76	990.70	19.21	81.96	200.11	222.49	16.70	76.34	309.60	285.25	709.41	7307.29
1462888402.0 90 134856.76	990.70	19.21	89.87	203.62	228.89	16.42	76.34	309.77	285.25	709.41	7307.29
1462888402.0 90 134856.76	990.70	19.21	87.34	201.86	227.60	16.75	76.34	309.89	285.25	709.41	7307.29
1462888403.0 90 134856.76	990.70	19.21	90.82	201.86	225.04	16.70	76.34	309.66	285.25	709.41	7307.29
1462888404.0 90 134856.76	989.46	19.21	89.72	205.37	232.78	17.35	76.34	309.83	285.25	709.41	7307.29
1462888405.0 90 134856.76	991.10	19.39	90.66	200.11	227.60	17.06	76.34	309.89	0.00	709.41	7307.29
1462888406.0 90 134856.76	990.70	19.21	90.66	203.62	234.09	17.01	76.34	309.66	285.25	709.41	7307.29
1462888407.0 88 134856.76	991.10	19.39	77.06	203.62	230.18	14.00	50.89	310.22	344.01	709.41	7307.29
1462888408.0 88 134856.76	990.70	19.21	90.51	207.13	232.78	16.91	50.89	309.77	285.25	709.41	7307.29
1462888409.0 88 134856.76	992.33	19.39	89.24	201.86	227.60	14.57	50.89	309.83	285.25	709.41	7307.29
1462888410.0 88 134856.76	990.70	19.21	86.08	205.37	230.18	14.83	50.89	309.89	473.68	709.41	7307.29
1462888411.0 88 134856.76	990.70	19.21	81.49	208.88	236.72	15.59	50.89	309.94	285.25	709.41	7307.29
1462888412.0 88 134856.76	992.33	19.39	89.72	203.62	228.89	15.80	50.89	309.89	344.01	709.41	7307.29
1462888413.0 88 134856.76	990.70	19.21	90.19	201.86	232.78	17.88	50.89	309.72	285.25	709.41	7307.29
1462888414.0 88 134856.76	990.70	19.21	83.86	201.86	226.32	14.57	50.89	310.05	285.25	709.41	7307.29
1462888415.0 88 134856.76	991.50	19.58	90.66	203.62	230.18	16.24	50.89	309.72	344.01	709.41	7307.29
1462888416.0 87 134856.76	991.10	19.39	91.61	198.36	219.96	17.71	50.89	309.38	285.25	709.41	7307.29
1462888417.0 87 134856.76	990.70	19.21	90.35	205.37	230.18	18.00	50.89	309.66	344.01	709.41	7307.29
1462888418.0 87 134856.76	990.70	19.21	86.55	200.11	225.04	15.99	50.89	309.94	285.25	709.41	7307.29
1462888419.0 87 134856.76	990.70	19.21	90.51	205.37	231.48	15.73	50.89	309.77	344.01	709.41	7307.29
1462888420.0 87 134856.76	991.93	19.21	90.66	200.11	223.76	16.12	50.89	309.72	344.01	709.41	7307.29
1462888421.0 87 134856.76	990.70	19.21	90.66	201.86	226.32	16.80	50.89	309.66	344.01	709.41	7307.29
1462888422.0 87 134856.76	990.70	19.21	88.45	201.86	227.60	15.80	50.89	309.83	344.01	709.41	7307.29
1462888423.0 87 134856.76	990.70	19.21	90.66	201.86	225.04	16.96	50.89	309.83	344.01	709.41	7307.29
1462888424.0 87 134856.76	990.70	19.21	90.66	203.62	228.89	16.42	25.45	309.66	285.25	709.41	7307.29
1462888425.0 85 134856.76	990.70	19.21	90.98	203.62	227.60	17.06	25.45	309.60	285.25	709.41	7307.29
1462888426.0 85 134856.76	991.10	19.39	90.51	200.11	225.04	16.80	25.45	309.72	249.72	709.41	7307.29
1462888427.0 85 134856.76	990.70	19.21	91.46	198.36	219.96	17.40	25.45	309.32	285.25	709.41	7307.29
1462888428.0 85 134856.76	991.93	19.21	88.77	205.37	232.78	16.36	25.45	309.83	344.01	709.41	7307.29
1462888429.0 85 134856.76	992.33	19.39	85.13	201.86	227.60	15.52	25.45	310.05	344.01	709.41	7307.29
1462888430.0 85 134856.76	993.17	19.21	90.82	207.13	230.18	17.40	25.45	309.72	249.72	709.41	7307.29
1462888431.0 85 134856.76	991.10	19.39	84.18	201.86	226.32	15.23	25.45	310.00	0.00	709.41	7307.29
1462888432.0 85 134856.76	993.57	19.39	90.98	205.37	228.89	16.96	25.45	309.60	344.01	709.41	7307.29
1462888433.0 85 134856.76	991.93	19.21	85.28	208.88	238.04	16.91	25.45	310.00	285.25	709.41	7307.29
1462888434.0 87 134856.76	990.70	19.21	86.55	208.88	235.40	14.57	25.45	309.89	344.01	709.41	7307.29
1462888435.0 87 134856.76	990.70	19.21	88.61	205.37	230.18	17.16	25.45	310.17	285.25	709.41	7307.29
1462888436.0 87 134856.76	990.70	19.21	90.03	200.11	221.22	16.64	25.45	309.72	473.68	709.41	7307.29
1462888437.0 87 134856.76	991.50	19.58	89.08	203.62	227.60	16.42	25.45	309.83	344.01	709.41	7307.29
1462888438.0 87 134856.76	991.93	19.21	90.66	205.37	227.60	16.70	25.45	309.66	344.01	709.41	7307.29
1462888439.0 87 134856.76	990.70	19.21	89.24	205.37	227.60	16.91	25.45	309.89	249.72	709.41	7307.29
1462888440.0 87 134856.76	990.70	19.21	89.24	205.37	228.89	16.42	25.45	309.77	344.01	709.41	7307.29
1462888441.0 87 134856.76	990.70	19.21	90.66	203.62	225.04	17.26	25.45	309.72	344.01	709.41	7307.29
1462888442.0 87 134856.76	991.10	19.39	84.97	203.62	225.04	15.73	25.45	310.05	344.01	709.41	7307.29
1462888443.0 86 134856.76	990.70	19.21	90.98	201.86	223.76	16.42	25.45	309.72	285.25	709.41	7307.29
1462888444.0 86 134856.76	991.93	19.21	90.66	205.37	225.04	17.06	25.45	309.66	344.01	709.41	7307.29
1462888445.0 86 134856.76	990.70	19.21	90.98	201.86	222.49	17.30	25.45	309.49	285.25	709.41	7307.29
1462888446.0 86 134856.76	993.17	19.21	90.66	205.37	225.04	17.40	25.45	309.89	285.25	709.41	7307.29
1462888447.0 86 134856.76	990.70	19.21	90.66	208.88	232.78	16.80	25.45	309.60	285.25	709.41	7307.29
1462888448.0 86 134856.76	991.10	19.39	79.91	207.13	231.48	15.52	25.45	310.22	285.25	709.41	7307.29
1462888449.0 86 134856.76	990.70	19.21	87.34	208.88	232.78	16.80	25.45	309.83	285.25	709.41	7307.29
1462888450.0 86 134856.76	991.93	19.21	85.28	207.13	235.40	16.36	0.00	309.89	285.25	709.41	7307.29
1462888451.0 88 134856.76	990.70	19.21	85.44	210.64	234.09	16.18	0.00	309.89	249.72	709.41	7307.29
1462888452.0 88 134856.76	991.10	19.39	89.87	208.88	228.89	16.12	0.00	310.00	285.25	709.41	7307.29
1462888453.0 88 134856.76	991.93	19.21	86.39	210.64	234.09	17.49	0.00	309.83	344.01	709.41	7307.29
1462888454.0 88 134856.76	991.10	19.39	89.08	207.13	228.89	15.23	0.00	309.77	285.25	709.41	7307.29
1462888455.0 88 134856.76	991.93	19.21	90.82	210.64	228.89	17.16	0.00	309.66	285.25	709.41	7307.29
1462888456.0 88 134856.76	990.29	19.02	90.51	205.37	225.04	15.93	0.00	309.77	285.25	709.41	7307.29
1462888457.0 88 134856.76	991.93	19.21	89.72	210.64	230.18	15.45	0.00	309.77	285.25	709.41	7307.29
1462888458.0 88 134856.76	992.33	19.39	90.35	207.13	226.32	17.30	0.00	309.66	285.25	709.41	7307.29
1462888459.0 91 134856.76	991.10	19.39	89.87	208.88	227.60	16.12	0.00	309.72	285.25	709.41	7307.29
1462888460.0 91 134856.76	990.70	19.21	88.13	207.13	227.60	17.06	0.00	309.83	249.72	709.41	7307.29
1462888461.0 91 134856.76	992.33	19.39	90.82	208.88	223.76	18.53	0.00	309.60	249.72	709.41	7307.29
1462888462.0 91 134856.76	990.70	19.21	81.01	215.90	240.70	17.71	0.00	310.11	0.00	709.41	7307.29
1462888463.0 91 134856.76	991.93	19.21	90.82	207.13	223.76	17.62	0.00	309.60	344.01	709.41	7307.29
1462888463.0 91 134856.76	992.33	19.39	88.45	215.90	236.72	16.80	0.00	309.77	344.01	709.41	7307.29
1462888464.0 91 134856.76	990.70	19.21	85.60	212.39	231.48	15.73	0.00	310.00	285.25	709.41	7307.29
1462888465.0 91 134856.76	990.70	19.21	89.08	214.15	231.48	16.53	0.00	309.83	344.01	709.41	7307.29
1462888466.0 91 134856.76	991.50	19.58	90.66	208.88	226.32	16.42	0.00	309.72	344.01	709.41	7307.29
1462888467.0 88 134856.76	990.70	19.21	85.60	215.90	232.78	17.06	0.00	309.89	249.72	709.41	7307.29
1462888468.0 88 134856.76	991.50	19.58	90.82	208.88	226.32	17.71	0.00	309.60	285.25	709.41	7307.29
1462888469.0 88 134856.76	991.10	19.39	90.82	210.64	226.32	16.70	0.00	309.60	249.72	709.41	7307.29
1462888470.0 88 134856.76	991.10	19.39	81.49	212.39	228.89	15.30	0.00	310.11	285.25	709.41	7307.29
1462888471.0 88 134856.76	990.70	19.21	88.77	214.15	234.09	16.12	0.00	309.83	344.01	709.41	7307.29
1462888472.0 88 134856.76	991.10	19.39	81.96	214.15	230.18	17.26	0.00	309.94	285.25	709.41	7307.29
1462888473.0 88 134856.76	991.10	19.39	89.56	214.15	228.89	16.64	25.45	309.83	344.01	709.41	7307.29
1462888474.0 88 134856.76	990.70	19.21	89.24	215.90	231.48	16.80	25.45	309.83	285.25	709.41	7307.29
1462888475.0 89 134856.76	989.86	19.39	90.82	208.88	225.04	17.16	25.45	309.72	285.25	709.41	7307.29
1462888476.0 89 134856.76	991.50	19.58	81.96	214.15	228.89	14.74	178.12	310.00	285.25	709.41	7307.29
1462888477.0 89 134856.76	992.33	19.39	88.77	214.15	231.48	17.35	178.12	309.77	285.25	709.41	7307.29
1462888478.0 89 134856.76	991.10	19.39	83.07	214.15	227.60	16.42	152.67	310.11	285.25	709.41	7307.29
1462888479.0 89 134856.76	991.10	19.39	90.98	214.15	226.32	16.70	152.67	309.60	285.25	709.41	7307.29
1462888480.0 89 134856.76	991.10	19.39	88.61	217.65	234.09	17.30	152.67	309.83	285.25	709.41	7307.29
1462888481.0 89 134856.76	990.70	19.21	90.98	212.39	225.04	17.62	152.67	309.66	285.25	709.41	7307.29
1462888482.0 89 134856.76	991.10	19.39	90.51	219.41	235.40	17.62	152.67	309.72	285.25	709.41	7307.29
1462888483.0 91 134856.76	992.74	19.58	90.51	214.15	225.04	17.30	152.67	309.72	285.25	709.41	7307.29
1462888484.0 91 134856.76	991.50	19.58	81.96	215.90	230.18	15.23	152.67	310.17	344.01	709.41	7307.29
1462888485.0 91 134856.76	991.10	19.39	90.03	219.41	234.09	16.70	152.67	310.00	0.00	709.41	7307.29
1462888486.0 91 134856.76	991.50	19.58	88.29	215.90	227.60	17.26	178.12	309.77	249.72	709.41	7307.29
1462888487.0 91 134856.76	991.50	19.58	89.24	215.90	230.18	17.53	178.12	310.00	285.25	709.41	7307.29
1462888488.0 91 134856.76	991.10	19.39	90.51	215.90	227.60	17.71	178.12	309.77	285.25	709.41	7307.29
1462888489.0 91 134856.76	991.10	19.39	85.28	215.90	225.04	16.12	178.12	309.89	285.25	709.41	7307.29
1462888490.0 91 134856.76	991.10	19.39	88.92	217.65	231.48	16.91	178.12	309.89	344.01	709.41	7307.29
1462888491.0 91 134856.76	991.10	19.39	87.03	217.65	231.48	16.53	178.12	309.94	285.25	709.41	7307.29
1462888492.0 90 134856.76	991.50	19.58	90.66	215.90	226.32	17.16	152.67	309.60	285.25	709.41	7307.29
1462888493.0 90 134856.76	991.10	19.39	90.98	217.65	225.04	17.06	152.67	309.89	285.25	709.41	7307.29
1462888494.0 90 134856.76	991.10	19.39	88.13	221.16	232.78	17.30	152.67	310.00	249.72	709.41	7307.29
1462888495.0 90 134856.76	991.93	19.21	83.86	217.65	227.60	15.93	152.67	310.17	285.25	709.41	7307.29
1462888496.0 90 134856.76	991.10	19.39	90.82	219.41	228.89	18.20	152.67	309.60	344.01	709.41	7307.29
1462888497.0 90 134856.76	991.10	19.39	85.28	219.41	234.09	16.53	152.67	309.89	285.25	709.41	7307.29
1462888498.0 90 134856.76	991.10	19.39	90.98	217.65	227.60	17.71	152.67	309.55	285.25	709.41	7307.29
1462888499.0 90 134856.76	991.50	19.58	86.08	226.43	238.04	16.64	127.23	309.89	249.72	709.41	7307.29
1462888500.0 92 134856.76	992.33	19.39	88.13	224.67	235.40	18.16	127.23	309.77	285.25	709.41	7307.29
1462888501.0 92 134856.76	992.33	19.39	82.28	221.16	228.89	15.37	127.23	310.11	285.25	709.41	7307.29
1462888502.0 92 134856.76	992.74	19.58	90.51	228.18	234.09	16.80	127.23	309.72	285.25	709.41	7307.29
1462888503.0 92 134856.76	992.74	19.58	87.97	222.92	231.48	17.16	127.23	309.94	285.25	709.41	7307.29
1462888504.0 92 134856.76	991.10	19.39	90.66	221.16	226.32	17.01	127.23	309.72	285.25	709.41	7307.29
1462888505.0 92 134856.76	992.33	19.39	89.72	222.92	228.89	17.62	127.23	309.72	285.25	709.41	7307.29
1462888506.0 92 134856.76	991.10	19.39	89.72	224.67	231.48	16.80	127.23	310.11	344.01	709.41	7307.29
1462888507.0 92 134856.76	991.10	19.39	88.61	224.67	231.48	16.91	127.23	309.89	344.01	709.41	7307.29
1462888508.0 92 134856.76	992.33	19.39	90.51	222.92	227.60	17.49	101.78	309.83	285.25	709.41	7307.29
1462888509.0 92 134856.76	991.10	19.39	90.82	229.93	231.48	18.08	101.78	309.66	285.25	709.41	7307.29
1462888510.0 92 134856.76	992.74	19.58	81.33	222.92	228.89	17.71	101.78	310.22	285.25	709.41	7307.29
1462888511.0 92 134856.76	993.17	19.21	87.82	226.43	232.78	16.12	101.78	309.89	344.01	709.41	7307.29
1462888512.0 92 134856.76	992.33	19.39	88.13	224.67	230.18	16.12	101.78	309.83	344.01	709.41	7307.29
1462888513.0 92 134856.76	991.90	19.77	89.08	224.67	230.18	15.45	101.78	310.17	285.25	709.41	7307.29
1462888514.0 92 134856.76	991.10	19.39	89.08	228.18	232.78	17.40	101.78	309.83	344.01	709.41	7307.29
1462888515.0 92 134856.76	993.97	19.58	80.38	226.43	230.18	15.93	101.78	310.11	344.01	709.41	7307.29
1462888516.0 92 134856.76	991.93	19.21	88.29	226.43	230.18	16.53	101.78	309.83	285.25	709.41	7307.29
1462888517.0 93 134856.76	992.33	19.39	90.19	224.67	228.89	15.59	101.78	310.00	285.25	709.41	7307.29
1462888518.0 93 134856.76	993.97	19.58	90.03	228.18	232.78	17.30	76.34	309.83	285.25	709.41	7307.29
1462888519.0 93 134856.76	990.70	19.21	90.98	222.92	223.76	18.39	76.34	309.55	285.25	709.41	7307.29
1462888520.0 93 134856.76	991.50	19.58	90.35	228.18	231.48	16.80	76.34	309.83	285.25	709.41	7307.29
1462888521.0 93 134856.76	992.74	19.58	80.38	226.43	238.04	16.18	76.34	310.05	249.72	709.41	7307.29
1462888522.0 93 134856.76	993.57	19.39	90.66	226.43	227.60	14.83	76.34	309.77	285.25	709.41	7307.29
1462888523.0 93 134856.76	991.50	19.58	83.86	233.44	239.37	16.47	76.34	309.89	249.72	709.41	7307.29
1462888523.0 93 134856.76	992.33	19.39	88.29	226.43	228.89	15.73	76.34	309.89	344.01	709.41	7307.29
1462888524.0 93 134856.76	991.10	19.39	81.80	226.43	230.18	14.57	76.34	310.17	249.72	709.41	7307.29
1462888525.0 93 134856.76	992.33	19.39	90.66	231.69	232.78	17.79	76.34	309.66	344.01	709.41	7307.29
1462888526.0 93 134856.76	993.57	19.39	77.85	233.44	232.78	15.23	76.34	310.22	285.25	709.41	7307.29
1462888527.0 93 134856.76	992.33	19.39	89.24	229.93	230.18	16.24	76.34	309.77	344.01	709.41	7307.29
1462888528.0 93 134856.76	991.10	19.39	88.92	228.18	230.18	14.83	152.67	309.89	344.01	709.41	7307.29
1462888529.0 93 134856.76	992.74	19.58	83.54	228.18	230.18	16.42	127.23	310.22	285.25	709.41	7307.29
1462888530.0 93 134856.76	990.70	19.21	87.82	229.93	228.89	15.23	127.23	309.94	344.01	709.41	7307.29
1462888531.0 93 134856.76	993.14	19.77	82.91	229.93	228.89	15.15	127.23	310.11	285.25	709.41	7307.29
1462888532.0 96 134856.76	992.33	19.39	88.92	229.93	226.32	16.24	127.23	309.77	285.25	709.41	7307.29
1462888533.0 96 134856.76	991.10	19.39	88.61	233.44	238.04	16.70	432.57	309.83	285.25	709.41	7307.29
1462888534.0 96 134856.76	993.57	19.39	90.98	226.43	222.49	16.91	407.12	309.55	285.25	709.41	7307.29
1462888535.0 96 134856.76	992.74	19.58	86.23	235.20	234.09	16.42	407.12	310.00	285.25	709.41	7307.29
1462888536.0 96 134856.76	991.50	19.58	87.03	226.43	234.09	17.06	407.12	310.00	249.72	709.41	7307.29
1462888537.0 96 134856.76	992.74	19.58	90.66	231.69	230.18	17.62	381.68	309.66	285.25	709.41	7307.29
1462888538.0 96 134856.76	991.10	19.39	86.23	235.20	236.72	16.05	381.68	310.00	285.25	709.41	7307.29
1462888539.0 96 134856.76	991.50	19.58	82.91	231.69	230.18	16.53	381.68	310.17	344.01	709.41	7307.29
1462888540.0 95 134856.76	993.57	19.39	91.61	224.67	219.96	18.64	356.23	309.38	285.25	709.41	7307.29
1462888541.0 95 134856.76	992.74	19.58	90.35	231.69	231.48	16.53	407.12	309.72	285.25	709.41	7307.29
1462888542.0 95 134856.76	993.14	19.77	84.02	231.69	230.18	15.66	407.12	310.05	285.25	709.41	7307.29
1462888543.0 95 134856.76	994.38	19.77	90.35	235.20	235.40	15.93	381.68	309.77	285.25	709.41	7307.29
1462888544.0 95 134856.76	993.97	19.58	89.40	236.95	234.09	17.71	381.68	309.83	344.01	709.41	7307.29
1462888545.0 95 134856.76	992.33	19.39	90.51	231.69	227.60	16.53	381.68	309.83	285.25	709.41	7307.29
1462888546.0 95 134856.76	993.57	19.39	90.51	235.20	234.09	17.79	356.23	309.66	249.72	709.41	7307.29
1462888547.0 95 134856.76	992.33	19.39	90.51	228.18	225.04	15.73	356.23	309.72	285.25	709.41	7307.29
1462888548.0 95 134856.76	992.33	19.39	89.56	236.95	232.78	15.93	356.23	309.83	344.01	709.41	7307.29
1462888549.0 93 134856.76	992.74	19.58	90.82	229.93	227.60	16.80	356.23	309.66	344.01	709.41	7307.29
1462888550.0 93 134856.76	992.74	19.58	86.71	236.95	236.72	16.42	330.79	309.77	344.01	709.41	7307.29
1462888551.0 93 134856.76	992.74	19.58	85.76	235.20	234.09	16.53	330.79	309.89	285.25	709.41	7307.29
1462888552.0 93 134856.76	992.74	19.58	90.35	229.93	226.32	16.53	330.79	309.66	249.72	709.41	7307.29
1462888553.0 93 134856.76	992.33	19.39	84.49	229.93	227.60	17.06	330.79	309.94	285.25	709.41	7307.29
1462888554.0 93 134856.76	993.57	19.39	89.40	233.44	230.18	16.12	305.34	309.83	285.25	709.41	7307.29
1462888555.0 93 134856.76	992.33	19.39	80.22	236.95	235.40	17.21	305.34	310.00	285.25	709.41	7307.29
1462888556.0 93 134856.76	992.33	19.39	90.66	233.44	227.60	17.49	305.34	310.00	344.01	709.41	7307.29
1462888557.0 93 134856.76	992.74	19.58	76.42	229.93	225.04	16.64	279.90	309.94	249.72	709.41	7307.29
1462888558.0 93 134856.76	991.10	19.39	90.82	229.93	226.32	16.70	279.90	309.60	249.72	709.41	7307.29
1462888559.0 93 134856.76	993.57	19.39	88.13	231.69	227.60	16.80	279.90	309.94	285.25	709.41	7307.29
1462888560.0 93 134856.76	993.57	19.39	90.35	236.95	234.09	17.40	279.90	309.77	285.25	709.41	7307.29
1462888561.0 93 134856.76	993.57	19.39	69.78	236.95	239.37	17.16	279.90	310.00	285.25	709.41	7307.29
1462888562.0 93 134856.76	993.97	19.58	90.51	233.44	227.60	16.91	254.45	309.83	344.01	709.41	7307.29
1462888563.0 93 134856.76	992.74	19.58	90.66	236.95	231.48	18.27	254.45	309.72	344.01	709.41	7307.29
1462888564.0 93 134856.76	993.97	19.58	90.66	229.93	225.04	16.12	254.45	309.66	249.72	709.41	7307.29
1462888565.0 93 134856.76	991.90	19.77	90.66	236.95	230.18	17.06	254.45	309.66	285.25	709.41	7307.29
1462888566.0 92 134856.76	992.74	19.58	90.66	235.20	228.89	16.53	254.45	309.72	285.25	709.41	7307.29
1462888567.0 92 134856.76	992.74	19.58	86.55	236.95	236.72	18.39	229.01	309.94	285.25	709.41	7307.29
1462888568.0 92 134856.76	993.97	19.58	87.50	233.44	228.89	16.70	229.01	309.89	344.01	709.41	7307.29
1462888569.0 92 134856.76	992.33	19.39	90.66	233.44	227.60	18.12	229.01	309.77	249.72	709.41	7307.29
1462888570.0 92 134856.76	992.74	19.58	69.30	235.20	230.18	15.23	229.01	310.11	285.25	709.41	7307.29
1462888571.0 92 134856.76	991.93	19.21	87.82	235.20	230.18	16.24	229.01	309.89	344.01	709.41	7307.29
1462888572.0 92 134856.76	993.17	19.21	87.34	233.44	232.78	17.92	203.56	310.05	285.25	709.41	7307.29
1462888573.0 92 134856.76	991.50	19.58	89.24	235.20	230.18	16.70	203.56	309.83	285.25	709.41	7307.29
1462888574.0 92 134856.76	992.33	19.39	89.24	233.44	230.18	16.80	203.56	309.83	249.72	709.41	7307.29
1462888575.0 92 134856.76	992.74	19.58	89.08	233.44	228.89	16.24	229.01	309.77	285.25	709.41	7307.29
1462888576.0 92 134856.76	992.74	19.58	87.82	231.69	232.78	16.70	229.01	309.94	249.72	709.41	7307.29
1462888577.0 92 134856.76	992.33	19.39	90.51	235.20	228.89	14.57	203.56	309.77	285.25	709.41	7307.29
1462888578.0 92 134856.76	992.33	19.39	88.61	238.70	235.40	18.64	203.56	309.72	249.72	709.41	7307.29
1462888579.0 92 134856.76	993.57	19.39	81.17	231.69	227.60	16.80	203.56	309.83	285.25	709.41	7307.29
1462888580.0 92 134856.76	991.93	19.21	80.85	238.70	234.09	16.24	203.56	309.83	285.25	709.41	7307.29
1462888581.0 92 134856.76	992.33	19.39	90.66	229.93	225.04	17.30	203.56	309.77	285.25	709.41	7307.29
1462888582.0 92 134856.76	992.74	19.58	88.92	235.20	231.48	16.64	203.56	309.83	285.25	709.41	7307.29
1462888583.0 93 134856.76	992.33	19.39	90.51	233.44	227.60	17.01	178.12	309.72	285.25	709.41	7307.29
1462888584.0 93 134856.76	992.33	19.39	90.66	236.95	232.78	17.92	178.12	309.72	285.25	709.41	7307.29
1462888584.0 93 134856.76	992.33	19.39	90.98	229.93	223.76	17.92	178.12	309.55	285.25	709.41	7307.29
1462888585.0 93 134856.76	993.97	19.58	83.54	235.20	230.18	15.80	178.12	309.83	285.25	709.41	7307.29
1462888586.0 93 134856.76	992.33	19.39	83.07	235.20	232.78	16.80	178.12	310.17	344.01	709.41	7307.29
1462888587.0 93 134856.76	991.93	19.21	88.13	236.95	230.18	16.96	178.12	309.89	285.25	709.41	7307.29
1462888588.0 93 134856.76	990.70	19.21	89.72	236.95	232.78	17.16	152.67	309.83	285.25	709.41	7307.29
1462888589.0 93 134856.76	992.74	19.58	88.13	233.44	231.48	16.80	152.67	310.11	473.68	709.41	7307.29
1462888590.0 93 134856.76	992.33	19.39	80.85	236.95	231.48	16.42	178.12	310.17	285.25	709.41	7307.29
1462888591.0 93 134856.76	991.93	19.21	90.82	231.69	226.32	18.70	229.01	309.66	249.72	709.41	7307.29
1462888592.0 93 134856.76	991.10	19.39	90.35	235.20	228.89	17.53	229.01	309.83	285.25	709.41	7307.29
1462888593.0 93 134856.76	991.93	19.21	90.51	233.44	227.60	15.45	229.01	309.77	285.25	709.41	7307.29
1462888594.0 93 134856.76	993.97	19.58	85.60	243.97	239.37	16.70	229.01	310.00	344.01	709.41	7307.29
1462888595.0 93 134856.76	992.33	19.39	89.40	233.44	228.89	17.30	279.90	309.83	285.25	709.41	7307.29
1462888596.0 93 134856.76	993.17	19.21	89.24	238.70	231.48	16.64	279.90	309.83	285.25	709.41	7307.29
1462888597.0 93 134856.76	992.77	19.02	89.87	235.20	230.18	17.35	279.90	309.83	285.25	709.41	7307.29
1462888598.0 94 134856.76	992.33	19.39	90.51	233.44	228.89	16.80	254.45	309.77	285.25	709.41	7307.29
1462888599.0 94 134856.76	993.17	19.21	83.70	235.20	228.89	16.36	254.45	310.11	344.01	709.41	7307.29
1462888600.0 94 134856.76	992.74	19.58	89.72	236.95	231.48	16.36	254.45	309.83	285.25	709.41	7307.29
1462888601.0 94 134856.76	992.33	19.39	80.85	238.70	232.78	15.80	254.45	310.17	344.01	709.41	7307.29
1462888602.0 94 134856.76	991.10	19.39	76.74	238.70	228.89	15.45	254.45	309.77	285.25	709.41	7307.29
1462888603.0 94 134856.76	991.53	19.02	84.18	242.21	240.70	17.44	229.01	309.94	344.01	709.41	7307.29
1462888604.0 94 134856.76	990.70	19.21	86.08	235.20	228.89	16.70	229.01	309.89	285.25	709.41	7307.29
1462888605.0 94 134856.76	991.10	19.39	79.91	245.72	239.37	15.23	229.01	309.94	249.72	709.41	7307.29
1462888606.0 94 134856.76	990.29	19.02	88.13	235.20	227.60	15.80	229.01	309.89	344.01	709.41	7307.29
1462888607.0 93 134856.76	993.17	19.21	83.23	242.21	242.03	16.80	279.90	310.11	0.00	709.41	7307.29
1462888608.0 93 134856.76	992.74	19.58	83.39	236.95	228.89	16.12	330.79	309.77	344.01	709.41	7307.29
1462888609.0 93 134856.76	990.70	19.21	84.81	238.70	232.78	15.23	330.79	310.00	285.25	709.41	7307.29
1462888610.0 93 134856.76	991.10	19.39	82.12	236.95	228.89	15.37	330.79	310.11	344.01	709.41	7307.29
1462888611.0 93 134856.76	991.93	19.21	88.92	238.70	231.48	15.59	305.34	309.89	285.25	709.41	7307.29
1462888612.0 93 134856.76	990.70	19.21	82.75	240.46	239.37	15.23	305.34	310.17	473.68	709.41	7307.29
1462888613.0 93 134856.76	990.70	19.21	88.13	236.95	231.48	15.59	305.34	309.89	285.25	709.41	7307.29
1462888614.0 93 134856.76	990.70	19.21	86.23	242.21	235.40	17.21	330.79	309.89	285.25	709.41	7307.29
1462888615.0 93 134856.76	991.10	19.39	91.14	233.44	222.49	17.84	330.79	309.55	285.25	709.41	7307.29
1462888616.0 93 134856.76	991.93	19.21	88.29	235.20	228.89	17.71	330.79	309.89	285.25	709.41	7307.29
1462888617.0 93 134856.76	991.10	19.39	90.03	236.95	228.89	16.12	330.79	309.77	473.68	709.41	7307.29
1462888618.0 93 134856.76	990.70	19.21	80.85	245.72	243.37	17.44	356.23	310.11	285.25	709.41	7307.29
1462888619.0 93 134856.76	990.70	19.21	89.87	236.95	228.89	15.45	407.12	309.83	344.01	709.41	7307.29
1462888620.0 93 134856.76	990.70	19.21	89.24	240.46	236.72	16.91	407.12	309.83	285.25	709.41	7307.29
1462888621.0 93 134856.76	990.70	19.21	88.77	238.70	228.89	15.80	381.68	309.94	285.25	709.41	7307.29
1462888622.0 93 134856.76	991.50	19.58	89.08	238.70	231.48	16.42	381.68	309.83	344.01	709.41	7307.29
1462888623.0 93 134856.76	991.10	19.39	80.22	236.95	230.18	15.59	381.68	309.89	285.25	709.41	7307.29
1462888624.0 92 134856.76	990.70	19.21	87.82	242.21	236.72	17.40	407.12	309.83	344.01	709.41	7307.29
1462888625.0 92 134856.76	991.10	19.39	90.35	235.20	227.60	16.80	458.02	309.83	344.01	709.41	7307.29
1462888626.0 92 134856.76	989.46	19.21	89.72	236.95	230.18	16.80	432.57	309.83	285.25	709.41	7307.29
1462888627.0 92 134856.76	991.10	19.39	82.75	236.95	230.18	16.12	432.57	310.11	344.01	709.41	7307.29
1462888628.0 92 134856.76	990.70	19.21	87.03	243.97	231.48	15.99	432.57	309.89	285.25	709.41	7307.29
1462888629.0 92 134856.76	991.10	19.39	78.16	243.97	239.37	15.73	407.12	310.11	285.25	709.41	7307.29
1462888630.0 92 134856.76	991.10	19.39	89.24	238.70	230.18	16.12	407.12	310.05	344.01	709.41	7307.29
1462888631.0 92 134856.76	991.10	19.39	87.82	242.21	236.72	17.06	407.12	309.77	225.21	709.41	7307.29
1462888632.0 91 134856.76	990.70	19.21	90.82	235.20	226.32	16.96	381.68	309.77	344.01	709.41	7307.29
1462888633.0 91 134856.76	990.70	19.21	84.49	236.95	235.40	16.30	381.68	310.11	249.72	709.41	7307.29
1462888634.0 91 134856.76	991.50	19.58	89.72	236.95	230.18	15.07	381.68	309.83	344.01	709.41	7307.29
1462888635.0 91 134856.76	989.86	19.39	83.70	245.72	240.70	16.12	356.23	309.94	249.72	709.41	7307.29
1462888636.0 91 134856.76	990.70	19.21	79.91	235.20	227.60	15.37	407.12	309.83	344.01	709.41	7307.29
1462888637.0 91 134856.76	992.33	19.39	90.82	238.70	230.18	16.42	407.12	309.66	285.25	709.41	7307.29
1462888638.0 91 134856.76	990.70	19.21	86.55	235.20	228.89	15.23	381.68	309.94	473.68	709.41	7307.29
1462888639.0 91 134856.76	990.70	19.21	89.08	236.95	230.18	16.24	381.68	309.83	473.68	709.41	7307.29
1462888640.0 91 134856.76	990.70	19.21	78.01	238.70	234.09	15.52	381.68	309.83	285.25	709.41	7307.29
1462888641.0 91 134856.76	990.70	19.21	86.55	240.46	234.09	16.30	432.57	309.89	344.01	709.41	7307.29
1462888642.0 91 134856.76	990.70	19.21	84.97	238.70	232.78	15.59	432.57	310.00	285.25	709.41	7307.29
1462888643.0 91 134856.76	990.70	19.21	89.72	235.20	230.18	15.80	432.57	309.77	285.25	709.41	7307.29
1462888644.0 91 134856.76	991.93	19.21	85.76	238.70	235.40	15.93	407.12	309.94	344.01	709.41	7307.29
1462888644.0 91 134856.76	990.70	19.21	83.39	236.95	230.18	15.07	407.12	310.17	473.68	709.41	7307.29
1462888645.0 91 134856.76	991.93	19.21	89.87	242.21	242.03	16.70	407.12	309.72	285.25	709.41	7307.29
1462888646.0 91 134856.76	990.70	19.21	80.85	235.20	228.89	13.90	381.68	310.22	344.01	709.41	7307.29
1462888647.0 91 134856.76	992.33	19.39	90.51	238.70	232.78	15.45	381.68	309.77	285.25	709.41	7307.29
1462888648.0 92 134856.76	992.33	19.39	90.35	233.44	228.89	16.53	381.68	309.83	285.25	709.41	7307.29
1462888649.0 92 134856.76	989.86	19.39	87.03	238.70	234.09	15.23	356.23	309.83	285.25	709.41	7307.29
1462888650.0 92 134856.76	990.70	19.21	81.80	235.20	230.18	14.57	356.23	310.17	473.68	709.41	7307.29
1462888651.0 92 134856.76	991.93	19.21	85.76	238.70	236.72	15.93	356.23	309.94	285.25	709.41	7307.29
1462888652.0 92 134856.76	990.70	19.21	87.34	235.20	228.89	15.59	356.23	309.94	285.25	709.41	7307.29
1462888653.0 92 134856.76	991.93	19.21	89.08	235.20	230.18	16.24	330.79	309.83	344.01	709.41	7307.29
1462888654.0 92 134856.76	991.93	19.21	87.82	238.70	234.09	16.36	330.79	309.89	344.01	709.41	7307.29
1462888655.0 92 134856.76	990.70	19.21	81.80	233.44	230.18	13.46	330.79	310.17	344.01	709.41	7307.29
1462888656.0 92 134856.76	990.29	19.02	87.03	235.20	230.18	15.07	305.34	309.89	344.01	709.41	7307.29
1462888657.0 93 134856.76	991.93	19.21	89.72	236.95	232.78	15.45	305.34	309.83	344.01	709.41	7307.29
1462888658.0 93 134856.76	990.70	19.21	87.82	233.44	228.89	15.23	305.34	309.94	0.00	709.41	7307.29
1462888659.0 93 134856.76	993.57	19.39	91.30	226.43	221.22	16.42	305.34	309.49	285.25	709.41	7307.29
1462888660.0 93 134856.76	993.17	19.21	85.76	236.95	235.40	15.59	279.90	310.05	473.68	709.41	7307.29
1462888661.0 93 134856.76	991.50	19.58	80.22	231.69	230.18	13.35	279.90	310.22	344.01	709.41	7307.29
1462888662.0 93 134856.76	991.10	19.39	90.66	236.95	231.48	15.80	279.90	309.72	344.01	709.41	7307.29
1462888663.0 93 134856.76	993.17	19.21	79.75	231.69	232.78	15.37	279.90	310.11	285.25	709.41	7307.29
1462888664.0 93 134856.76	991.10	19.39	90.51	233.44	230.18	16.12	279.90	309.89	285.25	709.41	7307.29
1462888665.0 95 134856.76	992.33	19.39	88.77	235.20	234.09	16.42	254.45	309.83	285.25	709.41	7307.29
1462888666.0 95 134856.76	990.70	19.21	87.18	231.69	235.40	15.37	254.45	309.83	285.25	709.41	7307.29
1462888667.0 95 134856.76	993.17	19.21	90.82	224.67	223.76	17.26	254.45	309.66	285.25	709.41	7307.29
1462888668.0 95 134856.76	990.70	19.21	89.08	233.44	235.40	15.45	254.45	309.83	344.01	709.41	7307.29
1462888669.0 95 134856.76	991.93	19.21	88.45	228.18	228.89	15.07	229.01	309.89	344.01	709.41	7307.29
1462888670.0 95 134856.76	993.17	19.21	89.40	229.93	228.89	13.69	229.01	309.83	473.68	709.41	7307.29
1462888671.0 95 134856.76	993.17	19.21	84.97	233.44	235.40	16.36	229.01	310.05	344.01	709.41	7307.29
1462888672.0 95 134856.76	991.53	19.02	85.92	229.93	230.18	14.99	229.01	310.17	473.68	709.41	7307.29
1462888673.0 94 134856.76	991.93	19.21	90.19	228.18	228.89	14.20	229.01	309.77	473.68	709.41	7307.29
1462888674.0 94 134856.76	993.97	19.58	82.28	228.18	231.48	16.70	305.34	309.77	344.01	709.41	7307.29
1462888675.0 94 134856.76	991.93	19.21	86.55	231.69	235.40	14.83	305.34	309.89	344.01	709.41	7307.29
1462888676.0 94 134856.76	992.33	19.39	85.44	229.93	230.18	15.23	305.34	309.94	473.68	709.41	7307.29
1462888677.0 94 134856.76	991.93	19.21	88.61	231.69	234.09	16.53	305.34	309.83	285.25	709.41	7307.29
1462888678.0 94 134856.76	991.10	19.39	84.18	229.93	232.78	15.59	279.90	310.00	344.01	709.41	7307.29
1462888679.0 94 134856.76	991.10	19.39	88.92	229.93	230.18	15.73	279.90	309.83	344.01	709.41	7307.29
1462888680.0 94 134856.76	991.93	19.21	87.34	228.18	230.18	15.37	279.90	309.89	344.01	709.41	7307.29
1462888681.0 94 134856.76	991.10	19.39	89.40	229.93	230.18	14.83	279.90	310.05	0.00	709.41	7307.29
1462888682.0 93 134856.76	990.70	19.21	89.87	229.93	231.48	16.12	254.45	309.77	285.25	709.41	7307.29
1462888683.0 93 134856.76	992.33	19.39	88.45	229.93	231.48	16.80	356.23	309.77	285.25	709.41	7307.29
1462888684.0 93 134856.76	990.29	19.02	86.08	233.44	234.09	15.45	356.23	309.89	285.25	709.41	7307.29
1462888685.0 93 134856.76	992.74	19.58	85.28	229.93	232.78	14.10	330.79	309.89	473.68	709.41	7307.29
1462888686.0 93 134856.76	990.70	19.21	88.29	229.93	232.78	16.59	330.79	309.83	285.25	709.41	7307.29
1462888687.0 93 134856.76	993.17	19.21	83.54	229.93	234.09	15.23	330.79	310.05	0.00	709.41	7307.29
1462888688.0 93 134856.76	993.57	19.39	88.61	228.18	230.18	14.57	330.79	309.83	344.01	709.41	7307.29
1462888689.0 93 134856.76	990.70	19.21	76.90	228.18	230.18	15.73	305.34	309.89	344.01	709.41	7307.29
1462888690.0 93 134856.76	991.93	19.21	86.39	228.18	232.78	15.59	305.34	310.22	473.68	709.41	7307.29
1462888691.0 92 134856.76	991.93	19.21	88.13	226.43	227.60	14.39	305.34	309.83	344.01	709.41	7307.29
1462888692.0 92 134856.76	991.93	19.21	90.35	229.93	230.18	15.59	305.34	309.77	344.01	709.41	7307.29
1462888693.0 92 134856.76	991.10	19.39	90.98	226.43	225.04	17.40	279.90	309.60	285.25	709.41	7307.29
1462888694.0 92 134856.76	990.70	19.21	88.45	228.18	230.18	14.10	279.90	310.05	473.68	709.41	7307.29
1462888695.0 92 134856.76	993.57	19.39	85.28	233.44	236.72	15.86	279.90	309.89	344.01	709.41	7307.29
1462888696.0 92 134856.76	990.70	19.21	80.06	228.18	230.18	14.91	279.90	310.22	285.25	709.41	7307.29
1462888697.0 92 134856.76	991.93	19.21	90.51	229.93	232.78	15.86	254.45	309.77	285.25	709.41	7307.29
1462888698.0 92 134856.76	990.70	19.21	80.22	229.93	238.04	15.07	254.45	310.00	285.25	709.41	7307.29
1462888699.0 93 134856.76	991.93	19.21	87.97	229.93	234.09	15.59	254.45	309.89	285.25	709.41	7307.29
1462888700.0 93 134856.76	991.93	19.21	82.75	228.18	230.18	14.91	254.45	310.11	344.01	709.41	7307.29
1462888701.0 93 134856.76	990.70	19.21	90.35	226.43	227.60	15.93	254.45	309.77	285.25	709.41	7307.29
1462888702.0 93 134856.76	992.33	19.39	84.18	224.67	234.09	13.23	229.01	310.05	344.01	709.41	7307.29
1462888703.0 93 134856.76	992.33	19.39	89.56	228.18	231.48	16.47	229.01	309.77	285.25	709.41	7307.29
1462888704.0 93 134856.76	992.33	19.39	87.50	229.93	235.40	16.36	229.01	309.89	285.25	709.41	7307.29
1462888705.0 93 134856.76	991.50	19.58	82.59	226.43	230.18	15.07	229.01	310.22	473.68	709.41	7307.29
1462888705.0 93 134856.76	991.10	19.39	87.97	228.18	232.78	14.74	229.01	309.89	344.01	709.41	7307.29
1462888706.0 93 134856.76	990.70	19.21	82.44	226.43	230.18	14.66	203.56	310.11	344.01	709.41	7307.29
1462888707.0 86 134856.76	990.70	19.21	87.82	226.43	228.89	15.52	203.56	309.83	344.01	709.41	7307.29
1462888708.0 86 134856.76	991.10	19.39	89.56	226.43	230.18	13.90	203.56	309.77	285.25	709.41	7307.29
1462888709.0 86 134856.76	991.10	19.39	83.39	229.93	238.04	16.12	203.56	309.94	285.25	709.41	7307.29
1462888710.0 86 134856.76	990.70	19.21	78.96	228.18	230.18	14.91	254.45	310.28	344.01	709.41	7307.29
1462888711.0 86 134856.76	990.70	19.21	89.72	228.18	234.09	15.45	229.01	309.77	285.25	709.41	7307.29
1462888712.0 86 134856.76	991.10	19.39	79.59	228.18	236.72	14.39	229.01	310.00	285.25	709.41	7307.29
1462888713.0 86 134856.76	991.93	19.21	85.44	228.18	228.89	14.83	229.01	309.89	285.25	709.41	7307.29
1462888714.0 86 134856.76	990.70	19.21	88.92	231.69	234.09	17.40	229.01	309.72	249.72	709.41	7307.29
1462888715.0 87 134856.76	991.10	19.39	88.13	229.93	235.40	15.93	229.01	309.77	344.01	709.41	7307.29
1462888716.0 87 134856.76	991.10	19.39	81.33	226.43	228.89	14.91	203.56	310.11	344.01	709.41	7307.29
1462888717.0 87 134856.76	991.10	19.39	90.51	228.18	232.78	16.42	203.56	309.77	285.25	709.41	7307.29
1462888718.0 87 134856.76	991.10	19.39	84.65	229.93	232.78	12.98	305.34	310.05	473.68	709.41	7307.29
1462888719.0 87 134856.76	990.70	19.21	72.63	228.18	230.18	15.93	305.34	309.77	285.25	709.41	7307.29
1462888720.0 87 134856.76	991.10	19.39	88.61	226.43	230.18	15.59	279.90	309.83	344.01	709.41	7307.29
1462888721.0 87 134856.76	991.10	19.39	81.96	228.18	231.48	13.23	279.90	310.22	344.01	709.41	7307.29
1462888722.0 87 134856.76	991.93	19.21	86.71	228.18	231.48	14.66	279.90	309.89	344.01	709.41	7307.29
1462888723.0 92 134856.76	990.70	19.21	90.98	222.92	223.76	15.80	279.90	309.60	344.01	709.41	7307.29
1462888724.0 92 134856.76	990.70	19.21	90.51	235.20	232.78	16.42	305.34	309.66	344.01	709.41	7307.29
1462888725.0 92 134856.76	991.93	19.21	81.65	228.18	230.18	15.23	305.34	310.11	344.01	709.41	7307.29
1462888726.0 92 134856.76	991.53	19.02	87.50	229.93	231.48	14.57	305.34	309.94	344.01	709.41	7307.29
1462888727.0 92 134856.76	991.10	19.39	88.29	228.18	230.18	13.58	305.34	309.83	285.25	709.41	7307.29
1462888728.0 92 134856.76	991.10	19.39	84.97	226.43	230.18	14.74	279.90	310.17	344.01	709.41	7307.29
1462888729.0 92 134856.76	992.33	19.39	88.77	229.93	235.40	16.12	279.90	309.83	344.01	709.41	7307.29
1462888730.0 92 134856.76	990.70	19.21	82.44	228.18	230.18	14.39	279.90	310.05	285.25	709.41	7307.29
1462888731.0 92 134856.76	990.29	19.02	90.66	226.43	226.32	16.24	279.90	309.60	344.01	709.41	7307.29
1462888732.0 92 134856.76	990.70	19.21	87.18	229.93	232.78	14.66	356.23	310.11	344.01	709.41	7307.29
1462888733.0 92 134856.76	990.70	19.21	89.87	233.44	232.78	15.80	356.23	309.83	344.01	709.41	7307.29
1462888734.0 92 134856.76	990.70	19.21	89.72	228.18	230.18	15.07	356.23	309.83	285.25	709.41	7307.29
1462888735.0 92 134856.76	991.10	19.39	87.50	233.44	236.72	14.48	381.68	309.94	344.01	709.41	7307.29
1462888736.0 92 134856.76	991.10	19.39	84.81	233.44	238.04	15.45	381.68	310.00	285.25	709.41	7307.29
1462888737.0 92 134856.76	990.70	19.21	90.51	226.43	227.60	14.10	381.68	309.77	285.25	709.41	7307.29
1462888738.0 92 134856.76	991.10	19.39	87.66	233.44	239.37	14.83	356.23	309.83	344.01	709.41	7307.29
1462888739.0 92 134856.76	990.70	19.21	88.45	226.43	227.60	14.48	356.23	309.89	344.01	709.41	7307.29
1462888740.0 92 134856.76	991.10	19.39	75.79	228.18	239.37	14.00	356.23	310.17	285.25	709.41	7307.29
1462888741.0 92 134856.76	990.29	19.02	87.03	229.93	230.18	13.79	407.12	309.89	285.25	709.41	7307.29
1462888742.0 92 134856.76	989.46	19.21	83.39	231.69	238.04	15.73	407.12	309.89	285.25	709.41	7307.29
1462888743.0 92 134856.76	991.10	19.39	71.84	231.69	238.04	13.35	458.02	310.56	344.01	709.41	7307.29
1462888744.0 92 134856.76	990.70	19.21	90.66	228.18	227.60	15.59	432.57	309.72	344.01	709.41	7307.29
1462888745.0 92 134856.76	990.70	19.21	82.75	229.93	232.78	14.10	432.57	310.17	344.01	709.41	7307.29
1462888746.0 92 134856.76	990.70	19.21	86.08	231.69	234.09	14.20	432.57	309.89	285.25	709.41	7307.29
1462888747.0 92 134856.76	990.70	19.21	81.01	233.44	236.72	14.57	407.12	309.94	344.01	709.41	7307.29
1462888748.0 93 134856.76	991.93	19.21	86.71	229.93	231.48	15.45	407.12	310.00	0.00	709.41	7307.29
1462888749.0 93 134856.76	990.70	19.21	80.85	228.18	228.89	14.39	407.12	310.11	285.25	709.41	7307.29
1462888750.0 93 134856.76	990.29	19.02	88.13	229.93	231.48	15.73	381.68	309.66	344.01	709.41	7307.29
1462888751.0 93 134856.76	992.33	19.39	84.34	231.69	232.78	14.74	432.57	309.94	285.25	709.41	7307.29
1462888752.0 93 134856.76	991.53	19.02	88.61	228.18	230.18	14.66	407.12	310.11	344.01	709.41	7307.29
1462888753.0 93 134856.76	990.70	19.21	88.77	231.69	232.78	15.23	407.12	309.83	344.01	709.41	7307.29
1462888754.0 93 134856.76	990.70	19.21	82.59	229.93	230.18	13.11	407.12	310.11	473.68	709.41	7307.29
1462888755.0 93 134856.76	990.29	19.02	88.92	228.18	231.48	14.66	381.68	309.83	285.25	709.41	7307.29
1462888756.0 93 134856.76	990.70	19.21	79.75	231.69	239.37	14.39	381.68	310.05	473.68	709.41	7307.29
1462888757.0 90 134856.76	990.70	19.21	86.71	229.93	232.78	14.66	432.57	309.89	344.01	709.41	7307.29
1462888758.0 90 134856.76	991.10	19.39	81.49	228.18	228.89	14.00	458.02	310.05	344.01	709.41	7307.29
1462888759.0 90 134856.76	990.70	19.21	89.24	229.93	232.78	15.59	458.02	309.83	285.25	709.41	7307.29
1462888760.0 90 134856.76	990.70	19.21	79.43	229.93	239.37	15.37	559.80	310.00	285.25	709.41	7307.29
1462888761.0 90 134856.76	991.10	19.39	90.51	228.18	230.18	15.37	559.80	309.77	473.68	709.41	7307.29
1462888762.0 90 134856.76	991.10	19.39	86.23	233.44	239.37	14.20	534.35	309.89	344.01	709.41	7307.29
1462888763.0 90 134856.76	990.29	19.02	90.66	226.43	230.18	17.79	534.35	309.66	285.25	709.41	7307.29
1462888764.0 90 134856.76	991.50	19.58	89.56	231.69	234.09	14.99	508.91	309.77	285.25	709.41	7307.29
1462888765.0 89 134856.76	991.10	19.39	91.46	221.16	219.96	16.36	508.91	309.32	285.25	709.41	7307.29
1462888765.0 89 134856.76	990.70	19.21	84.97	231.69	236.72	15.59	610.69	309.94	285.25	709.41	7307.29
1462888766.0 89 134856.76	990.70	19.21	87.50	228.18	226.32	13.90	610.69	309.89	344.01	709.41	7307.29
1462888767.0 89 134856.76	991.10	19.39	90.35	228.18	230.18	16.12	585.24	309.77	285.25	709.41	7307.29
1462888768.0 89 134856.76	989.46	19.21	80.85	228.18	230.18	13.69	585.24	310.11	344.01	709.41	7307.29
1462888769.0 89 134856.76	991.10	19.39	88.29	229.93	230.18	13.23	559.80	309.89	473.68	709.41	7307.29
1462888770.0 89 134856.76	990.70	19.21	86.87	229.93	234.09	16.24	559.80	310.05	344.01	709.41	7307.29
1462888771.0 89 134856.76	990.70	19.21	87.34	229.93	230.18	15.07	534.35	309.83	344.01	709.41	7307.29
1462888772.0 89 134856.76	990.70	19.21	85.28	233.44	235.40	16.24	534.35	309.89	249.72	709.41	7307.29
1462888773.0 87 134856.76	992.74	19.58	90.03	229.93	230.18	14.10	534.35	309.83	344.01	709.41	7307.29
1462888774.0 87 134856.76	991.10	19.39	84.02	226.43	235.40	15.86	508.91	310.17	285.25	709.41	7307.29
1462888775.0 87 134856.76	991.50	19.58	89.72	228.18	228.89	16.12	508.91	309.83	344.01	709.41	7307.29
1462888776.0 87 134856.76	991.10	19.39	84.97	233.44	239.37	15.80	483.46	309.89	344.01	709.41	7307.29
1462888777.0 87 134856.76	990.70	19.21	89.56	228.18	227.60	15.07	483.46	309.89	344.01	709.41	7307.29
1462888778.0 87 134856.76	991.50	19.58	89.08	233.44	234.09	15.80	483.46	309.83	344.01	709.41	7307.29
1462888779.0 87 134856.76	989.06	19.02	84.02	231.69	232.78	15.23	458.02	310.05	344.01	709.41	7307.29
1462888780.0 87 134856.76	990.70	19.21	88.45	229.93	230.18	14.48	458.02	309.83	344.01	709.41	7307.29
1462888781.0 85 134856.76	989.46	19.21	90.98	226.43	223.76	16.42	432.57	309.66	344.01	709.41	7307.29
1462888782.0 85 134856.76	991.10	19.39	84.65	233.44	238.04	15.07	585.24	309.89	344.01	709.41	7307.29
1462888783.0 85 134856.76	990.70	19.21	89.56	229.93	226.32	14.57	559.80	309.77	344.01	709.41	7307.29
1462888784.0 85 134856.76	990.70	19.21	84.18	236.95	238.04	15.07	687.02	310.05	344.01	709.41	7307.29
1462888785.0 85 134856.76	989.86	19.39	72.47	229.93	240.70	15.15	814.25	310.68	344.01	709.41	7307.29
1462888786.0 85 134856.76	991.10	19.39	88.77	231.69	230.18	14.83	788.80	309.89	473.68	709.41	7307.29
1462888787.0 85 134856.76	991.50	19.58	85.60	235.20	235.40	15.99	788.80	309.94	473.68	709.41	7307.29
1462888788.0 85 134856.76	991.10	19.39	83.23	229.93	231.48	14.99	763.36	310.22	473.68	709.41	7307.29
1462888789.0 85 134856.76	990.29	19.02	89.72	235.20	239.37	14.99	737.91	309.77	285.25	709.41	7307.29
1462888790.0 84 134856.76	991.50	19.58	86.39	229.93	231.48	14.83	788.80	309.94	344.01	709.41	7307.29
1462888791.0 84 134856.76	990.70	19.21	90.35	229.93	228.89	13.23	814.25	309.72	285.25	709.41	7307.29
1462888792.0 84 134856.76	991.10	19.39	81.96	229.93	230.18	15.59	788.80	310.11	344.01	709.41	7307.29
1462888793.0 84 134856.76	990.70	19.21	83.39	231.69	230.18	14.57	763.36	310.22	344.01	709.41	7307.29
1462888794.0 84 134856.76	991.10	19.39	89.72	235.20	239.37	15.23	763.36	309.77	344.01	709.41	7307.29
1462888795.0 84 134856.76	990.26	19.58	78.32	229.93	230.18	11.98	737.91	310.17	285.25	709.41	7307.29
1462888796.0 84 134856.76	991.10	19.39	90.35	231.69	231.48	16.05	737.91	309.72	344.01	709.41	7307.29
1462888797.0 84 134856.76	990.26	19.58	87.82	231.69	234.09	15.80	712.47	309.83	285.25	709.41	7307.29
1462888798.0 84 134856.76	990.70	19.21	90.51	229.93	227.60	14.83	712.47	309.77	285.25	709.41	7307.29
1462888799.0 83 134856.76	990.70	19.21	81.01	229.93	226.32	15.15	687.02	310.00	285.25	709.41	7307.29
1462888800.0 83 134856.76	991.10	19.39	90.35	233.44	232.78	15.52	687.02	309.83	344.01	709.41	7307.29
