# Name = UIS1
# Version = 1.0
# Location = Universidad Industrial de Santander
# Sensors = Presion, Temperatura, Humedad, Irradiancia, Iluminancia, Ruido, LLuvia, CO2, NO2, Latitud, Longitud, Nubosidad
# Power = Red
# GPS = si
# Time Zone = UTC-5
# Data = UTCtime GPStime Presion Temperatura Humedad Irradiancia Iluminancia  Ruido Lluvia CO2 NO2 Latitud Longitud Nubosidad 
1469336401.0 100 105538.13	998.97	18.46	-24.84	0.00	227.60	0.68	-666.00	309.66	0.00	708.34	7307.27
1469336401.0 100 105538.13	998.57	18.27	-24.84	0.00	231.48	-0.00	-666.00	309.72	0.00	708.34	7307.27
1469336402.0 100 105538.13	1000.21	18.46	-25.00	0.00	235.40	-2.33	-666.00	310.05	0.00	708.34	7307.27
1469336403.0 100 105538.13	998.57	18.27	-24.68	0.00	235.40	-0.00	-666.00	310.05	0.00	708.34	7307.27
1469336404.0 100 105538.13	999.80	18.27	-25.00	0.00	231.48	0.68	-666.00	310.05	0.00	708.34	7307.27
1469336404.0 100 105538.13	998.97	18.46	-24.84	0.00	228.89	-2.33	-666.00	309.66	0.00	708.34	7307.27
1469336405.0 100 105538.13	998.57	18.27	-24.68	0.00	227.60	-0.00	-666.00	309.77	0.00	708.34	7307.27
1469336406.0 100 105538.13	998.57	18.27	-24.84	0.00	230.18	-2.33	-666.00	309.72	0.00	708.34	7307.27
1469336407.0 100 105538.13	998.57	18.27	-25.00	0.00	228.89	-0.00	-666.00	309.83	0.00	708.34	7307.27
1469336407.0 100 105538.13	1000.21	18.46	-24.68	0.00	227.60	-0.00	-666.00	309.72	0.00	708.34	7307.27
1469336408.0 100 105538.13	999.80	18.27	-25.00	0.00	228.89	-0.00	-666.00	309.83	0.00	708.34	7307.27
